Eigvals	42
3.225634766533916	2.2183672555142064	1.5667675298666799	1.099562776287802	0.8773667100121723	0.6969128854036033	0.5705102556371902	0.5005265527429127	0.4802216608341548	0.4347905316053818	0.3825481194600694	0.327801599518182	0.2953254431044477	0.23077593706702104	0.20238930555702744	0.17362350449467084	0.16242191433913022	0.144300856768046	0.13800378213416487	0.11519513548955505	0.1036292795011952	0.07507007378654755	0.06578537385961723	0.05822647163942153	0.04880805124879299	0.03935317096928055	0.022593723096905355	0.017842252495222144	0.013649268671832415	0.00449397519522049	0.0009098158657237648	0.0	0.0	0.0	0.0	0.0	0.0	0.0	0.0	0.0	0.0	0.0

Proportion explained	42
0.225672895599197	0.15520212246232648	0.10961469316495147	0.07692796413048311	0.06138261157308433	0.04875764313466295	0.039914221750849015	0.03501799945043147	0.03359742208084851	0.030418954825420407	0.0267639544068244	0.022933760794253473	0.020661653508004457	0.016145620233531516	0.014159625602139542	0.012147103388737172	0.011363414140362458	0.010095622890152006	0.009655064932017392	0.008059319069407225	0.007250144937835862	0.005252076614507631	0.004602497456005593	0.004073659110982495	0.0034147245584486433	0.0027532391874579027	0.001580709312332952	0.0012482853999417427	0.000954934518917562	0.0003144089360576128	6.365282982753757e-05	0.0	0.0	0.0	0.0	0.0	0.0	0.0	0.0	0.0	0.0	0.0

Species	0	0

Site	42	42
ec1249	0.10529729101337014	0.07306306449040975	-0.15117935172596525	-0.11187172541482536	0.12367535650971674	0.1751476401796661	-0.1704045361546207	-0.06390894681072376	-0.13590310948499507	0.11818240006986806	-0.11550777330304021	0.11696666004065295	0.07028250834072106	-0.11714918134968762	0.1646279989882558	0.014722540019562344	0.03488444594707447	0.13071644311941188	-0.025954379173212833	-0.042341389361798064	-0.08631550115517472	0.028741297955457035	-0.018778041069343585	-0.023617808768792145	-0.023914802413514295	-0.004908715837448221	-0.01390493136853651	0.016764288147705707	0.0049716673110947445	-0.01617151013776223	-0.003502917633547636	0.0	0.0	0.0	0.0	0.0	0.0	0.0	0.0	0.0	0.0	0.0
ec1265	0.25841209907281915	0.3025295257940148	-0.016398829168312132	0.0760735603943626	-0.00019338867999704515	-0.0509492715887847	0.13455900389709213	-0.022325518822610826	0.029511997543308334	-0.024557892094839922	-0.13629682807040333	-0.10600089201860698	0.01785086780503188	0.10406710298656464	0.1013390781260843	-0.1599180176445029	-0.009550726619047966	0.0926179631470682	-0.03234410047508528	-0.03508867446096335	0.027301740211684883	-0.0236002281506739	-0.05147795750912447	-0.015160050002243205	0.10357940900003385	-0.039476182007543034	0.015318523703469806	0.003636562492452433	0.002948935766863925	0.00029576038782318367	-0.0013402490517449527	0.0	0.0	0.0	0.0	0.0	0.0	0.0	0.0	0.0	0.0	0.0
ec1314	-0.3797422672716693	-0.09514252867171782	-0.08475000251500885	-0.041706129723228756	0.1329609420866414	0.1534979700788488	-0.1669096627146163	0.08811395404631932	0.08228821927731497	0.0759054685973529	-0.05455484403360406	0.012573646474783616	-0.016184870010489974	0.139363462277004	-0.0847046213839209	0.05799564340086247	-0.07561534028354477	0.05287489560619163	-0.01724661556719752	0.018067913712550652	0.0003395846260115519	-0.029671882021004018	0.06149753503639894	-0.06862178395572822	0.020924913624542334	0.045249699972469505	0.03218218540869415	-0.01057215516849325	0.004024802149048236	0.00014757586213224217	0.0035668567821426278	0.0	0.0	0.0	0.0	0.0	0.0	0.0	0.0	0.0	0.0	0.0
ec1346	-0.45557953858917777	0.05898824658369775	0.04494300683158408	0.014847033247759983	0.06440612603559527	0.0063999873474572914	-0.06891725011686536	-0.010123535233708522	-0.0367875051164805	0.05231426502285874	0.06108044900198977	-0.026578498610400868	0.0243829780087982	-0.0006605114883543148	-0.16273863719054912	-0.051456297189972335	0.06088395758125467	0.059914275314821394	0.04382876165638891	-0.05108523980169191	-0.05351982823174865	0.01849147049832709	-0.05126499918858845	0.05823713846865171	-0.034234060438354426	-0.046815984021863856	-0.020438483603394585	-0.01012435778564316	-0.0031205178019713072	0.012156211949199941	-0.0013004332215623853	0.0	0.0	0.0	0.0	0.0	0.0	0.0	0.0	0.0	0.0	0.0
ec1349	-0.23972387611723545	0.03474254163592509	-0.09540596994363724	-0.05113587204229519	0.08862059769567301	0.047303410544431726	0.06853662505380208	0.045865108559475475	0.09294618009174821	-0.15951368505766592	-0.10654726776901821	0.21296020529710719	0.04617121553638122	-0.11015676511958895	-0.15377767245607213	-0.008509658168155288	-0.0709489834205827	-0.04429873320515323	-0.12568911205180844	-0.02903833330415323	-0.029120380001702233	-0.022218088627598585	-0.04847795771410677	-0.01345622433870922	0.025029853088018417	0.0044079815462285885	-0.01974219769513412	0.024971493926141158	0.025969171730448395	-0.0023019300370067425	0.007345774555581597	0.0	0.0	0.0	0.0	0.0	0.0	0.0	0.0	0.0	0.0	0.0
ec1361	-0.26514510361255106	0.035041813911479876	-0.14125624553510946	-0.04113897820695051	0.06710634144548631	-0.07076220861688369	0.05446049393235071	-0.023570295160071746	-0.020491091919754744	0.020869201194671606	-0.06900094680959358	0.11199319389205155	0.10212107195421347	-0.04600238394641761	0.011319917085965326	0.03224348322623815	0.0645497196236437	0.0780868950683643	0.030582772292653992	0.004396008490461482	0.03726621650079141	0.04461945681784724	0.019698144610742752	-0.0009760085990572086	0.02642733555109446	0.097200117707615	0.015410969923097803	-0.03067945951166169	-0.015348710570332966	0.01198810482612165	-0.005434444539394272	0.0	0.0	0.0	0.0	0.0	0.0	0.0	0.0	0.0	0.0	0.0
ec1362	0.15643032834353418	0.2452967532194283	-0.0860391640207874	-0.12160110823070305	-0.2903748539785704	-0.008924011816017778	-0.13751027259682422	0.017963455942442867	-0.01621845744587559	0.022156674479898095	0.2555259842335257	0.04585658866372588	0.08180058182249601	0.0018058810573998985	-0.055857050084346285	-0.003345988548253434	0.04423178491850757	0.007709031398609497	0.0346784121732745	0.0737207376679339	-0.010924272100859183	-0.016687713838000235	-0.054244940186897773	-0.06675808205281228	0.013118467379949966	0.0071851437141491215	-0.014737658555234198	0.02710175656762477	0.03441970491156125	-0.005052115196817924	-0.007152702657551062	0.0	0.0	0.0	0.0	0.0	0.0	0.0	0.0	0.0	0.0	0.0
ec1378	-0.5602534836820426	-0.027047273580416722	0.09192187382661865	0.028567035428796225	-0.122339464056484	-0.07023189192141072	0.08996890760426632	-0.050866640489665334	-0.07399396972481019	0.04136928776020859	0.11331643724848511	-0.019347926629755086	-0.023012119983466316	-0.006649920193395202	0.06959425235102006	0.014969418179459572	-0.022112438415076215	0.00029224555809807416	0.0028076632998649243	0.006269840638588519	-0.055899580082750235	-0.006156942783792202	0.04201211416862597	0.011729096618386808	0.016382751111455658	0.025495635460179526	-0.03290594735154843	-0.0157275804424758	0.017586755753014358	0.0062796679524755455	-0.0002025591150081431	0.0	0.0	0.0	0.0	0.0	0.0	0.0	0.0	0.0	0.0	0.0
ec1393	0.20066063912262247	0.28145223895693705	0.06429953847035123	0.24353995398000994	0.17922135330237013	0.07274548727830991	-0.04384089456892669	-0.10293930183702213	-0.15927106976841116	0.07866767932439904	0.11632369873690819	-0.12573067328664922	0.09915590844423282	-0.0052190013640375805	-0.13700544028699035	0.04568335642812015	0.048824355834804954	0.03733768732445228	0.03906790022044825	-0.05383313423657107	-0.07151744503974944	0.018588538325394355	-0.00509390817348736	0.015436341398257603	0.03390647117001596	-0.0057359166583081204	0.028643447844023485	-0.006671769104894002	-0.014240349301092761	0.0019057364113558098	0.007141048357838025	0.0	0.0	0.0	0.0	0.0	0.0	0.0	0.0	0.0	0.0	0.0
ec1396	-0.5011017259007674	0.007457721550232872	0.0303429143820493	0.016049713949611674	-0.0751199031128337	-0.07263414210134206	0.15890768071142228	-0.02076987929911246	0.02359563382109138	0.021572148904869064	0.021546976510497827	-0.03556417113175515	0.006688459969568134	0.05728653586425405	0.10201884750144452	0.03177129120658926	-0.003672778847652753	0.031778247723218564	-0.026739766524022088	0.0063207481919278444	0.0022451726175809973	0.0013327747230056349	-0.032632773558235496	-0.023583877077766525	-0.021675741886597755	0.021566939527721093	-0.0010588646933817323	0.017419593401608854	-0.001435018269286025	0.0009325754565539065	0.002691252752334074	0.0	0.0	0.0	0.0	0.0	0.0	0.0	0.0	0.0	0.0	0.0
ec1400	-0.10232558252308083	0.10770666023101232	-0.20798964984876595	-0.19201191996357997	-0.015633081392756112	0.14932888634190028	-0.1310199702183137	-0.04965118692583664	-0.12550289646777132	0.023220093939745612	-0.007523364033429472	-0.02328209496804333	-0.1318569092846512	-0.03682840145520509	0.04076075844183053	-0.11172963165048576	-0.13268308550489427	-0.07126203312295978	-0.0688277099229776	0.020728687804779378	-0.06899503029036444	0.01820073099127225	0.031853568204778006	0.04965266592809963	0.00485981479112564	-0.020876991933274303	0.020339787748996398	-0.011988900256191598	-0.012649033881797712	-0.006118357764538912	-0.002021889517339487	0.0	0.0	0.0	0.0	0.0	0.0	0.0	0.0	0.0	0.0	0.0
ec1409	-0.4922590828550187	-0.06357881164168873	0.001175108796324432	-0.011892996204110579	-0.03110415235108055	-0.09395928477349748	0.08251352403232967	-0.03284317238383436	-0.011747568458118878	0.05672029357415037	0.059013892705727336	-0.023594091496544657	-0.03035398113289841	-0.044945406845951566	0.039142536965897264	0.036328972943279185	0.03074677399594375	-0.015998035298076838	0.04083357634858071	0.017800312596644625	0.017743860491141183	-0.011734296219121837	0.03015123549927087	-0.010898784336037208	-0.014278901220493972	-0.014873746102552404	0.024792409318508173	0.053201742607456796	-0.044054940484279236	-0.02648197800661103	0.0029749858125079397	0.0	0.0	0.0	0.0	0.0	0.0	0.0	0.0	0.0	0.0	0.0
ec1411	-0.39711270334084975	0.10638831589268928	0.0002568003324254797	-0.04269952868042434	-0.04711626523885149	-0.119968252424801	0.03182954956833634	-0.0011947224875315959	0.027440875011579886	0.0020758161723204225	-0.06184285251684457	0.009591162011763842	-0.0032687413723341387	-0.03310620858937193	0.015438653630996819	0.013403140521444569	0.060093588432865636	-0.06315429944129869	-0.005181764894358117	-0.032482399231062914	0.009372215296962406	0.017833900498452293	-0.012545277936742521	0.011923821555416391	-0.02410472328277477	-0.025402360035589242	0.07458066018705953	-0.04599157349376858	0.041137652541173866	-0.015380171691875798	0.0034586879787640483	0.0	0.0	0.0	0.0	0.0	0.0	0.0	0.0	0.0	0.0	0.0
ec1420	-0.5215823859335079	0.03637215386899138	0.09007107163089928	0.01254871879903455	-0.09830930680724922	-0.10901144503147463	0.06922231873816921	-0.04133732669533158	-0.03803765086510712	0.043187876331167975	-0.02331834446376017	-0.03373203067868805	0.013568017511632075	0.008736815365971814	0.06801017921010505	0.03573635182645567	-0.005547051405228812	-0.03794772412625244	-0.01001195194484717	0.008421454603613128	-0.027310353871529303	-0.02092938692435097	-0.027953659493599247	-0.018219882735311277	0.05102280630716196	-0.018369251531022056	-0.02695159977492604	0.017063649274327946	-0.015073379830964144	0.014164195094440828	0.007082453551562512	0.0	0.0	0.0	0.0	0.0	0.0	0.0	0.0	0.0	0.0	0.0
ec1424	0.1544966194190859	0.1804742527316216	-0.11511425776061772	-0.1395494412535861	-0.15492960333200484	0.04279793754027748	0.001635137939771472	-0.03578424768961126	-0.06119099289822302	0.029435743512964695	-0.13106111148954108	-0.07421311267910423	0.3303980833693008	0.1471949517945008	0.02730512301865314	0.10359646663997868	-0.04692011021838101	-0.08849815503736538	-0.027800400025463103	-0.04993189261640414	0.03415341678272184	-0.04092488027229352	0.05000271651020333	0.04002962655930651	-0.03981095459119534	-0.0231715491931043	-0.017593564383257106	-0.00026758895360137975	0.008963820981641491	0.00022857168477834991	-0.002085249805923564	0.0	0.0	0.0	0.0	0.0	0.0	0.0	0.0	0.0	0.0	0.0
ec1425	-0.14777145709324013	0.11046661871991827	-0.14945123762459547	-0.09831458485447037	0.09641051599643112	-0.03072820772305965	-0.07362868326372655	-0.045258343093286926	-0.10286699923733593	0.02739092127667147	-0.08940796023476769	-0.019014966423083476	-0.0885560222269185	-0.062106119567901005	-0.050725683468822405	0.023755615973922072	-0.043937193802625694	0.030663945916803517	0.05326281331478487	0.048788502512644306	0.06679775936164539	-0.0495838727340674	0.05103104753171874	0.010407102850999135	0.055394346095462114	-0.017807154716908816	-0.036255810478662734	-0.004393535839206501	0.0007809030869524856	0.01439437518915074	-0.002392267100784003	0.0	0.0	0.0	0.0	0.0	0.0	0.0	0.0	0.0	0.0	0.0
ec1427	0.08304451942604076	0.27103225853926605	0.16912859839598285	0.10139284001015748	-0.17993263623319902	-0.15403697530931862	-0.23607650334264568	0.11278492631847901	0.05553320688090662	-0.06603463466683425	-0.1514562172213493	0.11688786269587895	0.004220504015316985	-0.06405361495916093	0.04776510940878711	0.016461452168830347	-0.12142584015191854	-0.016536707673276616	0.18652203291837638	0.008143571095990653	0.01011055378319472	-0.01222878241780846	-0.06535077926714351	-0.002215671212579101	-0.016799989084848543	-0.008747278658159226	0.0128370819730305	-0.016679796596200638	-0.020053884393428045	0.004986748037264576	0.002296508844508289	0.0	0.0	0.0	0.0	0.0	0.0	0.0	0.0	0.0	0.0	0.0
ec1438	-0.19026370276231241	-0.09656623415172658	0.07335790140752034	-0.008414452858821668	-0.08204390758336952	0.2696648397096329	-0.13072848135003448	0.04833006381185074	-0.10402862158585338	-0.5251940475525011	-0.001075270292131762	-0.11832366718515773	-0.024743393152472253	0.016451399280830472	0.05597920372658277	0.04563727488840056	0.10269837836309934	0.01581613664592454	0.00809330644249562	0.006713105910290272	0.0072729781246723794	0.016914582516881653	0.008350371674935209	-0.002771407775073611	0.006883933207390095	0.0012450626145256145	0.0031319888772346595	0.0011278318558055453	-0.003316971502584369	0.0022896248435772307	-0.0002207172740342586	0.0	0.0	0.0	0.0	0.0	0.0	0.0	0.0	0.0	0.0	0.0
ec1442	0.14141385240292612	-0.2403216121772717	0.5893897477262476	-0.280974186391591	0.10047320063049775	0.03502689215035124	0.05464939665166278	-0.02098190483449149	-0.01662427879377966	-0.023775248976458406	0.14173792995336262	-0.0037562362132214674	0.08087893632470626	0.08315832803476025	0.032633479771654816	-0.058738047879814	-0.14813338603226475	-0.0267088235158105	-0.01605747986137329	0.01952042930376649	-0.05675598726371073	0.06633615282983842	-0.04080437969424062	-0.015535853558150575	-1.911927959876724e-05	0.03401339960446827	0.008514975282059502	-0.014866567482020678	-0.009375272454788256	0.004281805941498801	-0.002272903524720042	0.0	0.0	0.0	0.0	0.0	0.0	0.0	0.0	0.0	0.0	0.0
ec1449	0.0521481429244259	-0.14596105785814273	0.25266824839428215	0.1736637190720533	-0.28455360648790395	0.33061854759954934	-0.01557465190687827	-0.4628570513398123	0.2661513284884775	0.07329767086364063	-0.07838836492239426	0.029649643029583235	-0.0453728669777916	-0.03360718865106901	-0.034843889646295395	-0.008292946526709035	0.01805052350261437	-0.006947593730598394	0.007264411115780093	0.005836952328890175	0.040135829138818774	0.0020879630345863797	0.0015102780498651438	0.0051717177687307615	-0.0025711848932186403	0.003615065934758592	0.00041733913828491707	-0.0016410107123819356	-0.0012404860850619864	0.0015447534055894527	-0.0014455551758295417	0.0	0.0	0.0	0.0	0.0	0.0	0.0	0.0	0.0	0.0	0.0
ec1457	0.2754914244177283	0.3742336907690568	0.1329876073972761	0.23223875113437095	0.019746650328092995	-0.08442581198249746	-0.09050557017130806	0.001982716936313886	-0.0559863169889618	0.030493143459084257	0.03026517098589162	-0.08115303348585272	-0.08547912610953087	-0.038378647225873704	-0.010419606477024779	0.10050032432732652	-0.049789494360080705	-0.0953922417040831	0.006313558815548663	0.019594206639769546	0.028218538872948954	0.04745399106576684	0.006679574601264867	0.0016648508346495902	0.027730882974051605	0.02924053938780613	-0.013135116056491506	0.009443831332974348	0.015130775610269983	-0.014584037737952618	-0.0027726830728318514	0.0	0.0	0.0	0.0	0.0	0.0	0.0	0.0	0.0	0.0	0.0
ec1462	0.23098039893296066	0.21977649109022257	-0.051069265506044924	0.1879609655334659	0.287635245647561	0.12772901257355193	-0.025695480073901822	-0.023944767412978973	-0.07406033930965282	0.04900403720689895	0.05176529520496116	-0.03840274185903979	-0.09487132826898816	-0.02548813862516543	0.07929684246174602	0.07769573456573767	-0.03134931977384057	-0.06166955587310107	-0.07478111640902665	0.027913297844155305	0.07447730213470005	0.02596369201828301	-0.029270386656097384	0.010399623442127328	-0.021055704006000885	0.012939806915980767	-0.008341042769867994	0.006496082513838553	0.007167195566215203	0.011224083038816744	0.004401570534955699	0.0	0.0	0.0	0.0	0.0	0.0	0.0	0.0	0.0	0.0	0.0
ec1468	0.10964108356019643	-0.4437855254090043	-0.059173296553738784	0.17686239481719793	0.009782884027694418	-0.048563561195184006	-0.050829402887509124	0.14715726153111364	0.23402161876523467	0.019393066768784564	0.0533575079695606	-0.25900091211240556	0.14389049949093607	-0.22014943628368505	0.03893581258980082	0.004953577553580789	-0.07280221099140548	0.09100075615392608	-0.045638864647252066	0.06282127643297415	-0.0016435137271183055	-0.019861965917672964	0.007780020447020549	0.01539219661626857	-0.01274868428764909	-0.009167009012824327	0.0029679181267481727	-0.008505470284861918	0.011248576692808812	0.0018709160614331834	0.0016358919792616301	0.0	0.0	0.0	0.0	0.0	0.0	0.0	0.0	0.0	0.0	0.0
ec1492	0.0645051348552928	-0.32130790166605805	-0.15805725826566222	0.09238975699127877	0.2062035771487558	0.11446198940044544	-0.18127795819988873	0.16593783688682034	0.2681360415694614	0.0834508816691605	0.016805595151283364	0.04676214022872859	-0.014227882556293474	0.176326673761471	0.03819434524148522	0.031409526503312225	0.05591693957883313	-0.05773680247030822	0.05061399833638289	-0.00980842851819556	-0.04514528649460408	0.008609745974566643	-0.014546451087633801	0.014930880727755828	0.041333442989535354	-0.018377073400295495	-0.0001361807068587817	0.022672636295985975	-0.008230393362562406	-0.0019493530215092694	-0.001501783349472994	0.0	0.0	0.0	0.0	0.0	0.0	0.0	0.0	0.0	0.0	0.0
ec1497	0.23691666772999181	0.17879658059010653	0.4133626649025655	-0.0620231823644094	-0.007032343434747312	-0.2074901337316624	-0.07679495250989268	0.09233734894384828	0.09985830580890848	-0.002277022787991331	-0.1227224344579953	-0.010255631760116988	-0.12006368748237577	0.028634468288598267	-0.019307180757508993	-0.009596909257068693	0.048712353771208146	0.08757946051482225	-0.0663384724547076	-0.04780648570067859	-0.018558526022633744	0.012961454465171933	0.07441099262155104	0.030567853387749033	-0.04354310064192314	0.015751854380017586	-0.02115642647691164	0.01798198034373624	0.0025402740706999215	0.0024909407789451272	-0.004263681821359048	0.0	0.0	0.0	0.0	0.0	0.0	0.0	0.0	0.0	0.0	0.0
ec1500	0.2802245099691586	-0.00510308718947942	-0.2945380419450839	-0.19954882847942298	-0.019708153564843563	0.08899346766798555	0.060101718032072295	-0.03176331097611613	-0.033134878867104846	0.04282609594888409	0.09443920993703064	-0.035651484274295396	-0.1453787063462079	0.03407051596142269	0.03562833520434445	0.005434107377636183	-0.011459017503273739	0.03747106332939436	0.03412478080437511	-0.008564799515123374	-0.00040327627268183045	-0.09890474048759158	-0.01644888342010696	-0.06665753906699731	-0.07657118592356775	-0.016062585311053538	0.013497894938750204	-0.01805096748693847	0.003960463809341804	0.016238553331733786	0.0031768801510720962	0.0	0.0	0.0	0.0	0.0	0.0	0.0	0.0	0.0	0.0	0.0
ec1508	0.18411282046747254	-0.48941367669954294	-0.09236470360708854	0.17708784009550316	-0.0785242028665627	-0.16738050277950658	0.030356223480013992	-0.08827804806255404	-0.1669013744204997	-0.031745326802735195	-0.0608915082589661	0.10666416755384367	-0.05185455962312471	0.15392753703513548	-0.03223733878976595	0.04467467932470557	-0.03626155242773762	0.1103127125581626	0.006034720734100936	0.14833140320135416	-0.011240985952661833	0.04223468588850152	-0.005449962553558658	0.06347497227536701	-0.015213568054690487	-0.03132080153393309	0.006096673880468249	0.007758174353587483	0.027563746691781618	-0.00478211996464471	0.0035556047189309876	0.0	0.0	0.0	0.0	0.0	0.0	0.0	0.0	0.0	0.0	0.0
ec1513	0.233191565810935	0.2029482209579948	0.02591007040101526	0.28512230867096	0.19839757665209246	-0.01782701821931709	0.2924300863196678	-0.021875334039053018	0.0683134599578617	-0.12096464579447266	-0.008919068878485044	0.03487029039473781	-0.052805913663412314	0.041228339709880525	-0.006542633402893335	0.08920905228627465	-0.04840092416335614	0.04320027685893011	0.013333080022125342	-0.054613590187413	-0.04477233393589791	-0.029629709658282308	-0.03157427279686613	-0.03195874025373229	-0.051036859733713254	0.005354863271458134	-0.009951886426308145	-0.008097070410368144	-0.003966309311396354	-0.0068258769582588705	-0.004205228984679358	0.0	0.0	0.0	0.0	0.0	0.0	0.0	0.0	0.0	0.0	0.0
ec1516	0.16388295632023814	-0.2938072760364504	0.4369063432524325	-0.3233187063590339	0.20704074093697805	-0.011280898288512201	0.055159922081577974	-0.02296414392981148	-0.016045647621179982	-0.017239735231629274	0.045084701741588316	0.03592438785486973	-0.025777946356670942	-0.05186901266366522	-0.02226616378738466	0.0685504065051232	0.021172468950053668	0.0031675383146012393	0.05560653485885263	-0.022033845933875452	0.015166802757905225	-0.09447831112599338	0.029357406064925668	0.004132972118623709	0.04120228750322325	-0.04220131840732738	-0.021419368978118684	-0.02469285961337609	0.0032255731808034003	-0.02036783156407575	-0.0005567706742710016	0.0	0.0	0.0	0.0	0.0	0.0	0.0	0.0	0.0	0.0	0.0
ec1517	0.17456603776289642	-0.5398219644201566	-0.0969909803695627	0.1697106284447061	-0.048454463555140485	-0.1687987089145769	-0.11103608155529769	-0.062281089366576066	-0.14789937583468554	-0.023290668213345984	-0.013636673500815133	-0.012195978183771158	-0.020520817683673802	-0.010526303130970666	-0.014225466015721298	-0.05528021256302177	0.01577691830340234	-0.07649057713766941	-0.03351269200364939	-0.08285059662098282	-0.02502629427837025	-0.12122708012341103	-0.04734440224023591	0.05167928913410745	-0.0049096698922214185	0.07476201040946455	0.019210163003866645	0.019734357326548452	-0.009108284716982828	0.0029398142200265562	-0.0051013259399394625	0.0	0.0	0.0	0.0	0.0	0.0	0.0	0.0	0.0	0.0	0.0
ec1524	0.16381020095241824	-0.5427445554813956	-0.10081681734004316	0.17872089043743644	-0.05762999831847829	-0.18791192853650499	-0.08758522638753037	-0.04990576297897035	-0.11234576739180112	-0.010257896630706271	-0.02168217115659406	0.014812488944926087	0.014035970824418294	-0.01543665053931539	-0.030628969856301078	-0.04505681462040255	-0.004983970474765214	-0.05237873083431223	-0.021609123953160767	-0.10367646118960236	0.03747453502476897	0.0929547203503585	0.04385789219786309	-0.13011510583048583	-0.006006335975624374	-0.04656706742783703	-0.021898702990793863	-0.013946303834014528	-0.008911006425359913	0.0030068574402610676	0.0007753146106684971	0.0	0.0	0.0	0.0	0.0	0.0	0.0	0.0	0.0	0.0	0.0
ec1533	0.28981565634894274	-0.0030891692500730717	-0.2565695200525875	-0.12295656865657655	-0.0976980545364832	-0.041141671927908956	0.18140313421347629	0.018524643215649558	0.06418341833278249	-0.06108385614773471	0.09391023332799861	0.11401668529952232	0.008977896634085956	-0.07130570648364051	-0.04137389409674784	0.12223718800710158	-0.025362791488945033	-0.004200276665373523	-0.057624988964643395	0.01789917938898007	-0.008433600403377423	0.03305237069714604	0.016064178261592316	0.02375663302652936	0.03394039451175071	-0.04919090309105531	0.04153499247863521	0.005132878440089242	-0.03620604272826553	0.013734353232296848	-0.010557443412287027	0.0	0.0	0.0	0.0	0.0	0.0	0.0	0.0	0.0	0.0	0.0
eti111	-0.07795674235535154	0.18019368523748283	-0.204199505103152	-0.10929393251094925	-0.008056319317744552	0.03927635257208542	0.0492027690821308	0.013167460237284918	0.030576554201229723	-0.07392673378822495	-0.0012866366309108443	-0.0825816218021848	0.03267209156616899	0.03875232289894602	-0.1282283075219018	-0.1160277430648809	-0.08543648173737826	0.046551447211724856	0.035621061726109376	0.00910395810116616	0.06889419319216528	0.026980875698949133	0.007370111053330688	0.01024731192944897	-0.058188216135427046	0.02015094580535934	-0.019329018286235827	0.017750857628913114	-0.029293000487767087	-0.015018359980779643	0.00203335182684121	0.0	0.0	0.0	0.0	0.0	0.0	0.0	0.0	0.0	0.0	0.0
eti123	-0.428732589521785	-0.042996858127012386	-0.09862555698787955	-0.012027531984717836	0.11447163215310717	0.014504380022281315	-0.006639578534285522	0.07249561786873458	0.1276148911451131	0.03578110513307436	0.04734490270641428	0.01839005081489746	-0.051052485028441306	0.01834203026472866	0.06511843287836011	-0.011954273632078887	0.04116159609668653	-0.06431648551721358	0.004132598133545298	-0.029429697946105268	0.028107242381931845	0.043537254325377	-0.03592457533921452	0.04380509751245997	-0.038239923064283955	-0.029325201008007444	-0.031844900911041946	-0.01316631637385337	0.004781154170942662	0.008348652108197515	-0.005318640280414136	0.0	0.0	0.0	0.0	0.0	0.0	0.0	0.0	0.0	0.0	0.0
eti135	-0.36701852073351954	0.17884356393963713	0.053161796190533926	0.1520865676892407	0.11347432335411692	-0.0680234769180677	-0.02729970218861528	0.012090319066953747	-0.0024382986684217127	0.0033990236443173054	0.042579520869785815	-0.0440986466620004	-0.021112718130724874	0.027976686462257042	-0.04973288192770823	-0.08818157934211271	0.006038828812297097	-0.006368504868670289	-0.03595464559012815	0.01835750061793308	0.06612351729447584	-0.02397942179086632	0.012789734083053308	-0.02944322318889163	-0.0013129691769773358	-0.011476473510423957	0.022499512611620216	-0.00012637244807688986	0.018395446749565364	-0.006472525775836114	-0.01316619601591732	0.0	0.0	0.0	0.0	0.0	0.0	0.0	0.0	0.0	0.0	0.0
eti149	0.07992009995794197	-0.18428357984956542	0.2414035026520944	0.17650517192247	-0.28788660855197956	0.36765402537319347	0.22756027617609753	0.3797716695950007	-0.19211773735877627	0.18426349061006084	-0.09129288298613747	0.03303960344744337	-0.03768388582414964	-0.034954870294988546	-0.042972587718515316	-0.0247946844977406	0.028674770608904655	-0.011695107955027725	0.009570900831715858	-0.0036969388796134796	0.03321280718312454	0.0013743423598019228	-0.004139982418868543	0.003104713060004287	0.002179167272297284	0.0021723939866951283	0.00052704637981059	-0.0015452315873473656	-0.0010923594463598735	-0.0005631481606831959	-0.0011511709453153201	0.0	0.0	0.0	0.0	0.0	0.0	0.0	0.0	0.0	0.0	0.0
eti154	0.2844209478317208	-0.10999138720352349	-0.32647455861472796	-0.1114960044240246	-0.009680351167607387	-0.02629384787988844	0.04965272430759985	-0.0015104994458901126	0.03550205036971198	0.01106523667270551	0.052865887310764505	0.007651228032821396	-0.004681237660773171	0.024449048848175937	0.006892615224414864	-0.024757399444682943	0.06873370007441172	-0.00950001819736196	-0.013966414627488169	0.021424201807668564	0.06924327894938356	0.017496639165517185	-0.05513933637205314	0.02951209099906457	0.028135590067679402	0.038020766226317615	-0.04184637002616677	-0.051703253230365925	-0.017004032397815973	-0.02250503197696657	0.00410687505756389	0.0	0.0	0.0	0.0	0.0	0.0	0.0	0.0	0.0	0.0	0.0
eti162	0.2287472371406169	-0.09112112551540734	0.22610756456630335	-0.3279704178024086	0.203381778559788	-0.0395439284676745	-0.019541757881101227	-0.025891193875535727	-0.047052058989257455	0.04717470796281215	-0.01268559139588839	0.02223187273983202	0.04270418915581853	-0.04071879353395365	0.005213004773014874	-0.030182080756795855	0.07535183839235432	-0.007509871220191144	0.00625603422387246	0.010334283465646407	0.13399449722265985	0.02743307976027571	-0.02901099478204046	0.010173982018660543	-0.018867658393896293	0.0002669625934750599	0.031807494225343604	0.04014869377200484	0.010151623396914264	0.01511083792032545	0.005064627564678252	0.0	0.0	0.0	0.0	0.0	0.0	0.0	0.0	0.0	0.0	0.0
eti164	0.1761336572282967	0.2547625639553626	0.12283376517898437	0.3181890825119515	0.08599051564683412	-0.0008600708108106284	-0.017898629572116277	0.026101836121635108	0.019962230401238443	-0.058380093618473544	0.1484625804194789	0.2293471643770325	0.12161132735229718	-0.003928624592167328	0.07533776120721039	-0.14648199776313853	0.06606947450638596	-0.036216864635641645	-0.02889548284202937	0.08175343155772301	-0.0056346544808733995	-0.05627838879803315	0.0919045787843059	0.006929295471664363	-0.022303207933529967	-0.012842505894820087	-0.0024662476371797378	-0.013554940215059237	-0.01472755145834678	0.004120435092869671	0.00568997131682985	0.0	0.0	0.0	0.0	0.0	0.0	0.0	0.0	0.0	0.0	0.0
eti165	0.26972368043217426	-0.05800869596696489	-0.2738227167816258	-0.0803868422555115	0.04408453062608344	0.024455001325479547	0.2245992601476728	-0.014656212514694332	0.07216935741585877	-0.05155251337319641	0.008088567918331485	-0.025130023551888862	-0.018916636845048414	-0.04761833727998418	0.025394865007482007	-0.08120411394905895	-0.010141374758194655	-0.05273923813215853	0.18072309340726636	-0.05358490362521233	-0.05982636712697747	0.0458535794965653	0.07735242853790278	0.020879615475443633	0.01781712557284483	0.029912397801495443	0.0018801295530746487	0.027665017314163737	0.03971005953444169	0.00423532958698674	0.0021408563086782063	0.0	0.0	0.0	0.0	0.0	0.0	0.0	0.0	0.0	0.0	0.0
eti166	0.27602699972260575	0.23369949561102185	-0.0076646672584982515	-0.15379518471763806	-0.35316709017680725	-0.10602972838435522	-0.10018901307345136	0.083529661591157	0.1077022804449649	0.022612915442388276	0.13378399875177377	0.010725181504239371	-0.1101103691777414	0.03145773765580748	-0.0010693772965427858	0.03431903496795407	0.026386714376904843	0.05495896691780007	-0.08484060055676393	-0.09695698437329549	-0.004713518682883298	0.014299840176596811	0.024735798578795175	0.02650567028273591	0.01751168820318262	0.013551672771829028	0.0048670788614798574	-0.004027134909209483	-0.0016697254886244948	0.001727986824068286	0.008666423190890723	0.0	0.0	0.0	0.0	0.0	0.0	0.0	0.0	0.0	0.0	0.0
eti167	0.25255419112569694	0.11982586261908838	0.007723471793005044	-0.1694288097510863	0.006403865961176977	-0.10282884836239012	0.05315550729883964	0.001328555031750016	0.04513835769006643	0.03396475519384978	-0.22820042825968967	-0.1333057882858727	-0.02352490322794614	-0.012370613364159542	-0.06728975065012234	-0.015780242343020386	0.13757494070894322	-0.10448360832041943	-0.030256329187347136	0.14456279158729216	-0.12189530653362086	0.00474255225662217	-0.010935805059956286	-0.049754516708143064	-0.019974120110716965	0.010612809661328144	-0.005943954294212208	-0.009051211854957972	-0.014561033306527261	0.003929881297410504	0.00016187721830580407	0.0	0.0	0.0	0.0	0.0	0.0	0.0	0.0	0.0	0.0	0.0

Biplot	0	0

Site constraints	0	0
