Eigvals	70
4.498195627135977	3.1524983108803593	2.436175439082211	1.5803335242168601	1.2857657062158325	1.064158314830909	1.00049109954677	0.8060783925630317	0.6927333724838893	0.6655076963864166	0.6164807804387085	0.5973840158102763	0.536066497926329	0.489017409138952	0.472783913392831	0.4694649235378593	0.44813060882059774	0.43608666437549937	0.4213216066255492	0.3848987412035124	0.37073568298790804	0.35730897141136864	0.30808328273658875	0.30237461415900196	0.28905309723255346	0.2571293913210957	0.22733073583183205	0.20778036940971722	0.19555508609975608	0.16833194060577816	0.15552467636163592	0.14791748783527403	0.13668725341103422	0.12652042264694252	0.12293795130906449	0.10966027365370923	0.09642217192395824	0.09112278328548365	0.078797871969781	0.05897271452856867	0.05227087679287745	0.048480280656537866	0.040051459194055644	0.03279536065770633	0.027005978689291277	0.024440073962340714	0.015196282235511616	0.0058398508346720335	0.003697719996821086	0.0013603828032913712	0.0	0.0	0.0	0.0	0.0	0.0	0.0	0.0	0.0	0.0	0.0	0.0	0.0	0.0	0.0	0.0	0.0	0.0	0.0	0.0

Proportion explained	70
0.1722591397221872	0.12072544015913764	0.0932937382307267	0.06051913165214133	0.04923860872143756	0.040752117301243264	0.03831397084376338	0.0308689043255241	0.02652833818099237	0.0254857264469421	0.023608232655112204	0.022876918919772216	0.02052875450983218	0.018727001933680522	0.018105337550068323	0.01797823628890594	0.017161235205718772	0.016700010376709852	0.01613458006714054	0.01473976045859189	0.0141973838199821	0.013683205696754226	0.011798099870721314	0.011579485470715705	0.011069335793876138	0.009846812237124304	0.008705667835023979	0.007956983344556122	0.007488814113958482	0.006446299289784337	0.005955843003805653	0.005664524470803135	0.0052344608005777124	0.004845120348028613	0.004707929020239434	0.004199458175480671	0.0036925028972875714	0.0034895619397155696	0.0030175774382885023	0.0022583697806494453	0.002001721804749183	0.0018565603036483848	0.001533777202522222	0.0012559037183032195	0.001034198385750289	0.0009359366431512857	0.0005819441220104266	0.00022363804606848677	0.0001416047940964027	5.209608269906069e-05	0.0	0.0	0.0	0.0	0.0	0.0	0.0	0.0	0.0	0.0	0.0	0.0	0.0	0.0	0.0	0.0	0.0	0.0	0.0	0.0

Species	0	0

Site	70	70
ec1249	-0.055899289613239	-0.07177834549386575	-0.1846126278387823	-0.06413403906689541	-0.1652834694617858	0.0729363357188837	0.19836005351677208	-0.016525099108349615	0.027860600497022124	0.03463054307520262	-0.0031166431947752117	0.11365244696142321	-0.11785894225588588	0.08288508304083862	-0.11482985891408275	-0.04458160717173342	-0.03191386585014176	0.12616710308529933	-0.11855719236759867	0.05156566296441855	0.024596097366850065	-0.05930547539852802	0.05823171000619713	-0.1337429507499497	0.045343778479375284	-0.0340972192646907	0.07914417363452851	-0.00277430830407813	-0.011719218353941787	-0.05530588069450479	0.08603105407741404	0.02356174731894516	-0.013410788009123268	-0.023849553706405714	0.008684297167376991	-0.0510358417360984	0.0030365339683272033	0.011169573486220897	0.06854030451501454	-0.0169883278632052	-0.024705004573073383	0.03490394042614215	0.00024963088770308555	0.027584974767832404	0.006688187698949502	0.0645666160398056	0.003672765860832565	0.007414477728574473	-0.003195745016504703	-0.000253961887860244	-0.0	0.0	0.0	0.0	0.0	0.0	0.0	0.0	0.0	0.0	0.0	0.0	0.0	0.0	0.0	0.0	0.0	0.0	0.0	0.0
ec1257	-0.2029323815728433	-0.18197731703284867	-0.2245956326746405	-0.027666876564107788	-0.022051370244232052	0.10388266277384385	-6.899972106834621e-05	0.017512061649926938	0.09812410267956687	-0.037292888374395525	-0.15717708493822607	0.03872799651616757	-0.015924848813589455	-0.050750700441314335	0.0534626019027052	0.04881688611018013	-0.026652025520691104	-0.024268559303343103	-0.03210367666473115	0.047965473088944076	0.028118201799633664	0.0027631334021551344	-0.06433835492368366	0.12957599400262082	0.07153786506398678	0.04236381928427684	-0.07437329613845288	0.12824006583587605	0.04767459889238789	-0.08504589447996229	-0.08739115751065885	0.008595655254876223	-0.06842330718702556	0.038312561125437315	-0.04576802859911231	-0.10989289957065611	-0.006044093362748608	-0.005520652469622253	0.007383613267355308	0.0396717244631866	-0.005489687474394347	0.06919767965498906	0.01977751285121093	0.0008960015952683616	0.017629705269288875	-0.01081094487944554	-0.015295532341460265	-0.012768256878904195	-0.00870714449681568	-0.0011226013686417959	-0.0	0.0	0.0	0.0	0.0	0.0	0.0	0.0	0.0	0.0	0.0	0.0	0.0	0.0	0.0	0.0	0.0	0.0	0.0	0.0
ec1265	-0.274401260058069	-0.28282312351162253	-0.04131437159497697	0.06281737907165746	0.09016648286320023	-0.06276143526881546	-0.058615449509816155	0.049891609691736845	-0.007960511133098461	-0.005540142031278104	0.016700837650560154	-0.035031215909188056	0.025466055799280164	-0.053282055749444814	-0.07172170831987273	0.023083972302215455	-0.014468689167217564	0.03437050261407205	-0.03514898142668342	0.00403419824939888	-0.034260273437415806	0.0068035925200188585	0.13334847942333586	0.016557861843648408	0.05466785242682324	0.0043245028551053425	-0.011859716730176368	0.04144687331787469	-0.16607872418825587	0.11425758347657135	0.05973123398242249	0.1400072008278599	0.001594996302519857	0.030510859585186026	0.08918632122796169	-0.0009452063476973241	0.013841318958938361	0.0685281421550321	-0.012352055519477618	0.04996944929957699	-0.012056733237767117	0.008924302467889132	0.01246339287075653	0.003186986115391341	0.0019842138101779936	0.004355845404540784	0.018489145360683832	-0.005943600859861286	0.0060394045390636635	-0.0043637224375948904	-0.0	0.0	0.0	0.0	0.0	0.0	0.0	0.0	0.0	0.0	0.0	0.0	0.0	0.0	0.0	0.0	0.0	0.0	0.0	0.0
ec1298	-0.005258233361680236	0.030151043700747983	0.17079854095588173	0.05370401817584223	-0.057682392334390306	0.1158980179420929	0.14585592521611196	-0.015188271912760473	-0.28490538145127137	-0.1282648717775622	-0.12189099939563693	0.2623657921924529	-0.0025165337292979133	0.12461370249393308	0.06275253837149244	0.06650804759328087	-0.13770400314682182	0.1333700259501922	0.02912704959127327	0.10209723480631408	0.0858071913690119	0.15841412030401605	-0.06432427128203345	0.11864028116317607	-0.11984852295825082	0.140171874861484	0.08370776472669292	-0.02263901400112456	-0.03665229654493295	0.07948597216472172	0.005962101668779229	-0.024421350211216664	0.012935518618740663	-0.036114216063200935	0.07659179047929401	0.016600843275385645	-0.027970362415022147	-0.03666451209068692	0.01832943976548779	0.01267170184225983	0.004974067886724378	0.01689376945879319	-0.013633904420838434	-0.0019531029735798248	0.0037554350893409636	0.0010331192860939746	-0.011026386496188373	-0.0057332160085453165	0.0008489981865198151	0.0002973622498520612	-0.0	0.0	0.0	0.0	0.0	0.0	0.0	0.0	0.0	0.0	0.0	0.0	0.0	0.0	0.0	0.0	0.0	0.0	0.0	0.0
ec1301	-0.17350193400255368	-0.2257800979675871	-0.044538801255332904	-0.056869776231487694	-0.09432711329082603	0.1642629874135175	-0.052429162284053456	0.16944267831673604	-0.007717191556374694	-0.060772307646378546	-0.006243554077316847	0.034733014384359155	-0.07482468152897322	0.02115722966510022	0.07071397531163867	0.0186645184164627	-0.015370560588305193	0.11815080017849683	-0.015515614824949809	0.055228020679325134	-0.028438249607993796	0.009353222221406178	0.29281261110838214	-0.02522336497122695	0.14707206917521054	0.1444470072812339	-0.0009864043752141685	-0.1262878655443006	0.13767433512762606	-0.06934606228083134	-0.018598551080630285	-0.013113078152811538	-0.07630373876885937	0.00806291922589657	0.011547781124403023	0.043762815483120956	0.0174182222819713	0.0074050252913871704	-0.018238543333125315	0.0031607861875629	0.0014576176530326562	-0.045132288929414184	-0.0001373357189947841	-0.0006406702595339057	-0.011057761597274831	-0.024797410705112384	0.003004189602714149	8.279500957699226e-05	0.00029333283271097845	0.0025369035433269694	-0.0	0.0	0.0	0.0	0.0	0.0	0.0	0.0	0.0	0.0	0.0	0.0	0.0	0.0	0.0	0.0	0.0	0.0	0.0	0.0
ec1309	-0.10908864791067616	-0.06715415195118422	0.3229680881078774	0.11875650362359652	-0.07362884950392673	-0.03502525931349346	-0.02804282107888488	0.09194078360268695	0.015474822978674687	0.06492051147965436	-0.23148354880482916	-0.26960423891971824	0.14335994064485974	0.011345639265380916	0.07662991999548828	0.08460528220292783	0.10552802325218295	0.16122694515522717	-0.27420796131447733	0.08788237091093451	-0.0848098395858051	0.09558694529618095	-0.002121777506953664	0.057193092346816646	-0.04830610463286153	-0.11314086864408604	0.061812594755382595	-0.07748986228496106	0.007787308168421751	-0.006480747324782749	0.03238267909090881	-0.01904648661473391	0.020323510993287514	0.0638874687422252	-0.02074809044198234	-0.019232575775080654	0.021229380999408944	-0.01709011508126874	-0.019698896637111833	-0.014690192642647409	0.019783823634019482	0.02484685937141045	-0.015766891401271386	0.018433129041126116	0.01882162539200607	0.00637145082531494	0.00039438169962477626	0.002412333367955833	0.002068568769888882	-0.003085075395446967	-0.0	0.0	0.0	0.0	0.0	0.0	0.0	0.0	0.0	0.0	0.0	0.0	0.0	0.0	0.0	0.0	0.0	0.0	0.0	0.0
ec1314	0.38447054933328706	0.07930419625778748	-0.09923473119969355	0.033390353702776564	-0.07730820704310402	0.05308342752696887	0.24909816550915162	-0.11953340849566582	-0.040168393964353906	-0.07083734423270882	-0.039948344852502767	-0.09953102484254145	0.07050468794814706	-0.03592609768331206	-0.08291077746043173	-0.020187867059400757	0.0006652855090899118	-0.0860580478050944	0.009039356789962844	-0.028508189650518264	0.01179241951485987	-0.024661825440115026	-0.04297858846108997	0.04844011182152643	0.09547205172132428	0.014298192861771574	-0.025724076328091268	-0.0856145726263517	-0.053139101285112796	-0.004182195765642581	0.09381555683343566	-0.05233544679246153	0.0013318193512332419	0.01580974084065876	0.009370294509949136	-0.03389362972181284	0.015464961756815183	-0.02567492361340228	-0.027055676401716845	0.0006325442483392242	0.029962439855483587	-0.010512635771854224	0.01407620505922383	-0.00044744599165957226	-0.03394655419685246	-0.015299643117601286	-0.002888907939698203	-0.01111525655064871	0.008550368346871718	-0.0007011341443324855	-0.0	0.0	0.0	0.0	0.0	0.0	0.0	0.0	0.0	0.0	0.0	0.0	0.0	0.0	0.0	0.0	0.0	0.0	0.0	0.0
ec1317	-0.16579353259220125	-0.27526875224209085	0.12417094615187735	0.010713142986812496	-0.12165213173211556	-0.02034915914426383	0.0010743236091370703	0.18434321579315502	-0.17315717976612074	-0.046409019872052246	-0.04519726096517481	0.04884388171292827	-0.016418610117928195	0.12338104057888713	0.022394499921291795	-0.0278581159308626	0.054165843263805066	0.13708288559365084	0.018452395672544145	-0.15993111928312542	0.1597221665978165	-0.05886564723854569	-0.04971402744914145	-0.07865754991955305	-0.004000823481280213	-0.1039607337597422	-0.2256316862757383	-0.0029733666890569186	-0.02750669079742538	0.0576877956106253	-0.061496641227933975	0.04047343324356889	-0.00634283972414583	0.0342187414883286	-0.043448842283114755	-0.006355031205855658	-0.004248296835698939	-0.053802987913535494	0.026254484510672808	-0.014003540570253787	-0.017870864656514284	-0.051121962928816364	-0.006778953806017372	0.031261005362804975	0.003152769168689042	0.013708987065177012	-0.004444779644608279	-0.006225029287562041	0.002685942678026412	0.00026182196248594465	-0.0	0.0	0.0	0.0	0.0	0.0	0.0	0.0	0.0	0.0	0.0	0.0	0.0	0.0	0.0	0.0	0.0	0.0	0.0	0.0
ec1346	0.4605938757627798	-0.08283462205915633	0.007560634346407507	-0.012977791279425489	-0.0008409991918734178	-0.06753434284546342	0.06589835264534902	0.055294902706629914	-0.11627421277837022	-0.07267978153659105	-0.023323449564454986	0.08960710836313666	0.01035917074023228	0.0797940613998739	0.005367111814873073	0.043019009861541946	-0.032153698441042766	0.060805955463292885	-0.0024010614210000776	0.013784236799155632	0.04862803431625197	0.012495097111107318	-0.04939774594356503	0.023464864361956144	0.007736251188164821	-0.04615463622473804	-0.0549087550039021	0.016713656647903	0.0019840665974671804	-0.08044368151702021	-0.01834627056397798	0.04893498784152186	-0.0017584954642884476	0.03195254380072434	-0.05609150782754107	-0.03734595257791283	0.038684197823219746	0.0957411655462917	-0.029822976728569945	-0.025153587682503288	0.030494527225844476	-0.017407712271046708	-0.017868482438631175	-0.030147623346032708	0.0011240627431878235	-0.003383558654185867	0.0048390574839164945	0.018675805443928783	-0.0042995463736429955	0.006445864276386493	-0.0	0.0	0.0	0.0	0.0	0.0	0.0	0.0	0.0	0.0	0.0	0.0	0.0	0.0	0.0	0.0	0.0	0.0	0.0	0.0
ec1349	0.31378058025218414	-0.0302990051446892	-0.11479625826476964	0.04243293604636509	0.11718603308602671	-0.06011978273064442	0.05008925701353761	-0.16345344766634604	0.06230338311847795	0.10981992541160018	-0.14710482593648544	0.08444047533156629	-0.02828102720073107	-0.04741514668257678	0.05791362288647617	-0.007290882720964142	-0.019491789798140927	0.0047264434536894535	-0.02340584627340472	0.032687354015640366	0.11908841018870626	0.041781831047776274	0.03244061431362551	0.060771942430226794	-0.01997600965401371	0.0035445703154152754	-0.03825147898242398	-0.019150263028722202	0.06012828375823752	0.022742960572436	0.0107081927818017	0.009138495400831581	0.06832170445165059	-0.05509989738603213	-0.04262392605013842	-0.0484851475923312	0.0050734038963064975	0.059434850891999194	-0.008911877348128759	0.031009288562542817	-0.02750505156834385	-0.009309198235028918	-0.008873923135463825	0.022499286638352826	-0.016569791586635563	-0.01466167842914861	0.05416624481583756	0.008206711892234491	0.0026250021025013923	-0.008806220058470014	-0.0	0.0	0.0	0.0	0.0	0.0	0.0	0.0	0.0	0.0	0.0	0.0	0.0	0.0	0.0	0.0	0.0	0.0	0.0	0.0
ec1356	-0.045666054760350995	0.1653537440351649	-0.08119685529168676	0.09190329990029675	0.16498451202694153	-0.008641022180660176	-0.0013031388956313572	-0.15361050142510604	0.09998440990586499	0.22253760361790145	-0.2482801335752737	0.09190468763439813	-0.029563359650325947	-0.12272577443215975	0.09875380377457724	-0.036181923605752446	-0.0338967392267585	-0.0017352373328927012	-0.011470220900099323	0.05276095953378824	0.1532074250538762	-0.1294642202793119	-0.028894194001533646	-0.19889441469487004	-0.07277989825814243	0.10543474479379247	-0.004623801239500103	-0.1174195614886726	-0.05146935155595651	-0.03178359672809718	0.0012132982227087234	0.07379148477717139	0.023138335383697313	0.0710285908564653	-0.00956846974400767	0.04120672260234437	0.03062885314506553	-0.017926934110680564	-0.03734052338668226	-0.0006239573766372406	-0.008722072125034322	0.007095669818328422	0.0009112636018797044	-0.02822428284692771	0.016110568176463592	-0.007108186386550744	-0.02831061096622308	-0.005952504176964462	-0.002507427886678181	-0.0011893200028001948	-0.0	0.0	0.0	0.0	0.0	0.0	0.0	0.0	0.0	0.0	0.0	0.0	0.0	0.0	0.0	0.0	0.0	0.0	0.0	0.0
ec1359	0.5330618098913947	0.007240943194505245	0.02601514361836245	0.019394454539495332	0.07453182075585066	-0.04749215576129697	-0.07799050378722115	0.06902852815729887	0.01736501651393994	-0.0355336980796658	-0.013456444003552781	-0.033072230598290536	0.007107519598457801	-0.03552703762912324	0.03383016812368307	-0.048811027691352725	0.03928536693816507	-0.030466152082288485	-0.02533389050997158	-0.11512494044465262	0.03108513655207677	-0.0037755412381498417	-0.01060038507616367	0.014657434519288458	0.03704592875680401	0.05496155481311188	0.061680166424056763	-0.018847649624365397	-0.014204944227153559	-0.030022187396844077	-0.08553685614287967	-0.03370489980335309	0.05570281656830363	0.10490473930296314	0.09470155225949704	-0.000948570524363289	-0.03862614585657195	0.05368628955743865	0.01910640252142322	-0.03404592093654834	0.0379848827305192	0.026797473648940355	-0.01974046913545793	-0.009332257591245513	-0.017614429502506888	0.01802999598055239	-0.005168970432219252	0.006324524937306659	-0.008634944979562397	0.007282676838918009	-0.0	0.0	0.0	0.0	0.0	0.0	0.0	0.0	0.0	0.0	0.0	0.0	0.0	0.0	0.0	0.0	0.0	0.0	0.0	0.0
ec1361	0.2916865776033409	-0.059999276732619275	-0.20654111333636077	-0.025382824214666724	0.022842338420428408	-0.09267963254152234	-0.03771229170302778	0.016775744449318442	-0.01134746988840608	0.06684365802826958	0.014292214165982853	0.10307209008161025	-0.01024106479724414	0.022865577306376388	-0.016838346986488156	-0.051491517389807846	0.005718512547275773	-0.032787463465220774	-0.04360292899206825	-0.02575386094939879	0.0008812414448832533	-0.04224810013453113	0.043581738726989123	-0.04424899823641189	0.003271687586383675	-0.1057553832575902	0.071988288563418	-0.03435134585105066	-0.06188477741147692	-0.03625469751339434	0.011533745351075599	0.012842717359519284	-0.044841822313527915	-0.061382990526504665	0.011123423387601696	-0.021686309800233398	-0.03837757828357687	-0.011912544156754879	-0.011238971184216635	-0.04828825235673404	0.005350433751715738	0.027727144263316843	0.022069778589603652	-0.010026770599107155	-0.019910261332995272	0.002183402555150677	-0.0016305056425492644	-0.0003831999244714188	0.011981331389771832	0.002024145572458589	-0.0	0.0	0.0	0.0	0.0	0.0	0.0	0.0	0.0	0.0	0.0	0.0	0.0	0.0	0.0	0.0	0.0	0.0	0.0	0.0
ec1362	-0.08173372094201274	-0.2612722853446361	-0.09444605677753075	-0.04380091142028244	-0.14640737887118171	0.19856114030566874	-0.1387335056466225	-0.015338045184643495	-0.0017852970500359816	-0.04784109222941779	-0.04233913218891098	0.008691230760774323	-0.05684589934858071	0.07374578239091133	0.18218608145232715	-0.03351282334341867	0.010366184559425307	-0.06175003811721006	-0.015509271878319233	-0.020602464627616935	-0.10706462458843491	-0.04055843950423223	-0.1930558767881037	-0.038797132186165505	-0.04486817659631859	0.014487051055106732	0.1338470391391274	0.06519600736362359	0.01932768633389031	-0.06580292571139147	0.06244148875119948	0.014459637475126708	-0.017686379780540662	0.004689288394940704	-0.009632476921153208	0.027301264825640686	0.0543266700769932	0.05603297372536303	-0.01309227154042575	0.0023455717329280783	-0.024075347839247342	-0.06666663835579931	-0.007746831499828775	0.013798806689488505	-0.004521612521797515	0.008567288969217362	0.012014278149996237	-0.013741228122255351	-0.002965252564441774	-0.0032599463030022003	-0.0	0.0	0.0	0.0	0.0	0.0	0.0	0.0	0.0	0.0	0.0	0.0	0.0	0.0	0.0	0.0	0.0	0.0	0.0	0.0
ec1368	-0.14332470199362202	-0.317439665915554	-0.0042239244362867615	0.03827660798764866	-0.08917039826236459	-0.008472171937190003	-0.009593112696223293	-0.10114474359235712	0.04271748504154748	0.030913283057499817	-0.07868380547027866	-0.06736385534661313	0.030771617065628254	0.05170099217185608	0.050228975068283825	0.04798043533073024	0.05933386750235486	0.015326707414966204	-0.007168143283191486	-0.07708694770561661	0.001319240186609462	-0.05541423449654725	-0.04115629838964277	-0.04377573708613391	0.1378563071805367	0.05434975551995618	0.1202333141320793	0.05951016725734256	0.02213126956471883	0.19042863960910955	-0.0044134923734332225	0.026082266565137086	0.028021876149812528	-0.03404930615028613	-0.07593122164982308	-0.034176258656978334	-0.045516334707438544	0.011875363430103382	-0.03711938679280634	0.038444792612632964	-0.008915584281641034	-0.024790793241752363	-0.00623350725225874	-0.02394113073760872	-0.01284761051140936	-0.008353735862761865	-0.018369701708959615	0.012185196374316025	-0.005124277299844536	0.007790217365213683	-0.0	0.0	0.0	0.0	0.0	0.0	0.0	0.0	0.0	0.0	0.0	0.0	0.0	0.0	0.0	0.0	0.0	0.0	0.0	0.0
ec1378	0.5640437970786621	-0.0025789916521640533	0.06389847956707188	0.007402845451150951	0.08825254700045249	-0.06706759317774436	-0.15192712723187188	0.14044415236709995	0.030986663049726085	-0.04381211449614719	0.03256809846615493	0.012603277989348087	0.01253978036579922	0.02723698386425852	0.0015485534269812828	0.07266801929212353	-0.03726759435808829	0.0066704946337006795	-0.0005268041933827574	0.03782076983292613	-0.059745561830535296	-0.0485001340483449	-0.06617516468657808	-0.07829321280160201	0.01634533469744179	0.005829131268866485	-0.04974883762682401	0.01048819927271144	0.03391299426052117	-0.01915936048058646	0.05808331283014163	-0.009453172733873092	-0.016423736016713406	-0.05089470892547658	0.02077165396363774	-0.00818431713657536	0.035146594797555025	-0.04742088776987519	-0.017489986521161127	0.07177644704670488	-0.013587195887847315	0.005101380680936002	0.01751654081313358	-0.03972200488270299	0.014516026957170572	0.03425536470933879	-0.0067009099499572775	-0.003789267648617479	0.00418571858745516	0.0023842418563702313	-0.0	0.0	0.0	0.0	0.0	0.0	0.0	0.0	0.0	0.0	0.0	0.0	0.0	0.0	0.0	0.0	0.0	0.0	0.0	0.0
ec1380	0.39717928158812804	-0.08415570300699736	-0.11309819674629785	-0.01968131122668886	-0.03667254709176262	-0.023015398370673196	-0.026388510467475257	0.0848816174308988	-0.05275798482109344	-0.08465863709594304	-0.04580358238692575	0.061717288506757666	0.016413537330846835	0.003477008617934298	0.03887144183189276	-0.10012822375156426	0.04113211727046624	-0.05555963315474693	0.012089658982625734	-0.12580132762310772	0.018238353677415435	-0.05639311572106429	0.014472568866694034	-0.02032885022700775	0.04864567908597127	-0.07585580981513212	0.08668910436402111	-0.03289471258708741	-0.04209865188766547	-0.025018096156204317	-0.05954651378572855	-0.028579664620842958	0.04886927423023397	0.010453958154175451	0.07975698764248813	-0.010537438615462394	0.008206021658675578	-0.03204014426939405	0.015509959508655588	0.03313615432381664	0.0026424745503352337	0.002735125771126512	-0.01658823431587642	0.023428211733773917	0.004522110065170951	-0.028283824963177075	0.007159284382497715	-0.002609837476181885	-0.011411657086506054	-0.0085265334138309	-0.0	0.0	0.0	0.0	0.0	0.0	0.0	0.0	0.0	0.0	0.0	0.0	0.0	0.0	0.0	0.0	0.0	0.0	0.0	0.0
ec1390	0.3768510678927633	0.0020041971699423945	-0.06749944156482285	0.005543851855384042	-0.06457762737276633	0.092081504258269	0.2641619235601983	-0.086660374521632	0.04275279991897558	0.13174257777748155	0.10869876647367731	-0.10359605899861772	-0.04536583484788169	-0.031240016554205757	-0.04863544588322947	-0.07227327981876853	0.03478028978465876	0.02508535463705752	-0.11098591510039957	-0.05855410197370178	0.026342509136247402	0.09524167176445991	0.024274878693939444	0.03252812915156938	-0.11950136568205276	0.025521370940110755	-0.007081095987190948	0.06883261671646462	0.021685215523133523	0.0016010732701150076	0.029402870843052195	0.06243545497928964	-0.08078104990888828	-0.042743689382441594	-0.021057072151409537	0.03558459607304012	0.033442582006319686	-0.0572866261270389	-0.0025173589972642754	0.008568246837324479	-0.005872618669517326	-0.008398714859666761	0.024643357221727204	0.010811779543519383	0.028356402008182357	-0.029220718814491512	-0.009505567792191423	0.005341493643084084	-0.001262505357486429	0.0032551165755056377	-0.0	0.0	0.0	0.0	0.0	0.0	0.0	0.0	0.0	0.0	0.0	0.0	0.0	0.0	0.0	0.0	0.0	0.0	0.0	0.0
ec1392	-0.06823833271020643	-0.24862845248770898	-0.21716433055167295	-0.019864558066317626	-0.08250636506440769	0.02745717729496353	0.04083433137453505	-0.007034363732543043	0.059059040650567225	-0.029338585785795835	-0.055598821620217884	-0.1133395270345632	0.06733087023994942	-0.08331065204785419	-0.025936132003889032	0.02493283350318154	-0.0038080275131097386	0.0008678500075015171	0.05166671010126865	0.04882637654601384	-0.02016132184329779	-0.018143290655080933	-0.05776256722296685	0.04065806623649388	-0.006479201611450629	0.029149082962278913	-0.03695451880960465	-0.035078579426502235	-0.03925075120109478	0.0444927765444635	0.04215635567913567	0.04096936515528124	-0.042658421092874765	0.046594212829320546	0.013214444430093756	-0.03629157454442979	-0.04553705526762596	-0.022450806821809704	0.056715924950006505	-0.05144418996940346	0.004219543819449543	-0.056755166419113004	-0.023579802585506435	-0.02088786398741632	-0.019728712759554238	-0.011266282747844854	-0.014083012257932867	0.0019322507631809721	-0.004889623395776454	-0.002905001742273833	-0.0	0.0	0.0	0.0	0.0	0.0	0.0	0.0	0.0	0.0	0.0	0.0	0.0	0.0	0.0	0.0	0.0	0.0	0.0	0.0
ec1393	-0.17502090119127262	-0.2852716755304331	0.14029534412146544	0.12367104442916241	-0.07506334405164045	-0.1734176098232061	0.23823180359289525	0.2169371547209422	-0.10861596166514213	0.0036941465840704085	0.08893114735636244	0.12259880862734328	-0.02732696268799187	0.01657291946392267	0.0494833713264682	-0.03628755422672862	-0.028368618602819137	-6.887240575549332e-05	0.005922901923176789	-0.0693304858817783	0.0018972469290012676	-0.0359052044196525	-0.021541372050674214	0.0034953632932663496	-0.014258900635073745	-0.020476019781382006	0.06440595361505362	0.017284292689707485	-0.06253630154037478	-0.05550074115752319	-0.007682910250196412	0.02196193401000543	-0.034865368886410356	-0.007858601175313963	-0.03779636281235568	-0.01591149469748937	0.036324242605465705	0.003859255158366802	-0.10605866906958748	-0.022359706803098175	0.028160682271146386	0.02743729552404821	0.03163811065109963	-0.021135094048158574	-0.014757131854695637	-0.024828548424844287	0.010756700797417088	0.006353519778690732	0.0006390662252640803	-0.003958790396511588	-0.0	0.0	0.0	0.0	0.0	0.0	0.0	0.0	0.0	0.0	0.0	0.0	0.0	0.0	0.0	0.0	0.0	0.0	0.0	0.0
ec1396	0.4910961500121726	-0.05147566645753452	-0.020571959404543486	0.006979793879741924	0.128626841488008	-0.0810004413206118	-0.13379759296660085	0.0842955502247751	0.019688094296226324	-0.007208691382366565	-0.008708607146982099	0.027142535292298677	0.051359248882745415	-0.009802984870810202	-0.06670674803659207	0.08092484216034045	-0.032110845486846645	0.008401935527321852	-0.0007416497646642948	0.06417205641851483	-0.060031209658806546	-0.02942312289338385	-0.026644118992107117	-0.01883340364496525	0.015035249524345463	0.039830607552342294	-0.017114668478226992	0.0243855744832432	-0.03135942769177758	0.0027280820529640075	0.035444715423671315	0.030887270613570914	-0.03061774530704914	-0.05968205213764022	0.053670342831423926	-0.01593159655021957	0.008911647782603756	-0.044768551652864925	-0.010301619850453947	-0.043409839557533705	0.006303428614230642	-0.02698240937214446	0.023600155226041735	0.00897496774770238	0.008067995036036094	-0.00753546192160588	0.004330093719333014	-0.01811950471511196	-0.013667398944794346	0.0018461781174824515	-0.0	0.0	0.0	0.0	0.0	0.0	0.0	0.0	0.0	0.0	0.0	0.0	0.0	0.0	0.0	0.0	0.0	0.0	0.0	0.0
ec1400	0.19925690189158804	-0.1412255963449718	-0.2493923287690692	-0.07002458533017371	-0.16395381892640068	0.12863525732149206	0.08946396068238524	0.03235142836840383	0.15120633194309668	-0.08840487689901884	0.06354580316922005	-0.08235182523847476	-0.10183675859132359	0.025565334290076753	-0.028213149740264423	-0.022945798615447734	-0.006212726834668022	0.043983246735596435	-0.036406354973628305	0.008593381670254639	-0.021045076821845157	0.026997913422163903	0.02218773104525849	-0.029209213336506543	0.02931685421812594	0.05327991573310836	-0.0791914942965661	0.019136321845457466	0.023511641938864167	0.02443164983699328	-0.020799581231191102	-0.034338412550515625	0.09511642599359488	-0.01790406240841665	0.006013039217409941	-0.0513451128978592	0.00202422992689135	-0.015139779164719334	-0.0342563793891215	0.026656221077211672	0.04629612503702901	0.0087055660064505	-0.014373440652694436	-0.01946420172138149	-0.011320809060128523	0.01897502535141255	-0.01796744718226604	-0.0042956855572373	0.009237395429211818	-0.011798830345743841	-0.0	0.0	0.0	0.0	0.0	0.0	0.0	0.0	0.0	0.0	0.0	0.0	0.0	0.0	0.0	0.0	0.0	0.0	0.0	0.0
ec1408	0.48574591293005154	0.008234486844475197	0.03359202915701866	0.02370792951998005	0.04265701495939393	0.038810084517149034	0.04278310315475467	-0.0025997916656701953	0.06143320141820237	0.032273622215160454	0.005354185095716409	-0.10534108180850235	-0.0844002676596149	-0.06721596070329611	0.07140431718897229	-0.18455482255235456	0.09695999583333327	-0.03270542256877188	-0.07930384719649937	-0.19658504679266442	0.07903580912058254	0.08770167257265266	0.06682482401903471	0.09015833524070731	-0.05073053766174872	0.08003223048713981	0.047400507012982616	0.02384843482066305	-0.0008612702897194163	0.0059679975836802075	-0.06398505691809415	0.049960423952144714	-0.0493227844669773	-0.012901859534722001	0.03103137425037865	-0.002400302170559859	-0.031631184191296034	-0.0038022352805991695	0.01315084238365759	0.008527485176757055	-0.0279660665187593	-0.019572439234294747	-0.013340048216473785	0.013245685685167832	0.01667273596418567	0.025693368895733	0.003975576994419452	-0.008593005880012123	0.00614790917597928	0.0049041175337901635	-0.0	0.0	0.0	0.0	0.0	0.0	0.0	0.0	0.0	0.0	0.0	0.0	0.0	0.0	0.0	0.0	0.0	0.0	0.0	0.0
ec1409	0.46751841833959634	0.029097913288444927	-0.052836043936229836	-0.012425945944517607	0.04648315559734751	-0.12040870790655438	-0.12523143145745846	0.05585059073094331	0.007074126755663662	-0.02977015445236632	0.025227889480914572	0.03952704503170106	0.04184427392354755	0.02305088016861702	-0.014134921194555523	0.08938737140553228	-0.028791531018009325	-0.0020412072507640703	0.007451539623568343	0.06932146926457304	-0.04096244167142901	-0.028568802253973447	-0.008633398425279371	-0.05052765334651417	-0.025448596679081028	1.1575687833539256e-05	-0.002189114435145926	-0.01960588245863004	0.03507756133721941	0.029039571129217335	-0.02857628441706991	-0.031867326468430344	-0.01576509371043376	0.052113562670450905	-0.04622236908654679	0.03689605691138411	-0.04617298307850617	-0.00450341657247989	-0.033745713189070194	0.0021153551520869678	-0.01292995817964799	0.002168639773678235	-0.04477685185167705	0.026746629354723668	0.03684587265626382	-0.020641039750649737	0.017829840482079213	-0.010799321559203883	0.024116000930579362	0.0012424786488093647	-0.0	0.0	0.0	0.0	0.0	0.0	0.0	0.0	0.0	0.0	0.0	0.0	0.0	0.0	0.0	0.0	0.0	0.0	0.0	0.0
ec1411	0.4153720522614083	-0.13450994976373395	-0.07968230669846117	-0.04356980330783033	0.07223306188907769	-0.07787641623046909	-0.09774647362473972	0.03914783898056355	0.008925602801917622	0.012004201678225168	0.007077915403822188	0.04061245941269775	0.051580075071734975	0.01065825996455357	-0.059529513723817214	0.08540641084504502	-0.009828622613634713	0.013680969121460308	0.011685213846329702	0.05558684141116496	0.0032991327860192434	-0.009836780158533332	0.01903196829696983	0.039090015918490935	0.02955413895571656	-0.022273269316200068	0.026987606279296247	0.05857654507174294	0.017004800040739735	0.00287373423520493	-0.034477961338150835	0.013487578577313123	0.012387798888182134	0.03471407443536989	0.0024000735629555467	0.01250513853103958	0.023204187133521768	0.0045071595250082315	0.0734014153436237	0.013578076934792056	0.044858788031974094	-0.004781337979783599	0.038393859573463626	-0.0060531302255581055	0.020430679366090228	-0.010078098656263013	-0.01829638609476419	-0.005240941379528561	0.013109722036560188	-0.005128009242085998	-0.0	0.0	0.0	0.0	0.0	0.0	0.0	0.0	0.0	0.0	0.0	0.0	0.0	0.0	0.0	0.0	0.0	0.0	0.0	0.0
ec1420	0.5039517394880465	-0.09570390069953517	0.033785337007248464	-0.023323828003143268	0.08921831580481836	-0.09425828962699208	-0.14847708013180502	0.06532187105893472	0.0017577976573410845	0.008741354201365953	0.0362722417625276	-0.011725490949894068	0.06029649449286998	-0.016164716819542777	-0.0699397552941538	0.1090879959480255	-0.04331823772098377	0.02817450679494872	0.01273746626555631	0.07218028882033713	-0.019874547540866483	-0.006175069253684834	-0.020089813146860244	-0.054962497717413385	0.01798065562311254	0.050323389136310716	-0.007039140124253012	-0.01114005071750413	0.008091010591516899	0.01763175654758565	0.035877327444669455	0.015275948795717947	0.013022739321684542	-0.025703374093844305	-0.019281485961323386	-0.029307015566793087	-0.02218931524226282	-0.015458327230166415	0.007516872366764426	0.013496850458340086	-0.0395221265973186	0.012966973886647462	-0.02437114843386762	0.043776981848720295	-0.028250391805657724	-0.001701639063634566	0.00397157918599066	0.011754299030187581	-0.014025860183866075	0.005140753004272845	-0.0	0.0	0.0	0.0	0.0	0.0	0.0	0.0	0.0	0.0	0.0	0.0	0.0	0.0	0.0	0.0	0.0	0.0	0.0	0.0
ec1422	0.4886302542863048	-0.0005467925011155936	-0.032566140097902076	0.009364898071457359	0.018918319693166645	-0.08980987889997163	-0.046156837999854886	0.02251302691786593	0.0009640449379473662	-0.0404814720564777	-0.021037537115979048	-0.012761529708068407	0.028228213032713178	-0.011928946750848738	-0.012080607891417764	0.02884266104929487	-0.0090752344250572	-0.0016896194186333108	-0.004064370857597186	0.015013581212796567	-0.03234615675959143	0.02827554578831548	0.004596990589836163	0.030498022498782237	-0.047684543547495434	0.014967064712877067	0.013992894011288674	0.07115345945387773	0.042977123948545866	0.026117745317315186	-0.03399980904652249	0.02037707772388611	-0.04712722398849308	0.0004267657625459071	-0.06413015836596253	0.1352419478827929	0.0002454379454202888	0.017219527665140174	0.01628546717556794	-0.024228388735119084	-0.02486563191644465	-0.0030352092898666876	0.02776546211503142	-0.0032806400246153935	-0.01920690741793765	0.018095362585702802	-0.024291548079751316	0.025967222050869137	-0.00416937969568498	-0.012725047691028193	-0.0	0.0	0.0	0.0	0.0	0.0	0.0	0.0	0.0	0.0	0.0	0.0	0.0	0.0	0.0	0.0	0.0	0.0	0.0	0.0
ec1424	-0.13687405792219268	-0.19329956419226363	-0.1577117432774419	-0.05121996572826011	-0.07325748227932137	0.24186267676127565	-0.00954097019807237	0.05506667064523441	-0.16460858325387448	0.2584826935943426	0.15911699673952281	0.02921984789550031	0.1384635054687728	-0.11619271550758446	0.03557771792012531	0.0558777340002936	-0.014336535936912411	-0.08715299518076365	-0.05707696008608058	0.039777588533113445	-0.06565156149969728	0.003404115061993486	-0.011509575783308613	-0.019135754342093185	0.023287529826787993	0.02422260932415787	-0.03651125037667325	-0.0037389552450346497	-0.03270974582827965	0.033104439646592966	-0.05415055829700118	-0.007226950675792071	-0.006937138083599832	0.003749087062165189	0.0037829079370568035	0.005992018859871598	-0.007344129942656306	-0.03132287645526439	0.006380710523100279	0.003818031363790938	0.013237068545856092	0.03268252696498682	0.015634688785296336	0.007554801142255091	-0.000943143528665974	-0.004823849218307002	0.009517867435720683	0.0029869717777366764	-0.011433807795627669	0.003484446341378855	-0.0	0.0	0.0	0.0	0.0	0.0	0.0	0.0	0.0	0.0	0.0	0.0	0.0	0.0	0.0	0.0	0.0	0.0	0.0	0.0
ec1425	0.16638204717721713	-0.089424028868727	-0.21975369981478712	-0.0876273709438379	-0.17017993566608597	-0.07473509002682445	0.04022600998072722	-0.028804064732391707	0.009673791361978561	-0.020697706730504695	0.09243277795863375	-0.023829292547386062	-0.04537212796000916	-0.004830719973415338	-0.06269079960806492	-0.06283287259120976	0.00947880545328246	0.013823068036750845	0.010855013928414767	0.052883683946596885	0.05621121573526287	0.034113802047794975	0.018784607784776915	-0.007728973255032279	-0.042226516271904005	-0.09311479423751276	0.01956841432415238	-0.08176816483719876	0.02128762088438055	0.05256154191875036	0.029381163713952024	-0.07195090387483304	-0.0055338322580659105	0.02760350730663579	-0.04677642564464038	-0.015192456424853494	0.021028901072685683	-0.011081839658770734	0.0011993701782347292	0.028902458862270743	-0.03601510787841527	0.02913610213623085	-0.00153222475297947	-0.007476108590726678	0.007057370167572647	-0.030866344963756856	0.003471222449341486	-0.007394748724818837	-0.009889604217181996	0.010138147548800583	-0.0	0.0	0.0	0.0	0.0	0.0	0.0	0.0	0.0	0.0	0.0	0.0	0.0	0.0	0.0	0.0	0.0	0.0	0.0	0.0
ec1427	-0.06622236534804021	-0.28156774694115855	0.20824879791597656	-0.020788492844671887	-0.08674298041174403	-0.026184838649111246	-0.1764871577362043	-0.2712659003426145	-0.10845717258534418	0.06700416160272916	0.0029646814466095612	-0.10348466391791444	-0.0018425404201732117	0.08724097850910592	-0.1268766064825298	-0.019159601056716262	0.06180492234080135	0.03447173892481247	0.0719753024301091	-0.02574544256537759	0.08673316783330129	-0.0338587034245219	-0.042017869806285864	-0.07551851613180142	0.0005107992878346911	0.06247906033689141	0.04848212701429661	0.022648808825179462	0.09908019188780902	0.04480871305369171	-0.027833690860780216	-0.03265306014683095	-0.055779835982988524	0.027247249446354163	0.031621778495936455	-0.02991686592194871	0.06921660198652628	-0.025773023934129675	0.058640610261495835	-0.05300337784740605	0.016475494843528768	0.02446996187450241	0.01896666619136182	-0.04749774389592862	-0.005858712877433794	-0.009900237410138455	0.03882656702279969	-0.002733969406712097	0.009693634304377011	-0.002759252755445959	-0.0	0.0	0.0	0.0	0.0	0.0	0.0	0.0	0.0	0.0	0.0	0.0	0.0	0.0	0.0	0.0	0.0	0.0	0.0	0.0
ec1435	-0.1263613605806342	0.08928856488130085	-0.007029695541667895	0.10538817071800403	0.25231240027474905	0.05958810117021736	0.025911894225751998	-0.02146117242033192	0.03681316312668717	0.14271449454635934	-0.13239051900026416	0.11396580720277881	-0.005429766617394409	0.01746468164467367	-0.14612773333550305	0.016725799926980492	-0.0632050219934137	0.1109997972650976	0.1766163571303774	-0.2802062420034488	-0.26721597108071876	0.244688831318385	-0.007803324066988262	-0.09340146404497113	0.004716369413132121	-0.013739093442763604	0.004935584416204248	-0.032194131082435226	0.031210193004725106	-0.02426116438058745	0.01591870523471887	-0.009777673879687853	0.014636922638571638	0.04357064569000421	-0.040627141861222175	-0.0250746669275533	-0.0030244068430337646	-0.01936741062235278	0.006536636486548984	0.013607038181747652	0.002187289674906782	0.0017386216720860481	0.005043357562415171	0.00030390970530063056	0.000947756725881861	-0.0023335348637601766	0.0019397426619247706	-0.0019548828529196913	-0.0040950759422702845	-0.0016793436025988164	-0.0	0.0	0.0	0.0	0.0	0.0	0.0	0.0	0.0	0.0	0.0	0.0	0.0	0.0	0.0	0.0	0.0	0.0	0.0	0.0
ec1437	0.3443086727791253	-0.04549632981917333	0.13215604051713356	0.05817526475415417	-0.08275251489112774	0.010822105195197301	-0.02773256861988312	-0.3030130689461074	0.03607243139581806	-0.07583238993425857	0.05696904236899578	0.04076317931109552	-0.12867614178140996	0.12053798050312414	0.15082307465574063	-0.060447638688846256	-0.020047750010738576	-0.13760114901150156	0.006299309943553899	0.06641211908497589	-0.07547199704473327	0.07361910345516044	0.06589125417684787	-0.008151063952589941	-0.003305965076624723	-0.060401333474696124	-0.09716108796717336	-0.043560589306422336	-0.044183970282965584	0.009088742336286133	0.022088955999419596	-0.033308515406027625	0.027976940386405857	0.017614116625973942	-0.04937643206226319	-0.009695009896197643	0.00258932060948604	-0.012361395492844136	-0.005897093772354403	-0.01724491253689687	-0.0008645775876163839	-0.0047627434350843365	0.002152663444296801	0.007202553609703355	0.003337837300554114	0.0159213662403489	-0.011464978860182492	-0.007614215263123797	-0.004859535639841436	0.0009013338213857068	-0.0	0.0	0.0	0.0	0.0	0.0	0.0	0.0	0.0	0.0	0.0	0.0	0.0	0.0	0.0	0.0	0.0	0.0	0.0	0.0
ec1442	-0.0836255607772959	0.19439536609804933	0.34182490902089935	-0.5365446947361803	0.18700857447895883	0.008734910361788363	0.12374692668480804	0.06196858550878102	0.031104505387845555	-0.019394688671783157	-0.014975929911969109	-0.04416765742317918	0.010734090397213418	-0.010477308087610396	0.14357460332363414	0.009244243775113832	-0.0011947132937789925	-0.04133910970463472	-0.026915000083949325	-0.08312719038918122	-0.07663501416345343	-0.018543210946520776	-0.022586431972315656	-0.03968805135950325	0.027882878498117245	0.08147342017162772	-0.07964657338745128	0.05402955749170285	0.012360710391429485	0.04349834183129425	0.02564573259298912	-0.014954268902514554	0.014153914144022568	-0.04029176094568802	0.06163234067458485	-0.027654247338012885	0.11727538828760442	-0.0029603882796354793	-0.012778660026709616	-0.042003221348995874	-0.03486541544921774	0.03617779408349952	-0.02676793926856642	0.019978568730378597	-0.017795134821761666	-0.015221830535647555	-0.013213887631175305	0.0048500388036651736	0.008619323123672832	-5.570130677306808e-05	-0.0	0.0	0.0	0.0	0.0	0.0	0.0	0.0	0.0	0.0	0.0	0.0	0.0	0.0	0.0	0.0	0.0	0.0	0.0	0.0
ec1449	-0.018846866137391123	0.10551734845250266	0.27267277553828845	0.034071310924336094	0.029399712026423205	0.2014232098524634	-0.024405219037678283	0.1832684592361502	-0.0747107660896144	0.07492094754519836	-0.10010483057847028	-0.08548096792683879	-0.48053516140574726	-0.07985056852813524	-0.12274561048727546	0.3035682613448639	0.04416456146159304	-0.20138139141710967	0.01885623863576032	-0.014493260403805145	0.07531893828884385	0.005354922770220979	0.003579442328230642	0.022401029286222035	-0.009920157788325945	-0.06586503278468214	0.02890683819114186	-0.0038184900556812213	-0.016037874865838648	0.01912106113542163	0.015101012784125326	-0.010073997204508077	0.008371239227263351	-0.003597684452271604	-0.005449945734557915	0.010771971135064009	-0.007556873301217766	0.0057927070362343985	0.0042268243052433945	-0.008414366633290269	0.005930249577383393	-0.0014982867573205118	-0.005071881945258206	-0.0041636540070723975	-0.0008656337947726613	-0.005540192210265834	0.001109398555605902	0.00026764255662868684	-0.0005367279934617697	0.00025101737494551054	-0.0	0.0	0.0	0.0	0.0	0.0	0.0	0.0	0.0	0.0	0.0	0.0	0.0	0.0	0.0	0.0	0.0	0.0	0.0	0.0
ec1457	-0.24514141107056375	-0.3864271560854731	0.20245561259048359	0.06435995044530525	-0.11260510272937997	-0.19526653320807488	0.010615525051345555	0.011676748382571538	0.013955301378296248	-0.009070327971476558	0.11005360586181524	-0.04094584031148016	0.012232398753075673	-0.007824310902719418	-0.0053866184524972854	-0.007665942088916359	0.001270624686912079	-0.06142597257280076	0.0750558892725695	-0.05095897560975128	0.043544033147797756	-0.04036956362558783	-0.03639799142673976	-0.043429878948396894	-0.02529220221248631	0.031230705852663417	0.11025606513004378	-0.013767783071495985	0.06926499503672601	-0.004404702714711976	0.005139454297422334	-0.06678858934399239	0.026160232258937738	-0.02651068415817838	-0.020589476139887212	0.0049944192368114705	0.006268370791262224	0.011390829361631516	-0.003701765403653285	0.0214959059995679	0.004008324103057455	0.022648425407116222	-0.004131263639660629	0.03990673256777155	0.024196808149802438	0.012185507820621775	-0.01627474577819682	-0.008500089531563568	-0.0026075865694465466	-0.0017886584044852548	-0.0	0.0	0.0	0.0	0.0	0.0	0.0	0.0	0.0	0.0	0.0	0.0	0.0	0.0	0.0	0.0	0.0	0.0	0.0	0.0
ec1462	-0.22656527324787926	-0.18346683516022536	0.009980226163338863	0.15310235154376103	-0.019965907574527857	-0.22929499296723554	0.30685450171361084	0.06159752125732391	0.12896895551863705	0.01634184955909386	0.050863180820662046	-0.012086168182467254	-0.02893784652985365	-0.03283498245209314	-0.07440158851989323	0.005850093990979417	-0.05114837447579631	-0.011779704660455786	0.023668279628050744	-0.0002956589480891929	-0.026205804407913497	-0.04484938712852174	-0.028905512116661338	-0.044069995801011015	-0.03917420704450754	0.06479948356455005	-0.013216429257418809	0.005416807094499957	0.010315353992148875	-0.012819022235888579	0.02211451397461811	-0.025865177814903616	0.017326306280881096	0.005725282756511456	-0.0010827672353431927	0.02747539975619077	-0.023635669575483294	0.03344401494286576	0.06944160105310326	0.021193388490537087	0.044334286706519704	-0.005030339451045172	-0.010217617170262943	0.0028735242287850583	0.017424384344428927	-0.016654764577002427	-0.014728385579506894	0.007723713807702991	0.008675484743560818	0.0021499253261008273	-0.0	0.0	0.0	0.0	0.0	0.0	0.0	0.0	0.0	0.0	0.0	0.0	0.0	0.0	0.0	0.0	0.0	0.0	0.0	0.0
ec1468	-0.07899001923924374	0.43097455716141125	0.03096319948055733	0.10732795175307325	-0.17922114526786245	-0.04933790920049227	-0.05372912752688206	0.0028611965847887494	-0.11295963709221395	-0.01422664139366523	-0.08947977591801945	-0.06812434682416606	0.15436405990010021	0.008200423532763878	0.09930981997225724	0.11945817377726713	-0.00968773718740705	-0.08377621313335944	0.037203642508065925	-0.0726741190533864	-0.037980321927697125	-0.08518230691240467	0.22940546432293532	-0.08945617520965667	-0.21671856262063766	0.004248074755372873	0.00857237657423386	0.0748861533349081	-0.029262716756722786	-0.020744836336956965	0.008392683288889797	-0.05718480067629523	-0.0524598367331075	-0.044525431700924996	-0.01070697169741491	-0.10917448735093449	-0.01721201985085109	0.029468149075746002	0.032679691064358626	0.011034837950849181	0.015257965727233452	-0.026118466764045927	-0.010068944975894095	-0.014193399326410144	-0.011196410668291816	0.003287967238363548	-0.01254195895945181	-0.0008513861625309393	-0.0015772205927616647	-0.000845683650997341	-0.0	0.0	0.0	0.0	0.0	0.0	0.0	0.0	0.0	0.0	0.0	0.0	0.0	0.0	0.0	0.0	0.0	0.0	0.0	0.0
ec1469	-0.08561654410448608	-0.11345661923479124	0.36191265162591646	0.048506819379852836	-0.03534901822828355	0.08843073267440105	-0.20405301621347896	-0.4190995837116687	0.02804560238190756	-0.08348047490106592	0.1167578089372448	0.07496383882722432	-0.07558067964854681	0.06455490579710066	-0.05560351002038555	0.023363161148738515	-0.10581167964083082	-0.024760062130882856	-0.03588985649869289	0.018769179148386866	-0.08136480525822569	-0.007969621073529096	0.05608784834132411	0.0045799863382505555	0.01786084022064669	-0.008963920079277269	-0.012455517240450725	0.015854727251846744	-0.07861215853662641	-0.008114456241063614	-0.05868375222657166	0.04790725012877226	-0.04987272693705524	0.044962031596673536	0.01107738071167619	-0.024854292291913885	0.00369305221545417	-0.0029482895975465285	-0.042737342281964234	-0.008489274440292347	0.032910531800513766	0.0067575018499007305	-0.012628589097534077	0.037675208526495314	0.013262128879058917	-0.009163342033586635	-0.013113129126454055	0.01457316483199955	0.0017476377041018632	0.0006533872635346904	-0.0	0.0	0.0	0.0	0.0	0.0	0.0	0.0	0.0	0.0	0.0	0.0	0.0	0.0	0.0	0.0	0.0	0.0	0.0	0.0
ec1470	-0.29028402845573437	-0.2618836238313132	-0.12410978137312705	0.04638355395967348	0.08921825596919035	-0.021764007210372836	-0.12472957502559975	-0.05589035739029088	0.03987056798660999	0.027377095401672834	-0.10430653917974238	-0.025293327337408356	0.03631658320172736	-0.0517897761632367	0.01715503282610081	0.011796672106001008	0.005727495719982781	0.0060503196709073585	-0.017844010211438822	-0.03317698579048835	0.08125563128535677	0.03336181595336416	0.014384243012748672	0.007862895888098544	0.004391625450798883	-0.02317071598440899	-0.08700508401123086	0.004364446012461626	0.04929980244234804	0.028954964531929243	0.03169931415701804	-0.0681966018563131	0.029008331241583786	-0.0740931476267606	0.04545413215117996	0.07307674619778529	0.02914340837291347	0.01709668071038223	-0.021692121846310294	-0.0477999004905947	0.07599934903331562	0.006856533054790275	0.0417687949002307	0.03755734516130432	0.008612151176790013	0.031064840984255392	-2.3200907907420958e-05	-0.00042757620720165057	-0.010821283965653761	0.0036815003223438377	-0.0	0.0	0.0	0.0	0.0	0.0	0.0	0.0	0.0	0.0	0.0	0.0	0.0	0.0	0.0	0.0	0.0	0.0	0.0	0.0
ec1489	-0.19001789547028325	0.18330680082738857	0.02086667385931674	-0.39393236577029705	0.09654535995922726	-0.1831070699725928	0.005623702175031053	-0.07282422598102029	0.018216936886922785	0.08930474335367752	0.020553426948214354	0.04358983852244733	-0.040031960444018126	-0.021695868004100703	-0.11392398835027198	-0.05117387676350257	0.01629669352081085	0.06697350398472954	-0.011460173237349368	0.06829215912568225	0.028614057936800132	0.060575814626617784	-0.03416154550658759	0.08789666240449144	0.07161163055023584	-0.060712916436971597	0.039071717800415344	-0.009939371958704361	0.030105840844226368	-0.036686642601391144	0.0149283305674116	0.028438533244683737	-0.022233955599958995	-0.05354879809027015	0.0034709082979930807	-0.041946868710369	-0.03507719734416586	0.026323054744377645	0.011953378064986113	-0.0464083550052124	0.010867744222248212	-0.05061319636408584	-0.04863398267348517	-0.016358659809026073	0.008482655705535	-0.010228668025863467	-0.02009407838409266	-0.0103144805688264	-0.008579092129541733	-0.005118525125996514	-0.0	0.0	0.0	0.0	0.0	0.0	0.0	0.0	0.0	0.0	0.0	0.0	0.0	0.0	0.0	0.0	0.0	0.0	0.0	0.0
ec1492	-0.054930141399875586	0.3447580584592033	-0.08875828031408549	0.09440045146311904	-0.13172229732010826	-0.014574231164310237	0.21375541151712074	-0.12714188745861693	-0.041142167035277386	-0.13946742929651057	-0.175477257489047	-0.06671383595141055	0.1313617841423245	-0.0026624439290050613	-0.10727351276563911	0.10880896184412689	0.011012190745931728	-0.08819069767180891	0.044147311252650846	-0.07894202944138166	-0.003720854213646067	-0.09755959846269624	-0.029645734173581382	0.05200765893514676	0.15533640527464582	0.04275397420943168	-0.0023722957288874894	-0.036829000852576135	-0.0530471207097433	-0.03232276663488668	-0.022561845451856917	-0.04395542120505064	-0.09040822350281857	-0.024706927126399287	-0.01020247061818613	0.061571949919656296	-0.01912407914081683	-0.03621289694421255	-0.03814219039161825	-0.006490017133189849	-0.026454351888187844	-0.0038803830994517895	-0.005129125512597292	0.017368089291343286	0.02706609518127437	0.021241379727919365	0.020521019844684105	0.004704246933889194	-0.0033541276635537876	-0.004698609176533468	-0.0	0.0	0.0	0.0	0.0	0.0	0.0	0.0	0.0	0.0	0.0	0.0	0.0	0.0	0.0	0.0	0.0	0.0	0.0	0.0
ec1493	-0.25374028057391523	-0.32293656722396563	-0.03250477506204872	-0.08690183653176618	-0.10036855155522426	0.05039366679914105	-0.1968516668778345	-0.020031469365868425	-0.0394289823101812	-0.04697630225631348	-0.0032999601815710553	-0.10501507770987809	0.04519104769911528	-0.024943103753515182	-0.08908133502377266	-0.009937921026778068	0.03319751683005668	-0.01667335727885496	0.07603049760032717	-0.02998594493565519	0.039875532742591015	0.03165185588644232	-0.030971898792442974	0.01035673908734019	-0.10354260142096972	0.009558083501633443	-0.0758239740658334	-0.03181819243924466	0.017114979010063855	-0.10270370270126394	0.025900103113447367	0.030003360083528587	-0.010699183272179356	-0.014743855700393103	0.0481411475641238	0.015038869019893555	-0.061979965055271716	-0.0025046645299348943	-0.014225960055716889	0.0018412503753302513	-0.07288411051945093	0.06836234395771551	-0.032661270182867574	-0.02823056857705302	-0.009834775919944765	-0.0015979926830328303	0.0005546943509714066	0.011968467330848612	0.0027394217055214973	-0.0026860949142136345	-0.0	0.0	0.0	0.0	0.0	0.0	0.0	0.0	0.0	0.0	0.0	0.0	0.0	0.0	0.0	0.0	0.0	0.0	0.0	0.0
ec1497	-0.20578685618025763	-0.2059787847510725	0.24966280828973142	-0.3688145755774471	0.0349021735523365	-0.10982655778527059	-0.08420671330248296	-0.12099717646950187	-0.09344319705861671	-0.016719881130917606	0.0156832012784816	-0.08240057010344914	0.046292696239626896	0.019917215696698697	-0.12267668717390681	-0.011256976279118522	0.04179146106756476	0.011150404091743083	0.03267608022591819	-0.025546109844154334	0.07530128677183587	0.01639589322364103	0.03608290350798417	0.017889155902232962	-0.05076538063667017	-0.016493019092770823	-0.011942706302246218	-0.01369017311477796	-0.02270189794936236	-0.09613907685767954	0.016016069933522434	-0.0036217046492423776	0.02857611890263534	-0.018521259487285936	0.015854159990047325	0.049065135047871446	-0.03385625254705477	0.03442378095219073	-0.0518643122950104	0.08692733339859729	0.010567763680277845	-0.029942077616211947	0.018104399901348676	-0.0044756236548548056	0.0012255875788476749	0.005954613732971815	-0.014755672952576532	-0.009110023890752189	-0.004878803845632482	-0.0008270935062860442	-0.0	0.0	0.0	0.0	0.0	0.0	0.0	0.0	0.0	0.0	0.0	0.0	0.0	0.0	0.0	0.0	0.0	0.0	0.0	0.0
ec1498	-0.04257617346720495	0.15046689480563447	0.34905407235138786	0.11168715618072951	0.014777734393539665	0.2623199425639821	-0.018140941881565543	0.07357398578155792	0.2587645817207064	-0.07302854532882337	0.09731517103253796	0.14844228178118346	0.18206082010172098	-0.033860013112410284	0.007616242809325432	0.03666380196305026	0.261480146683714	-0.011682728738513342	0.05217893839035072	0.08048420049789251	0.18608432855557724	0.21966278847241133	-0.016873997036689313	-0.14501438077596132	0.08108440040321592	-0.023145159940337917	0.02521191234217245	0.06728749379398885	-0.08604315654930916	-0.03000072992958653	0.019470779644158418	-0.04383413952574298	-0.0352629752733484	-0.015728704041233766	-0.01407178161550934	0.0059418208038226564	-0.01167192784809728	0.014014468752147702	0.0019123108544653524	-0.0030619992858334625	0.002765732322286912	-0.006965646449428039	-0.004079352181373639	-0.008231231597879824	-0.0033592425483008415	-0.008339250681115759	0.0015439841804162006	-6.0316363048558186e-05	0.00345296840672361	-0.0003247151308403925	-0.0	0.0	0.0	0.0	0.0	0.0	0.0	0.0	0.0	0.0	0.0	0.0	0.0	0.0	0.0	0.0	0.0	0.0	0.0	0.0
ec1500	-0.24669959285201765	0.03756599191979064	-0.3481791799892661	-0.010914873494256223	0.009888376111264216	0.10938081879984242	0.05396867521624342	0.033554771845205916	0.07665930743082962	-0.14077535099157404	0.12544028930332188	-0.0686426268276847	-0.045768136570476174	0.031089449366489018	-0.027440480232071844	-0.0026420989084759783	-0.03092792460946587	-0.0011000811169489947	-0.026149394547177907	0.03450873348185986	-0.02399899091974654	0.006572532727265785	-0.055536541712743887	-0.03593581918041266	-0.08947624100461067	-0.008939663791065493	0.00801940381576355	0.04555338181733484	-0.02480956609303809	-0.025541666947458637	0.04298223247587817	-0.00012653577297323305	-0.010296392060189985	0.10545987958803224	0.03935280139605734	0.05133102900529699	0.03625105789599807	-0.05367406678005475	0.0015848916141591818	0.02812302653698333	0.022979495125465	-0.01722891980383362	-0.04760610585630942	0.004903951448208844	-0.021397392580720313	-0.0038106593778585766	0.013548456392365916	0.010786086683600737	-0.0033445042500295005	0.0014966918957394588	-0.0	0.0	0.0	0.0	0.0	0.0	0.0	0.0	0.0	0.0	0.0	0.0	0.0	0.0	0.0	0.0	0.0	0.0	0.0	0.0
ec1502	-0.049017564183020515	0.43602326413765724	-0.018549892971475652	0.0651179126394585	-0.22907730534444018	-0.02583820664311186	0.10036704918669116	-0.04658081238003491	-0.05121072365500752	-0.17804843834066839	-0.05483129872967168	0.014587775014069323	0.10253892877306185	-0.05984594129036691	-0.03420896978989324	0.01891397848235918	0.027102281934256112	-0.10045436108475271	0.12177455906916165	0.039617764961308935	0.031320025518476895	0.058401526392203564	0.03175837696882674	-0.025254758275779297	0.025362174656635275	-0.14277478600677176	0.03179079274831955	-0.029493561321636892	0.15731164582467774	0.02601809877331714	-0.023299932139514434	0.15487331572502697	0.06272217435512892	0.0038057392010808306	0.059263685600720206	0.007602970122493539	0.07982017988870672	0.0015166486182377206	0.007879552816586366	0.016391831069668787	-0.008828172276933933	0.011239509873790013	0.01404397492224629	0.011634780055986952	-0.0061092638358299515	-0.007792742609580929	-0.01724987239555848	0.0034494254483130424	-0.0008085953122508143	0.0037487564276441065	-0.0	0.0	0.0	0.0	0.0	0.0	0.0	0.0	0.0	0.0	0.0	0.0	0.0	0.0	0.0	0.0	0.0	0.0	0.0	0.0
ec1508	-0.13728531080377177	0.4702183803654837	0.004465936003981519	0.04993014932310328	-0.16988686934720723	-0.1385884180505202	-0.20700678412868212	0.07082580815768728	-0.03263114337940687	0.11257233336037537	0.11228818574107657	-0.03024996193097014	-0.06166749724477019	0.0012611824820972603	0.01854971607328201	-0.06473005055538278	0.002659107470467623	0.03465058002613626	-0.03984075346430595	-0.012951183998279209	-0.0295159737424916	0.052685825710401445	-0.11089710220235799	0.047231923237101896	0.07041401477185966	0.032333650690392936	-0.02942775337408107	-0.165296474078059	-0.1037041634855601	0.039988914895204966	-0.06320748836657787	-0.04197488474144189	-0.08454179141892	-0.052886630257082276	-0.024492106914689803	0.006598973420202417	0.0876292888971104	0.06107417503973641	0.054686595521474944	0.052604930811901714	-0.0019822185350615406	0.01033585673150815	-0.011606536645937596	-0.012370881984216403	-0.004867404557035686	0.008353750709809876	-0.013110088772703221	0.005846769438051339	0.00023066556177691602	-0.0023952818324734096	-0.0	0.0	0.0	0.0	0.0	0.0	0.0	0.0	0.0	0.0	0.0	0.0	0.0	0.0	0.0	0.0	0.0	0.0	0.0	0.0
ec1513	-0.28757672309779364	-0.15572673099771558	0.04358700471364628	0.20031543589318737	0.2657419120823356	-0.278737605810756	0.0640500201464781	0.017666054654049808	-0.010273578868474529	0.042330176462720394	0.036254121824371585	-0.015339018805574018	0.0014375702100716894	-0.11637923431666287	-0.05226504076121876	-0.027007039419482813	-0.022832522585412896	-0.012768036857523606	0.03677393571481191	0.07428505366965762	0.02034178861880443	0.02720532926667033	0.0026002460928278145	0.06529127970107883	-0.029709864028057805	-0.021683337262631133	0.017927594516466434	0.03482125076661937	0.01911845333664092	-0.009805237050648168	-0.018974839843185775	-0.03754332741141584	-0.053817379001899666	0.008656202413633773	0.024326097396589703	-0.036786447578899595	0.043381724053280835	-0.01986930751733413	-0.051963757957742336	-0.014341621371277112	-0.02201018108347795	-0.027625411168105674	-0.03199283989295652	0.017172687056951928	-0.01725410839034199	0.013798702754730904	-0.009477642044242628	-0.00305490982601751	0.006349344667124332	0.006235255748203517	-0.0	0.0	0.0	0.0	0.0	0.0	0.0	0.0	0.0	0.0	0.0	0.0	0.0	0.0	0.0	0.0	0.0	0.0	0.0	0.0
ec1514	-0.10944154873155176	0.3798135339847109	-0.11370860246511053	0.04056312947436898	-0.2057293445173378	-0.08740424985431085	0.09360330402045075	-0.03225265483782184	0.1563766493380993	-0.007544105939957077	0.012360419689775644	-0.07409355833877494	-0.06729405489989046	0.08134149690387203	-0.1402673886531289	0.06145496957397607	-0.016871731915996915	0.13869256762040183	-0.09827842983068141	0.05227035348910209	-0.0440053672721905	0.005576644569662926	-0.04768608728206809	-0.10772054023209747	-0.08468197534570855	0.05056583980662152	-0.044622520531481115	0.05686728444847921	-0.023226277801967572	0.009082132830438462	-0.15235659627122364	-0.0508252564903919	0.06522455515185768	-0.042905646463869976	0.05620831247869584	0.020188172651130924	-0.02532794371403786	0.04393877100573463	-0.05289472309275659	-0.024597895183815794	-0.028359047825691343	-0.014566796421644407	0.024873476279450732	0.0009800135790820434	-0.02033781684536736	-0.019734516797893006	0.013234136962962677	-0.0070219654721728735	-0.005791427953407605	0.0016884465535475634	-0.0	0.0	0.0	0.0	0.0	0.0	0.0	0.0	0.0	0.0	0.0	0.0	0.0	0.0	0.0	0.0	0.0	0.0	0.0	0.0
ec1516	-0.10111583682058475	0.26251208411176935	0.17385878042766223	-0.5319531349621035	0.12165908379874456	-0.05802840449277976	0.15091014056726418	-0.0016171584149679472	0.045678813817141256	-0.057505411342873194	-0.018625570743278686	0.002228989226656702	-0.006164711576717567	-0.009506259932858824	0.0762381485325285	0.00559545825783064	-0.018044429485488005	-0.01760374464985764	-0.013447248946952803	0.03946821014998517	-0.019080534800677618	0.009091535904698843	-0.034408663199452204	-0.013121002234132493	-0.039304392633448856	-0.034178765726489695	0.011806762426867864	-0.03548929814007475	0.034070399757458236	0.04743728119369736	-0.026019977888869047	-0.00021581920444681035	-0.05713327887856954	0.07282602044207437	0.003823254542772111	-0.016052238055042495	-0.05548396724047391	-0.024837197170577117	-0.01651465575075239	0.043054232888814256	0.029546188184301447	-0.018248417086271083	0.05219331746075771	-0.03463683506743952	0.0013819707431613293	0.0458669798916031	0.03360692417420131	0.007593989026026175	-0.001124049447564759	0.004432982931582164	-0.0	0.0	0.0	0.0	0.0	0.0	0.0	0.0	0.0	0.0	0.0	0.0	0.0	0.0	0.0	0.0	0.0	0.0	0.0	0.0
ec1517	-0.12848684318462908	0.49991376410294663	-0.011355346101961651	0.046956754089989054	-0.2379040338908145	-0.14692491855748077	-0.16579182678018511	0.036334515614170115	-0.04018123679716066	0.07971385150733275	0.06718365574416328	-0.012355284770081206	-0.02420281892831486	-0.008997204666915648	0.04005633748647758	-0.033640144725031705	0.021869321900166015	0.022121427161747538	0.00980555707838889	-0.019624474500690943	-0.009804638659950687	0.013600578606328458	0.009232197950867566	0.019873936332478446	0.032665994615519535	0.06249856448145759	0.001445164400054197	0.06767758323211008	0.02548459192065813	-0.02247075690011288	0.026800558275663706	0.1306634159077267	0.03527631443214446	-0.036826926609768246	-0.07423839729263582	0.049523234520084086	-0.02561605377931213	-0.06577434303942689	-0.017291643774750176	-0.005427124669848024	0.07954533102789237	0.036473674998536466	-0.05491892449501011	-0.008492016882694763	-0.0188456082678528	0.012945250656402063	0.023382838613546744	-0.016807445518377876	-0.0025364907174250206	0.0008595823547336753	-0.0	0.0	0.0	0.0	0.0	0.0	0.0	0.0	0.0	0.0	0.0	0.0	0.0	0.0	0.0	0.0	0.0	0.0	0.0	0.0
ec1524	-0.10727485249316068	0.4867140453629733	0.020084159513805662	0.04075826808480455	-0.2270686127075122	-0.14994796200758134	-0.1872642871801081	0.043247138244927076	-0.045269151506908314	0.10606940097526302	0.1181891442363957	0.016963482837333572	-0.05162395572731398	0.0376791950134946	0.07105547824979577	-0.012138448700065098	0.0026270258103821757	0.04476701087020466	-0.003857827577069654	-0.06539175520364483	0.06437893364576515	0.01668424784073842	-0.021213866128951837	0.07810469209657062	0.0840011771584788	0.08025346409967425	-0.014396952043863409	0.04300718288997587	0.025378372829561364	-0.02634744770501969	0.14836350149925434	-0.0344508982745558	0.06704856403807603	0.09680317810667957	0.03304589231151484	-0.03862378565563487	-0.06233608294856118	-0.01765950582717406	-0.029721234190057122	-0.02866466124118726	-0.043297631360913726	-0.012488570861379573	0.06501964135369144	0.014669369300330883	0.015086288432462026	-0.014201979149233723	-0.013475511606248644	0.013146701431693709	0.005374172482315086	-0.0009613709327464918	-0.0	0.0	0.0	0.0	0.0	0.0	0.0	0.0	0.0	0.0	0.0	0.0	0.0	0.0	0.0	0.0	0.0	0.0	0.0	0.0
ec1525	-0.16217286489814325	0.21686500328000977	-0.03487567216865181	0.17486121258691853	0.44140640245875035	0.07535257950313684	-0.009557608850764105	0.003710588607438558	-0.17806218794578296	-0.14926174413173868	0.1918284601826919	-0.1594180312905007	-0.04613387943153915	0.049278326254488136	0.04658572756203141	-0.060495052126310456	0.08750223012068828	0.030940884338653878	-0.055822497843849454	0.05988345697343365	-0.0020937529963973257	-0.017482644495790487	-0.03329835912302824	-0.06374122285897471	-0.043382429253264805	-0.002565529651260466	0.030067358667814806	-0.07164448654085884	0.035401794162229085	0.00791276855399169	-0.025122946785300103	0.036814006215625375	-0.0058098846366794925	-0.002143340229019942	-0.029016577212200953	-0.039857173104670976	-0.03992832221402558	-0.00840110570224393	0.014505247864949186	0.0008840219035018747	-0.0007493232304366551	0.0019447966291008306	0.05118551760694239	0.013647783936722965	-0.01837449358149305	-0.024916952924981677	-0.001990368905773143	-0.0068451184044038904	-0.008924367448464086	-0.008539706751280875	-0.0	0.0	0.0	0.0	0.0	0.0	0.0	0.0	0.0	0.0	0.0	0.0	0.0	0.0	0.0	0.0	0.0	0.0	0.0	0.0
ec1530	-0.08921199371888243	0.08718425432509593	0.1147582722173137	0.05075279229689873	0.05729922334091818	0.1488330176577293	-0.023972028072649924	0.12166314793283968	0.15982555193102835	0.08972919955358892	-0.057264087195838045	0.2089547181773563	0.05224238806497482	0.24469176260476702	-0.19498766837320555	-0.11248153476398481	0.2836241955661209	-0.08760256162173144	0.029967042277186873	0.04219675694319318	-0.10460121940115052	-0.19011125166146883	0.02884667420942223	0.18130248712777908	-0.11933948086198962	0.05404250735868678	-0.026569533270168883	-0.050917076691847064	0.030967984445017176	0.048098468332463694	0.015842144162593597	0.011234190420811968	0.01704748607458615	0.01850361302355704	-0.009519534158165824	-0.004260393170058726	0.019482217736192187	0.006349353778053672	-0.017804690752435386	-7.680036608027132e-05	0.0028675805378153645	0.006353794613893474	0.002222397406706456	0.003489257092793368	-0.004680418801876821	0.004820094200168548	-0.0035339198870019796	0.0007027446403307144	-0.0028361444253239445	0.0013787043858690135	-0.0	0.0	0.0	0.0	0.0	0.0	0.0	0.0	0.0	0.0	0.0	0.0	0.0	0.0	0.0	0.0	0.0	0.0	0.0	0.0
ec1533	-0.27226480407573184	0.009654961803871431	-0.3065469277571517	-0.014141187390686965	0.027008189132002255	0.05591434238113188	-0.14002985901024745	0.026647207106734676	0.07982666910896762	0.015964992914869292	-0.050292500408771076	0.0745326822325254	-0.0179715181892076	-0.049663875825327324	0.09161463883509378	-0.044813508852138195	-0.011915209527666133	-0.07386961833529389	0.03341016434441487	0.005097430997288828	0.010965740156496954	0.014371489580179921	-0.10768003053429348	-0.013883984002322249	-0.05685320300260203	-0.03268747262390637	-0.020087950806613568	-0.07092974401536277	0.054368087313884234	0.010637545076549312	0.0005800149747064681	0.004316462257826557	-0.058898479187334964	-0.0707837499911103	0.03539699663376159	-0.032968481195190524	-0.0681235352809671	-0.007937154879965573	-0.00617775527028714	0.018742585021743943	0.055945509541378294	-0.006473824803244225	0.006917224523439495	0.04734070214983143	-0.025236690511508005	-0.007063715274097971	0.0006101921528410838	0.019290512585746444	0.015596754975927092	0.0007653992293663576	-0.0	0.0	0.0	0.0	0.0	0.0	0.0	0.0	0.0	0.0	0.0	0.0	0.0	0.0	0.0	0.0	0.0	0.0	0.0	0.0
eti111	0.13621425074401908	-0.20642077436867132	-0.24936637242454793	0.008590784925654257	5.7373593495517415e-05	0.06158276917206512	0.008433758373977746	-0.0059200267776035	-0.03686935900485798	-0.03391498547703016	0.031271968516988845	-0.035930684699020325	0.0377896302996968	-0.013763029899017403	0.07664873202216517	-0.0030680485802782303	-0.008980155411214994	-0.0249175721819129	0.05356964071394583	-0.05418869606152145	0.005664777292118152	0.07973458106533667	0.05027673740092426	0.05499892802808862	-0.0630711452468366	-0.00978244141462691	-0.07721826797745568	-0.02611480188130085	-0.019903699003138035	0.04503037590858149	0.09458552679049108	-0.0442946290071234	0.014051616137497	-0.015018656722974592	-0.029266183623782662	0.04782254596727631	0.007702632646679781	0.06179148412269259	-0.00831760212226064	-0.025444865025134662	0.007957422510567852	0.023031230647932426	-0.007229407712988194	-0.042946943949384954	0.0049367498980947555	-0.002439284129889872	0.0054708592006813194	-0.004521373537766843	-0.005528519287093382	0.0005269328395910395	-0.0	0.0	0.0	0.0	0.0	0.0	0.0	0.0	0.0	0.0	0.0	0.0	0.0	0.0	0.0	0.0	0.0	0.0	0.0	0.0
eti121	0.2154123293134116	0.06950540899616368	0.08494207542951594	0.003055070912075717	0.005732984185077973	0.14347630725030908	0.09406914343352407	-0.03409715144823903	0.07499406197510386	0.11012885785374106	0.013485398981991484	-0.1834752192888795	-0.08786789143256014	-0.032540054989075896	0.17624896922564445	-0.019674846851896584	0.052366900667547185	0.28740795812046516	0.3965697834183818	0.10591224916202845	-0.04529023646510409	-0.1337267254134642	0.018895514957395262	0.07772406474440767	0.009676579425025884	-0.07858771244587659	0.0300977803143867	0.02703903975967802	-0.06834682768267511	-0.019785540657863396	-0.021487372990880476	-0.006831675805332379	0.001721789450569299	-0.02347491853220766	0.016608720796692872	0.015269729608281527	-0.006068928857211737	-0.0010402528358286094	-0.0004598264528905457	-0.00013477058736802687	0.0026011924322105417	0.01938425514707862	0.007009175667440555	0.01503418945640717	0.004985711018931085	0.002794170141651724	0.0021508904069898337	0.0027941987352583485	0.0010140781300118152	0.001797797295744983	-0.0	0.0	0.0	0.0	0.0	0.0	0.0	0.0	0.0	0.0	0.0	0.0	0.0	0.0	0.0	0.0	0.0	0.0	0.0	0.0
eti125	0.11744185419355836	-0.024627694683522168	0.012851993870739889	-0.011778783208019693	-0.062008912450038374	0.23164464770060636	0.19430835927259485	-0.0794042558763037	-0.25180230378160773	0.36874535588877205	0.17270014716944432	0.06194897667958299	0.1292278582412229	-0.046949913999492075	0.004886776366412897	0.06174130112507613	0.0267050583257425	-0.055104356752723266	-0.03624128600012653	0.05261630415351801	-0.0609523370143408	-0.028196423677766543	-0.0248489392489891	-0.010658607539007468	0.04208188348855172	-0.05822755290838133	-0.027814191752060687	0.015254533432159944	0.06740255043904346	-0.022249926086711766	-0.04709887244825563	-0.017354225297440486	0.045462269792389785	0.01878096339613142	0.04306116666727717	0.015197035142371222	-0.026442519367285502	0.03196458647803093	-0.014998805808428921	0.008961029068920622	-0.015241454015523315	-0.03149089120542526	-0.022577448166478265	-0.0032025422580552	-0.0011835004211691582	0.01975457978364426	-0.0073024619473471795	-0.0033051200388366023	0.006892241027243168	-0.002719148952140014	-0.0	0.0	0.0	0.0	0.0	0.0	0.0	0.0	0.0	0.0	0.0	0.0	0.0	0.0	0.0	0.0	0.0	0.0	0.0	0.0
eti145	-0.26431516045402215	0.05214202629193334	-0.3231794170895249	0.03770851975152437	0.11737226114597271	-0.040200743791969674	-0.02897086933144108	-0.01194684143084225	0.0004716817575867967	-0.039477995623102884	0.004350299944041673	0.061811795970525274	-0.02181742788357497	-0.008849979741706664	0.011027009354413015	0.0020287569632121243	-0.02684936759199926	0.002317042182416486	0.0036417344972072617	0.017319740320508516	0.015455658737591214	0.03389645902048242	0.06852398619758357	0.03404387569752062	0.023767494547389745	-0.06800374574138551	0.05773039712731493	0.039759970867610586	0.01314087839632278	0.06022378534902024	-0.04037824570759277	-0.04230972699651695	-0.025335891168718743	0.0552242475133115	-0.04253733613167563	0.04046386814115483	0.0002434332763472085	-0.005833429009460154	-0.030155766367864847	-0.026197836185495357	-0.048299687073533985	0.027540874568190113	0.0033572268412879174	-0.006361940051439717	-0.057033301854081495	0.03722482146826859	-0.020664294939239488	-0.01852733730326225	0.007981855326077335	-0.0008638680399589599	-0.0	0.0	0.0	0.0	0.0	0.0	0.0	0.0	0.0	0.0	0.0	0.0	0.0	0.0	0.0	0.0	0.0	0.0	0.0	0.0
eti146	-0.23051394773685696	0.2727378346961487	-0.2308841075229103	0.11936451152275893	0.17837292432351942	-0.1300672332600656	-0.06706741293717296	-0.07043693972339204	-0.015294922360789968	0.10160590089859099	0.00849821216622406	0.09030470591751277	-0.024367560048018846	0.031953069550135216	0.03438170350116302	-0.0009288190308374286	0.0002112686118578375	0.01927948268168477	-0.023761367205551862	0.0034775527303848594	0.09394033274791222	-0.040878925288071716	0.060706192309045025	0.05261117965828418	0.026336724868990424	-0.045490341203173315	-0.021684384178670257	0.12715775393759562	-0.0037195406365357732	-0.00583416145628555	0.030829994068763893	-0.09440644850157265	-0.010225276200772212	0.05235765802156933	0.02881001333863998	0.020201850704698026	0.060000197722357575	-0.02681406356601927	0.03315041726048103	0.047276197772036184	0.004065337359851558	-0.02285558167201926	-0.018564400339374922	-0.001353685432923224	0.0009458944107274265	-0.008432356237291598	0.0153375036468946	0.00751480626241644	-0.00862466971392395	-0.0011980881564478043	-0.0	0.0	0.0	0.0	0.0	0.0	0.0	0.0	0.0	0.0	0.0	0.0	0.0	0.0	0.0	0.0	0.0	0.0	0.0	0.0
eti149	-0.04802034273314956	0.15121707141776056	0.27665524233840527	0.0766694562812256	0.07909566375019218	0.23461451789217488	-0.03884091643792016	0.20892668808285944	0.110590461687042	0.13200900388861203	-0.06628433985320169	-0.2043703750661507	0.11207510202246357	0.2315338598493033	-0.07504541221910829	-0.21168792332010994	-0.39548405023988176	-0.13231467249600837	0.03585079037254874	0.04831896678165181	0.11554852118836414	0.011409919517734474	0.01587206523177758	0.0032091151643754323	0.04550538408342229	-0.05087738113249967	0.019492504543181178	0.026653040285127983	0.005554393952553285	0.009282714062308468	-0.005031279222941315	0.0008718036184034506	0.0004803266843064489	-0.00661812916453912	-0.012518982784448388	0.009657560718648978	-0.014126387568715468	0.012718581329106745	-0.0008962599828528798	-0.004637801075603859	-0.002531296786908767	-0.002926312833119984	-0.0010599057855897878	-0.0032169752118369676	-0.0002146043311918689	-0.005322558121675426	0.0018195390936673306	-0.0008915111915967822	-0.00034161504105336684	8.329179709798983e-05	-0.0	0.0	0.0	0.0	0.0	0.0	0.0	0.0	0.0	0.0	0.0	0.0	0.0	0.0	0.0	0.0	0.0	0.0	0.0	0.0
eti151	-0.03745218953458292	0.1393288338394488	0.35937757195297393	0.09980610256745863	0.013848991942388696	0.2680780748720841	-0.08836053574504324	-0.06334021028347928	0.16716917463851563	-0.14535382242055042	0.14940650806105435	0.14606159270716487	0.06652493415116083	-0.2591282730186437	-0.03961000334562428	0.06181620985029664	-0.16902546020917056	0.17931933169254344	-0.134882851806643	-0.17446767296921617	0.032293549419576316	-0.18987730887271426	-0.024956625989756332	0.10653372320568891	-0.04526814946153332	-0.08148778785903538	0.016635744133024884	-0.03561585654117507	0.048466597317527144	0.011173367706328497	0.024442029168927428	-0.016481255149286948	0.021820338208689553	-0.02318245515489324	-0.02452285473288043	0.010541827099013915	-0.0006850958103782061	0.0017845668355871837	0.014930487210755464	-0.001664679306638366	-0.006840037950741858	-0.0048939430674790445	-0.00014014937143447075	-0.021059304949291185	-0.010162262326613679	-0.005364977265131522	0.002131572151697627	-0.005427265584815943	0.0005371962054957018	0.0005588660595281948	-0.0	0.0	0.0	0.0	0.0	0.0	0.0	0.0	0.0	0.0	0.0	0.0	0.0	0.0	0.0	0.0	0.0	0.0	0.0	0.0
eti152	-0.015715409483388048	0.08939584254086601	0.2312996658202647	0.049884771091929174	-0.07338395949573523	0.06976351896414894	-0.07034996854499156	0.057426000109049975	-0.24619106227703455	-0.13909403771984033	-0.20039096421176056	0.04070308717674594	-0.08087418210910337	-0.28823558554326284	-0.11697375215201668	-0.35107887742414856	0.03687208660257718	-0.0019378975236094026	-0.022649531928381487	0.14076280171372435	-0.1410791357412243	-0.0221486547022466	-0.006596917547740662	-0.07005337331139812	0.026802912651615086	0.015741161935051456	-0.04205104397043506	0.10090149067809506	-0.011971840945994124	0.018834730516450057	0.016313421679185206	-0.057164595161322745	0.02228207972255735	-0.0028073267281614567	-0.03601235845463689	0.013277250400120334	-0.020135026980324686	0.021535306832878198	0.011076031390470168	0.0015865403773190183	-0.00018076238714512493	-0.004761459064724868	0.007666661210142557	-0.0018784470749711431	0.008346096768400089	-0.006877998947214323	0.0039516303353867325	0.0035573635756220613	0.0033374436247620705	0.0027636626671859047	-0.0	0.0	0.0	0.0	0.0	0.0	0.0	0.0	0.0	0.0	0.0	0.0	0.0	0.0	0.0	0.0	0.0	0.0	0.0	0.0
eti153	-0.1513131715101317	0.18777517085508583	-0.07941668241219062	0.22199835004261223	0.4196267248152246	0.08627338947737215	0.12396969572480439	-0.10408926832118791	-0.16228538049027336	-0.1262569389375757	0.06278661449931529	-0.12125735414952803	0.0216742211485284	0.12189033141270504	0.010246218206445553	0.04783319096381652	0.06401339267783733	0.017903911408601307	-0.053565073595156436	-0.028449665838240802	0.01795626003677847	-0.05824209533990401	-0.034942711935099235	-0.002666871457116363	0.07417997493591891	0.07694286099226119	-0.033652203580416436	0.010289400467016123	0.014418946007760482	-0.06888271550646421	0.030650397885617946	0.02551660599386894	0.03760294949798916	-0.033411171571690004	-0.041105099990656625	0.012634922644879778	-0.014599229402180319	0.05253230543599461	0.037620117204856134	0.0060114012153963305	0.002480985566886994	0.02196627066266794	-0.013040788216282793	0.00174594114837283	0.004492498488089843	0.008736581559094262	-0.0018399993936407347	-0.0018426659948959933	0.006915313641459576	0.007440581372722367	-0.0	0.0	0.0	0.0	0.0	0.0	0.0	0.0	0.0	0.0	0.0	0.0	0.0	0.0	0.0	0.0	0.0	0.0	0.0	0.0
eti154	-0.2547827378220929	0.1190424072829057	-0.34449769941131264	-0.00019569592121578195	-0.12699617916409028	0.021296997581063504	-0.0625851830538649	0.026937626299083122	0.06337189867122936	-0.04757105127600768	-0.003963743429872127	0.007630426880814415	0.025458107815003083	0.0006797363416993892	0.028503814772983756	0.05615416020872783	-0.03703622670197241	-0.034142673172574356	0.02379282360924694	-0.01908774321320959	-0.06525493440603575	0.03997090443134129	-0.05720631984493663	0.027931745899476106	-0.02814023700590656	-0.019745056832669736	-0.01025078938257066	-0.015477398028087551	-0.014085906642131649	-0.00252459976061759	-0.012893712302466604	0.04353751336468306	-0.009631734158979706	0.011186199691220089	0.021731125878302397	0.005643379141485963	0.006370444067005151	0.08959415655576007	0.021373505235864378	-0.02917672886219315	-0.02202552194049669	-0.008709692045412522	0.03682960865970935	0.006695674606675253	0.03617828871172296	-0.006318941967951386	0.009543574407921607	-0.013279443908382118	0.00725398076706468	0.006552949206016381	-0.0	0.0	0.0	0.0	0.0	0.0	0.0	0.0	0.0	0.0	0.0	0.0	0.0	0.0	0.0	0.0	0.0	0.0	0.0	0.0
eti156	-0.15263778198586098	-0.14698355780983438	0.4506520607108595	0.2549379358272023	-0.04842949541528551	-0.20926871436772077	0.17608645413504356	0.060863993875158534	0.14083999101990513	-0.034676434674810484	0.1536510352508157	0.046338695116185206	-0.008248765088149475	-0.08860463611687029	0.10889575206157857	-0.0013372900522897503	-0.03649004624663808	-0.12731857953006553	0.06857457205650241	0.06994308041448631	-0.05083880790306313	0.020093676144770433	0.005348996448497716	0.006518817299547826	-0.0034785439172027436	0.06012820876855631	-0.060242275996947266	-0.04892370474593579	0.04526082146739927	0.014999810615988088	-0.009913064954456432	0.029090134145349313	0.006064654189544423	0.028976184293718992	0.008019040142813018	-0.019264038716772392	-0.026537349061446107	0.005583458056736849	0.03641318252038921	-0.021496124241379682	-0.024306422762150105	-0.0025852555588065933	-0.0013859053074200785	-0.007041271099436212	0.009442956750385713	0.026126174846409958	0.0223502980090919	-0.005032645564151653	-0.010019415810939177	-0.0057844134388272015	-0.0	0.0	0.0	0.0	0.0	0.0	0.0	0.0	0.0	0.0	0.0	0.0	0.0	0.0	0.0	0.0	0.0	0.0	0.0	0.0
eti162	-0.18450543660405036	0.05990343155564623	0.018705773761485384	-0.4868871642718752	0.05673783329962002	-0.05528033507301265	0.09087077895590241	0.014163803294160907	0.019029914886292798	-0.028653107678429858	-0.0039556477641100605	0.07331636037068934	0.030254399266232287	0.04132833154939243	0.0657256585888286	0.02164053518610068	-0.0012176647171847203	-0.04436551821563881	-0.02802733795843038	-0.029304365751079184	-0.016668930310837913	-0.06244643885711479	0.05271554385247219	-0.04312550416207217	0.010769209908284333	-0.02666963357917727	0.020191920666800388	0.01740133052862429	-0.037228210907674246	0.03593669344361434	0.01666390892857347	-0.0114750826658436	0.005048919158753407	0.01617597568749358	-0.05953595646735568	0.06745566637041918	-0.049575851893582816	0.02025793998122866	0.05328556048213378	-0.019320967142984598	0.004180569541826628	0.0436434071753034	-0.009736271932753181	0.02145535993947148	0.012153504005593788	-0.036805551603309936	0.0019367656019421314	-0.0053859349093242385	-0.002733104641742589	-0.001896382335474137	-0.0	0.0	0.0	0.0	0.0	0.0	0.0	0.0	0.0	0.0	0.0	0.0	0.0	0.0	0.0	0.0	0.0	0.0	0.0	0.0
eti164	-0.20324105055729874	-0.2565172451021776	0.182991308201517	0.16789943386722106	-0.004766053518532424	-0.15519122011067715	0.030944236795471397	-0.08084509927748955	0.08065737805639754	0.038150177067529815	-0.12339628029439968	0.04025115153190718	-0.04248685831762869	0.10815117512700764	0.138547722831189	0.006408155281287009	0.024355142739024414	-0.047444667055341325	-0.11532303513043929	0.011956514860889996	-0.11903821792925917	0.0028659830252529142	0.00044300188162959376	0.04166100868617926	0.07319800566265527	-0.0958549144451987	-0.02749424437111125	0.015034939048209456	-0.023502937833572685	-0.07690171544954864	-0.02375610096161995	0.003917165822606989	0.046960647066320055	-0.07107938540571514	0.0538170953931502	0.06333121035066702	-0.037147490191894235	-0.06782265504896146	0.06598159420891837	0.019228461576445283	-0.030114954685907372	-0.009882482769074946	0.013140559863611977	-0.044248090547848694	-0.027951667875354663	-0.026787880968107226	0.0024110882423564644	0.0020709788381517353	0.005072364060285102	0.005682264051134434	-0.0	0.0	0.0	0.0	0.0	0.0	0.0	0.0	0.0	0.0	0.0	0.0	0.0	0.0	0.0	0.0	0.0	0.0	0.0	0.0
eti165	-0.2814593172644948	0.06675356335653475	-0.3228027227160393	0.057553191265246835	0.17881942381879287	0.052703357695603754	-0.06553803073723236	0.04701244388534167	-0.01302799177812028	-0.09740900769595529	0.07353106244622865	0.010199311638412352	-0.02492161138951192	0.017021669383614272	0.04191061387481478	-0.03911066315971926	0.01670946880489671	-0.022479828928245585	-0.005891466133116993	0.0014946732535026754	-0.026169930487611535	-0.007070086691710248	0.03626058996499063	-0.01704751342989238	0.020207504688803724	-0.056748769311067565	0.03209572909419264	-0.009106162745965889	0.015167874108976695	0.05629229764253492	-0.03293141944918251	-0.015459964013564125	0.042135625089728915	-0.06196971905158274	0.033744986156007344	-0.02764714243762077	-0.004350624375915422	-0.04301815550722045	-0.047471505809948016	-0.03548833656356189	-0.01149183175119231	-0.007706785817464209	-0.03311885965083835	-0.04970359559906283	0.08533209152059741	0.0052459150033633915	-0.0013479164164592128	0.01634994383693255	-0.0019020082515763194	-0.00334037155568126	-0.0	0.0	0.0	0.0	0.0	0.0	0.0	0.0	0.0	0.0	0.0	0.0	0.0	0.0	0.0	0.0	0.0	0.0	0.0	0.0
eti167	-0.23205581759010058	-0.1394243584932273	-0.13557043649605313	-0.21676343077086094	0.015609692179999909	0.031400259885264875	-0.08474048061932889	0.03718166262181291	-0.0021157842834912764	-0.0380041652873014	0.03382850395195221	-0.03062674105945969	0.0758202738403907	-0.07915037608652987	-0.051656820254388454	0.03454271305241389	-0.02923797410966313	-0.060642950515728544	0.04591207713380681	0.030627150835111264	0.027516245293090248	0.04534702763838045	0.05007399774603254	0.07853800987361757	-0.04099928184082294	0.0910257055010482	0.07312951949978103	-0.04031793941341673	-0.11866185537084359	-0.07868719194391806	-0.07408170013701837	0.006739530802500244	0.15327947859716218	-0.019347188375221168	-0.11235850834343956	-0.026894071105857904	0.06597557309258494	-0.073376879353831	0.037295536864484634	-0.022623657783539072	-0.017774196612275688	-0.040523311798265245	0.028474937597463532	0.008560849945078176	-0.0003396528720959381	0.017352370526313374	0.01060847658721146	0.009385885686145025	0.007995900249426034	0.003622703639875493	-0.0	0.0	0.0	0.0	0.0	0.0	0.0	0.0	0.0	0.0	0.0	0.0	0.0	0.0	0.0	0.0	0.0	0.0	0.0	0.0

Biplot	0	0

Site constraints	0	0
