Eigvals	60
1.5779845030614101	1.0521735087667043	0.7810843746607031	0.6415814526491023	0.443037357588166	0.3208436038161945	0.2951438294674392	0.2683533675961174	0.24399642657036544	0.22961406291326478	0.19284631899402532	0.17492602821513906	0.1613211254862822	0.14244169996180092	0.1294482201967154	0.12722019920504316	0.11487537949139578	0.10473009658080384	0.10249922295900807	0.09083831130322753	0.08541036059089652	0.07768057886149886	0.06845205419914341	0.06757331439567947	0.062146887571888174	0.05668483527157793	0.04799676809239918	0.04159830526973614	0.039717759947237086	0.03564464673136458	0.030257744150246582	0.025379897911996643	0.022317105069015825	0.021135485764454454	0.014991591178938203	0.011991224995890865	0.009141835628809089	0.005537943170659462	0.004667674922160692	0.002049876342442074	0.0007197885676802213	0.0	0.0	0.0	0.0	0.0	0.0	0.0	0.0	0.0	0.0	0.0	0.0	0.0	0.0	0.0	0.0	0.0	0.0	0.0

Proportion explained	60
0.1990882663855688	0.13274870532048066	0.0985464266286294	0.08094587678474417	0.05589632806605496	0.040479609743150034	0.03723716755714152	0.03385711750007035	0.030784095455896464	0.02896952766929029	0.02433068211561818	0.022069747602400772	0.020353269086054407	0.0179713242122408	0.016331986591542905	0.01605088570883961	0.014493387044648481	0.013213395522081365	0.012931934733951348	0.011460722132356951	0.010775898361750986	0.009800661379981505	0.008636333737498118	0.008525466499108753	0.007840834991688484	0.007151708754221401	0.0060555685642586215	0.005248298994484574	0.005011037787299413	0.004497148679157362	0.003817503794190458	0.003202084600032025	0.002815663747213644	0.00266658336117915	0.0018914316917470002	0.0015128869717285843	0.0011533904188478575	0.0006987010981726259	0.0005889026834556958	0.0002586250540039054	9.08129692183866e-05	0.0	0.0	0.0	0.0	0.0	0.0	0.0	0.0	0.0	0.0	0.0	0.0	0.0	0.0	0.0	0.0	0.0	0.0	0.0

Species	0	0

Site	60	60
ec1249	0.23252542620415426	-0.023976916810330984	-0.11166835243785388	-0.024038217232334107	-0.09179593911547912	-0.05155429835142911	0.06379597320344366	-0.23200475368233314	-0.08197105536690716	0.05709594964802026	0.04759213659946246	-0.017313946672688065	0.03132177767341772	0.03771843390010281	-0.08393426115999168	0.08701245085515912	0.05550911644077894	0.05803624791358813	0.018873867805165916	0.06552300632272925	0.06724698594481035	0.06570162646077465	0.0018676547095365272	-0.0011977723703172226	-0.021332753000537778	0.035541129159142	-0.03183248979228695	-0.02583178139393271	0.004242823634785486	0.02189904443420585	0.05239269478632539	0.013131311526237912	0.02067562901993444	-0.01676443203290953	-0.007842636571629393	-0.003002716901948615	-0.00579463504614295	0.002640592320363351	-0.0005055251997011544	-0.002400276565232782	-0.001663098506236973	0.0	0.0	0.0	0.0	0.0	0.0	0.0	0.0	0.0	0.0	0.0	0.0	0.0	0.0	0.0	0.0	0.0	0.0	0.0
ec1257	-0.17811819615707536	0.07575507083441958	-0.0329551907706185	-0.03498057913940469	-0.03980841772524578	0.04698451116602747	-0.07739289564278161	0.020256354829738546	0.029114236085630154	0.056934085875606874	-0.048115164844061885	-0.02170448209013417	-0.009650535782682025	0.017500240557155416	-0.004131678533078856	-0.008977215788794337	-0.03512812570067781	-0.010564965719679983	-0.05283580580135544	-0.0017354737998244167	0.010561815004373072	0.024698587752623333	0.004964708539501619	0.034968215128935685	-0.006348770635411328	-0.10515103837898504	0.00128413524292184	-0.028153149589095885	-0.007372728414371533	0.038132608939180905	0.023206667765719526	0.02611948291130715	0.039301863669223724	0.010793137439728213	0.025214088444204894	-0.01875241572580231	0.0032078592727507464	-0.004959537651563528	-0.02615524524765866	-0.0030629208775266262	-0.00011117980336856877	0.0	0.0	0.0	0.0	0.0	0.0	0.0	0.0	0.0	0.0	0.0	0.0	0.0	0.0	0.0	0.0	0.0	0.0	0.0
ec1262	0.12404630880318133	0.1128775092499315	-0.16929802845213848	-0.025561546918701734	-0.0566915553277085	0.07022008645340558	0.05118828419557118	-0.06469645938663256	0.003130280064895774	0.11463715644236168	0.021244970316108565	-0.022699842583312136	0.013500402533371958	0.02310415344576117	-0.007592081480804337	-0.07811813376159052	-0.06643096411377784	-0.09542816644048806	0.023713078694119618	-0.06584493222465994	0.05630704804582509	-0.010589802957909192	-0.01665526696787778	0.05274269872042485	0.05518672580492265	0.04229683513595581	-0.06132703195492087	0.07842297027419723	0.0409764012427942	-0.01426275197974117	0.012140112704978069	-0.0031516052038201743	0.00897465566760581	0.003898292507278376	-0.004526373459669303	0.0020358647677898244	0.020903713893856	-0.0035705646593820555	-0.008375364214793329	0.0017995260380589363	-0.0018751948841011137	0.0	0.0	0.0	0.0	0.0	0.0	0.0	0.0	0.0	0.0	0.0	0.0	0.0	0.0	0.0	0.0	0.0	0.0	0.0
ec1265	0.25159628173398263	-0.1679106612402064	-0.11511845140430949	0.08583842776682075	-0.2124603900103934	-0.032638175709358466	0.020998553313499375	-0.06327015275422088	-0.09304538350963643	0.11012540300772213	-0.027054225996769092	0.06153071793912545	0.07971564217453336	-0.0031278412598029098	0.030098458978313754	0.002196907508255219	0.04489724943432266	-0.025640872823462814	0.041308109234139516	0.013187772948503658	-0.018425834706891627	-0.02616487340309166	-0.06637568338470856	-0.02749832381722583	0.07179700836649199	-0.07993762798926222	0.0668070109590171	0.009250246293692789	-0.016076945122092495	-0.05470598157367875	-0.0130321826710724	0.00010918096944549637	-0.018936556173826037	-0.007193052234863824	0.01837976259505259	-0.0015227647871542984	-0.0036792729964504416	0.006169388877212276	0.001008672233735899	6.969540909050446e-05	0.0008352712164952579	0.0	0.0	0.0	0.0	0.0	0.0	0.0	0.0	0.0	0.0	0.0	0.0	0.0	0.0	0.0	0.0	0.0	0.0	0.0
ec1298	0.24935152329445906	-0.1171531117811514	-0.06160080027725322	-0.17797998410013618	0.0008752493809738394	-0.10720586143696087	0.03820014484361347	0.05455829733280252	0.00673491875145916	-0.045945938300724416	-0.03483166605621449	-0.06661520576186401	-0.06665554846560211	-0.046075062090373535	-0.009639810594469838	0.07344217448381532	0.08023531768551437	-0.12700225783033703	-0.05132596538578675	0.023278151437052943	-0.039272227755578835	0.007692296822326169	0.08694363428185811	-0.006413919230937162	0.03993722587087716	-0.03393934015845145	-0.022363131036117406	0.014452990523103212	0.008002649076061215	-0.00890995029077415	-0.027020323149794825	0.007210183995211283	0.004714605482862464	-0.014844160152329209	-0.009161441624422298	0.00295413692831542	-0.007735112216033679	0.005305888692487135	-0.009077199500544563	0.0026182349135563483	-0.000215130370908	0.0	0.0	0.0	0.0	0.0	0.0	0.0	0.0	0.0	0.0	0.0	0.0	0.0	0.0	0.0	0.0	0.0	0.0	0.0
ec1301	0.21450145278630403	0.09579487973253548	-0.08218322911710596	0.008683854575703887	-0.08635316737123012	-0.20204909471823523	0.0571816061947762	-0.09897830308655876	-0.01179104879346785	0.09451704877464066	-0.09845971319354156	-0.049525420342801205	-0.010624460129877894	0.00450762360483915	-0.07763659131480234	-0.08935675527578946	-0.11755677858335004	-0.003992096669824792	-0.052027843424252485	-0.056426092325911704	-0.03686397233942997	-0.0362941147773725	0.01728540067044675	-0.02714431571868904	-0.08476978604299323	0.0037102007094081016	-0.0032000341037659104	-0.03982015486487824	-0.014365600417538907	0.014173997339930938	-0.045654921888581036	0.0012370221690744105	-0.017930112528621485	-0.00038635321667692817	-0.0017631150552921485	0.009876810941709472	-0.005941217441679777	-0.005820679078345992	0.0036071269662500266	0.00040464059628661655	0.0029695961822879015	0.0	0.0	0.0	0.0	0.0	0.0	0.0	0.0	0.0	0.0	0.0	0.0	0.0	0.0	0.0	0.0	0.0	0.0	0.0
ec1309	0.24024632712713778	0.08547669635972796	-0.10273129039807875	-0.04269590215905462	-0.12414429205302573	-0.08689141593124043	-0.04201036754122888	0.07757775404324951	0.009058195640111538	-0.07802896468394016	0.168109130715383	-0.015858830044437035	0.07778448263815252	0.010721861874437416	0.18865033880260493	0.06607910449686828	-0.09758435054390348	0.017864457379512366	-0.05175889573850075	-0.03870844239651896	0.03206876724985286	0.06253668890288955	-0.0018859825789862234	-0.022263974436513317	0.003980694503058929	-0.0021132504571985413	-0.024483909624058074	-0.00929926911555577	-0.013931193884989137	0.013931243680599262	-0.004831019227278062	0.016571700891912566	-0.009214163471298473	-0.009118312080315862	0.005674839899243598	0.012199110185534875	-0.007742647266580666	0.0007770379382564983	0.006768916580989718	-0.0016875406622485275	0.0009882336543136062	0.0	0.0	0.0	0.0	0.0	0.0	0.0	0.0	0.0	0.0	0.0	0.0	0.0	0.0	0.0	0.0	0.0	0.0	0.0
ec1314	-0.10624583147392795	-0.11205139283860777	-0.03046329543072993	-0.2394062381038561	0.0007566704286285713	0.035310693186142744	-0.09139168787189969	0.0007257409023936583	-0.08006346000449181	0.004214746606221506	-0.04441408079850925	-0.006294547187273052	-0.017239454888739444	-0.06962166229387304	-0.02699038993104798	0.05398456425085932	-0.024849071483535354	0.011169747457950878	0.009693529089531154	-0.004664516026372185	0.02952881423589146	-0.02728090190290374	0.027239265245780495	-0.022067307700947805	-0.015280878859502455	0.01360538800391099	-0.0010157054802629407	0.028147436534738317	-0.03073451636084995	0.010637951988181711	0.01223566706212367	-0.004126385750366554	0.008413692655377123	-0.0031422983962025343	0.010331144588711117	0.00395915676073214	0.005454167768271203	0.006782825314371684	-0.0012422225115206477	0.005949979032115696	0.0009685046853045433	0.0	0.0	0.0	0.0	0.0	0.0	0.0	0.0	0.0	0.0	0.0	0.0	0.0	0.0	0.0	0.0	0.0	0.0	0.0
ec1317	-0.08019490636312188	-0.1692082513242439	0.05773664823924729	-0.21159733044027487	0.10952448453174946	-0.10594738384563109	0.008919742878848985	0.03859037347044425	-0.021714099471977697	0.04021561590920012	-6.728186546202774e-05	0.04994544620136902	0.08870177902075607	0.030439102491585646	-0.03430746603638085	-0.025093478849918506	-0.015314860039151942	-0.004404313814424778	-0.017908273465093747	-0.008636370721769157	-0.0025497193144962712	0.021211104135681714	-0.05069278790356063	0.013302557661612714	0.015886413607581872	0.019636529463232348	-0.001810740183153282	0.04090438283791173	0.012643864624374071	0.05078029300802184	-0.023504165100946838	-0.004902715719856135	-0.0029523038594864194	0.035422564111435524	0.004001225674380176	-0.03469582863856064	-0.03058227479396721	0.0179762509280964	0.01640800071093492	0.00426499903850638	-0.002134543077949461	0.0	0.0	0.0	0.0	0.0	0.0	0.0	0.0	0.0	0.0	0.0	0.0	0.0	0.0	0.0	0.0	0.0	0.0	0.0
ec1330	0.01380008726053467	0.0865255218224444	-0.14269098592127705	0.09341777441550801	0.17666186404774603	-0.003913252874841006	-0.031071439336485037	-0.025767118713312397	0.0016458582044306146	0.019904451169490103	0.010567790996492906	-0.00010743861907991916	0.002125145720690363	-0.031040104408828782	0.025700693819077507	-0.025714313969706987	-0.02066156274747769	-0.017853109498352705	-0.003350062906251763	-0.021310243782752612	0.05425691347531658	-0.015359646308324638	0.03297855277896705	0.016922671798015033	0.021255526584686737	0.02171225929748742	0.030353686648602055	-0.00801996211623573	0.029764113492829643	-0.015635136957941588	-0.0020684218329325792	0.016973462721387264	-0.00304878468033003	0.009279243688089097	-0.0036038487429171343	-2.7203142240633202e-05	0.00046134376665550906	-0.002130238493945213	0.004328049002110919	-0.0028011225291400014	0.003234044000101023	0.0	0.0	0.0	0.0	0.0	0.0	0.0	0.0	0.0	0.0	0.0	0.0	0.0	0.0	0.0	0.0	0.0	0.0	0.0
ec1346	-0.050464685667367136	-0.13014767053215645	-0.005545871833579773	-0.2773550292418016	-0.05783629635573488	0.06593965347296218	0.03564598086758418	-0.0038134771754103473	0.03795256495534726	0.017985927238095268	-0.0011707046169793522	0.03027574955265668	-0.012143504837381925	-0.038572431696224374	-0.013110817664652339	0.059586089863070034	0.010120789827762105	-0.016310828365555162	0.022603500047496335	-0.010885819371493827	-0.01807528407206316	-0.024374728484344663	-0.00461692178506881	-0.04318568933474807	0.02039264555124608	0.03999619893407728	0.0028303808449457383	-0.009408464645910766	0.025983426274625458	0.006763381559664423	0.004275252678115656	0.0006059205017716956	0.0034604788976456344	0.010665470058282226	-0.019176390463249142	0.0034123473860043553	-0.006566973122930414	-0.012716553725656863	-0.0029149026625345147	-0.004886009349194313	0.006858783077139439	0.0	0.0	0.0	0.0	0.0	0.0	0.0	0.0	0.0	0.0	0.0	0.0	0.0	0.0	0.0	0.0	0.0	0.0	0.0
ec1349	0.1440775087384591	0.10282886851299948	-0.1062046030337903	-0.05043609575995177	-0.06970668324039164	-0.025511923379274867	0.03413780988203486	0.1434855494638454	0.09372248582993059	0.007071388471516653	-0.09153482486492112	-0.007766366770420667	-0.013354713219781262	-0.033021704426778584	-0.02441429307885439	0.0006816822363709768	0.03125088918482778	-0.06770518663012058	-0.006063155879317842	-0.00042564576787629157	0.005560457736856992	0.04689112220759137	0.010883356331759263	0.06869114517459267	-0.004862970690545841	-0.014074040615068995	0.00583526071759365	-0.026128150277153185	-0.013639340305629369	0.008780957833179684	0.05466300890181949	-0.032009813462738325	-0.01927100565595406	0.01571091582617921	-3.869677474820103e-05	0.0001357478036471808	-0.008672309378744948	-0.0012225900934521492	0.013364167023507269	-0.0011513930847348109	1.5973201447793062e-05	0.0	0.0	0.0	0.0	0.0	0.0	0.0	0.0	0.0	0.0	0.0	0.0	0.0	0.0	0.0	0.0	0.0	0.0	0.0
ec1356	-0.2094590934953096	0.08833731216691326	-0.04513531642768083	-0.023349005987453233	-0.01286607406364632	0.057281526810699694	-0.07099038066683197	0.02897494625376563	-0.019859298906598193	0.007427486693045356	-0.0011776845494730068	-0.017054024565721856	0.010270735457143864	-0.011444871993011385	-0.004203784391803169	-0.03894088206033922	-0.024786535392289703	-0.01892822505835705	0.01995325302364689	0.018625847784550575	0.01938521927599687	0.0011600776458286224	-0.00427441560707357	0.0014117147940857235	-0.00783022526974251	-0.02319657128933871	-0.013277733248734545	0.028260666195285937	-0.031499846524936544	-0.0101356318405454	0.0322535684569015	-0.01860926677742976	0.0013954428946956986	-0.004022079713022657	0.0018816323540722358	0.018276981884600196	-0.019638210051661265	0.0020144589592583514	-0.0001813127654928674	-0.00032949207798275824	0.007019483840146218	0.0	0.0	0.0	0.0	0.0	0.0	0.0	0.0	0.0	0.0	0.0	0.0	0.0	0.0	0.0	0.0	0.0	0.0	0.0
ec1358	-0.18507710351736684	0.07269799876955699	-0.035060314712731064	-0.007890179269505962	-0.04722413566032218	-0.004932193613973468	-0.07414227566463473	0.029778086967968957	-0.03977441296990861	0.011519158353642955	0.05998117882331227	-0.039723293845039025	-0.036743216569856456	0.019512578214615307	0.006855196968655121	-0.005947565839816757	0.01215801343305831	-0.05218809653537614	-0.0028890719890690823	-0.011904729366347518	-0.018301332648284742	0.015097443227122113	0.00533238014011317	-0.04199874733831504	-0.03101340756688811	-0.0195471747353239	-0.0014990765946617868	0.03201868809834628	0.009441250402929287	-0.0027079895612907388	0.00592942609708679	0.029177820764365994	-0.009923089388530123	-0.026533903614815946	0.006960148587994719	-0.04188410273557414	0.004041853934922261	-0.01153720919905126	0.0141333522430338	0.0006084554588255529	0.0009130523450550056	0.0	0.0	0.0	0.0	0.0	0.0	0.0	0.0	0.0	0.0	0.0	0.0	0.0	0.0	0.0	0.0	0.0	0.0	0.0
ec1359	-0.1529163643184079	0.07152892718661275	-0.03708168134247711	-0.03531226763923598	-0.10549163229884295	-0.0088474185103224	-0.07190624726821455	0.02274197205578073	-0.03713490940213088	0.0061275183036338405	0.02494245036413799	-0.03415408499907035	-0.05384728532227749	-0.006136901649202085	0.005694762723234538	0.03461024747501328	0.01308864719802965	0.004262197827746932	0.00478250534831387	-0.019590860214937403	0.01219166925424166	0.012625212010619486	-0.056725823442670256	0.0221492976864815	0.004077783849648215	0.036653400610854855	0.03004352019100416	-0.009893229710258088	-0.010237892739199615	0.007233779418972619	-0.002918005479091997	-0.03880692269833194	-0.03056103866209352	0.048117195701363934	-0.026355264311784997	0.0173055517368439	-0.006658119505743252	0.005280437001556161	-0.013268835392072603	-0.011057186728781485	0.002193269672942615	0.0	0.0	0.0	0.0	0.0	0.0	0.0	0.0	0.0	0.0	0.0	0.0	0.0	0.0	0.0	0.0	0.0	0.0	0.0
ec1361	-0.20053584708281622	0.049683186910282465	-0.01870053445879876	0.019675259545541127	-0.0038022715697823037	-0.046235266594000055	-0.035132958269073464	0.001594100568713114	-0.009503450941772735	-0.015242342151014963	0.013242816578816239	-0.018941932728924433	-0.018071492083345346	0.051770009706523124	-0.02783011874327559	-0.012955674649409207	0.03108178812182927	0.02310053150019034	-0.001104835498060945	-0.03926011819659893	-0.05053801233103635	0.019883769823609315	0.015120251023683369	0.03234002840231423	0.011419042850446093	0.011975777024916754	0.010834357961712568	0.005504594956330299	-0.01079462401302463	-0.009417205105240488	0.013237060651787626	-0.004775812631788917	-0.005074697910814428	-0.023774407127400757	0.012956317043170601	-0.0031438227435830364	-0.001979222023355973	0.005612354979315063	0.0020572189775538187	-0.009053051712097249	0.004222045148776956	0.0	0.0	0.0	0.0	0.0	0.0	0.0	0.0	0.0	0.0	0.0	0.0	0.0	0.0	0.0	0.0	0.0	0.0	0.0
ec1362	-0.19267530382564008	0.04742889508251224	-0.022603453493469764	0.015032282391610113	-0.005408603186272883	-0.03985592596970648	-0.036969688925819685	-0.002227754815967172	-0.03569256350963899	-0.021389241133390306	0.027709156593114213	-0.04404469649025665	-0.02748695765190616	0.03476602336378804	-0.005502695389772653	-0.007149095557526283	0.010758558612552802	0.018000667823308527	-0.006418614208153971	-0.020220602756649414	-0.009789647124502483	0.0021527854137559296	-0.022111671430231	0.039880153442346786	0.022302783530618816	0.0061386038045455615	0.009309075292264721	-0.007063900854114714	0.013574178895071981	0.017912887113224307	-0.01921745658285331	0.00737049340013698	0.00390433631753281	-0.0045022435780796505	0.005571886344001472	0.013030266749798404	-0.007676372484150046	0.012959825103425264	-0.01656478258882282	0.023235853297824835	-0.005571826302024175	0.0	0.0	0.0	0.0	0.0	0.0	0.0	0.0	0.0	0.0	0.0	0.0	0.0	0.0	0.0	0.0	0.0	0.0	0.0
ec1368	0.25734393060107663	-0.10094014174350145	-0.047892386137947204	-0.2003402074661625	0.10186437382849826	-0.020372304122640173	-0.0006526880300478122	0.10048663027362699	0.05801508001006474	-0.0709996322191533	0.07881293333636505	0.07964617023973988	0.09066407616220971	0.025653753438712533	-0.08741753658089142	-0.0640503865284175	0.041210097105072105	0.05695084882597431	-0.024773439752612314	-0.05553536026767103	0.046449065631488616	0.045761534326122635	-0.03599793545414282	0.02360338649486395	-0.025377528157461953	-0.026660484957122605	0.03794419664943866	-0.005701158127859588	-0.02024342209393355	-0.037119458405642576	-0.018097730770601315	-0.018202494028089863	0.020565177475297316	-0.014707845087560642	-0.021552968673499037	-0.001942211908065972	0.022069365750823473	-0.01811856297235994	-0.010644023069510502	0.005119575011848619	0.0022574405678077655	0.0	0.0	0.0	0.0	0.0	0.0	0.0	0.0	0.0	0.0	0.0	0.0	0.0	0.0	0.0	0.0	0.0	0.0	0.0
ec1375	0.04253071052612821	0.07587624620344499	-0.12451712866092367	0.12197260921267279	0.149881681402544	-0.06573042561717174	-0.020740249122078013	-0.05080223606779038	0.006210132523541859	-0.02336373028246879	0.042754728370205906	-0.026504403446166478	-0.026882321344175245	0.03521157868138536	-0.01528229807463866	0.0693829182930106	0.019914069187191574	-0.021561102487928935	0.0029285001845892095	-0.029754819219197117	-0.07867127287264161	0.019516950871039215	-0.0029428530047693547	-0.0027977917998346473	0.005015897269656912	0.006229664945816043	0.006021930969388084	0.0017148261955225324	-0.004682784705215255	-0.021460967467789267	0.012261452870633316	-0.011855491738890072	-0.010178090330448888	-0.005131181612955704	-0.015131783486971544	-0.008124746553724166	0.011959114989513695	0.003672907177177959	-0.0009511309430232383	-0.0007822984670969949	-0.00014570129673820482	0.0	0.0	0.0	0.0	0.0	0.0	0.0	0.0	0.0	0.0	0.0	0.0	0.0	0.0	0.0	0.0	0.0	0.0	0.0
ec1377	0.2649240880234838	-0.2624524778676979	-0.02128567163025786	-0.06712206454292738	0.004106690613781575	0.0016485000138106085	0.0247581240211229	0.13034129283528223	-0.06865830706882294	-0.10239367200631427	-0.029924526796976384	-0.07918671110496318	-0.062014015400641005	0.027854100898427412	0.00014636126191244574	-0.0430475638357277	-0.08097636481965469	0.0510966149865019	0.008520269331002943	0.004638413369250435	-0.049896330611740404	-0.08459683676118546	-0.05748394115738847	-0.028571873551085092	0.036873381889247055	0.016870155353756043	-0.025489708165171432	-0.039295300558792996	0.037196896180595025	-0.008536852023360873	0.05565400377147576	0.0005625115803402908	0.012343906918550099	-0.017141388428043636	0.010400181455942048	0.008953604788328736	0.007512142050153054	0.004497503178184242	-0.0016950900518260693	-0.0009249538501107081	-0.0014982434213160023	0.0	0.0	0.0	0.0	0.0	0.0	0.0	0.0	0.0	0.0	0.0	0.0	0.0	0.0	0.0	0.0	0.0	0.0	0.0
ec1378	-0.14426195094355526	-0.18105575046080108	0.03315235498204489	-0.145932426944415	0.16957037809209446	-0.00885410884545333	0.017575902092610615	-0.0616689989194399	0.0071257105324336305	0.03649547675467742	0.0096164847205329	0.02797077009523247	-0.005183319041990264	-0.009026622104990665	-0.003472496883270149	0.05278770996810182	-0.006589113588593146	-0.021475659128507088	-0.010892471531179464	-0.024207213693949108	0.0033999441306419103	0.03354677128140096	0.01841869257037295	-0.0010206177722057136	-0.02194231007847405	0.020442983186157	0.02617813670021061	0.0017791232050744592	-0.0036330519078483637	-0.02454572165474332	-0.009518607337475697	0.03425900560790313	0.0038501529102612634	0.007882858326936446	0.04861378552557226	0.053212332582434546	0.011228385122093685	-0.002059211583836842	0.006582423426994099	0.001485365517875522	-0.0007892817762906559	0.0	0.0	0.0	0.0	0.0	0.0	0.0	0.0	0.0	0.0	0.0	0.0	0.0	0.0	0.0	0.0	0.0	0.0	0.0
ec1380	-0.15637266322389	-0.23900570419418252	0.003776897263879371	0.15471027429706602	0.01754799015017266	0.046813871773031	0.006665476172221349	0.00384924702196744	0.025650198095486503	0.015911972723028855	-0.03155318537747239	0.047770391429818114	0.022324089093901666	-0.018435029217717357	-0.009655220247137644	0.006061081380758258	-0.025165484514072384	0.016909165499378327	-0.010123959063009039	-0.00016508028879124473	0.0027814550048425764	0.02212677535776568	0.001117632852286667	-0.00613389364084788	-0.004971561632828579	0.00505799205852943	-0.009881697367469315	0.006284091601269438	0.009825217505077111	-0.011138151717385292	0.0066209111048219065	0.005169066194648589	0.0008162115407364092	0.005408703253999314	-0.00842052411953624	0.004989193079980005	-0.0013231538728077329	-0.0005558926488316371	0.015867517635131844	-5.9262263815495724e-05	0.0007883179395559467	0.0	0.0	0.0	0.0	0.0	0.0	0.0	0.0	0.0	0.0	0.0	0.0	0.0	0.0	0.0	0.0	0.0	0.0	0.0
ec1390	-0.1958479433346814	0.06712585492655578	-0.05073716198470895	-0.04209415749321145	-0.023425217265853514	0.07191855339041166	-0.0491432174912901	0.028316269482340846	-0.0186061923685656	0.021261236311454997	-0.013324878964419468	-9.849110742276172e-05	0.007352088507540483	-0.0038620753614185418	0.017226873669469855	-0.0047484173022870856	-0.010253787708858734	-0.011573471623095707	0.0053285811055142854	0.007637814082016889	-0.00958018324004927	-0.0036676713336522815	-0.010158433530935491	0.0005354089648111774	0.016789506640724643	-0.030351068605531308	0.0012042999616627135	-0.025180706114365833	0.016352275044162118	0.006454299390399991	-0.012822478786127847	0.016133914784345362	0.004465778901956363	0.006922977530926991	-0.030587843844608244	0.01408940959184121	0.025047456236137532	0.0140550635446573	0.02214022076736912	0.0019027451450054254	-0.0078280673736529	0.0	0.0	0.0	0.0	0.0	0.0	0.0	0.0	0.0	0.0	0.0	0.0	0.0	0.0	0.0	0.0	0.0	0.0	0.0
ec1391	-0.0964429005166688	0.06921992226229914	0.004304508405932206	-0.03795783355454508	-0.09045571756188683	0.031957671047827305	0.07118971256408066	-0.052674093405426684	0.04843915996560738	-0.10574761644281032	0.04238725011941506	-0.057960211849284515	0.011235155373047978	-0.01773709544200493	-0.03016572848531942	-0.013149174415881088	-0.0032985952596910834	0.05472190940317558	0.03500104679969151	0.05266306327081974	0.040088619928387095	-0.03816024255071406	0.02277948485459868	0.09470562125996512	0.016006276962646417	-0.0447838132371997	-0.010374810701780646	-0.011896087526378772	0.037835660112987154	-0.026106776042500775	-0.0306184139886543	0.005001233016894765	-0.0047556683129851415	0.020818485593015867	0.0327009158522746	0.011062284234840937	-0.01956294976845879	-0.011068774422941375	0.010816020640712073	-0.003123297584755787	6.523516866109593e-05	0.0	0.0	0.0	0.0	0.0	0.0	0.0	0.0	0.0	0.0	0.0	0.0	0.0	0.0	0.0	0.0	0.0	0.0	0.0
ec1392	-0.13771171658763845	-0.23887379292741687	0.00643465867763309	0.1741241313889061	-0.012903512804579697	-0.013181522977961978	-0.02244409377493133	-9.874284412925023e-05	-0.0441771707697649	-0.003104906604462005	0.026696830897348277	-0.020325077315758208	-0.03673676884434352	-0.0035027404474504754	-0.007820137301913567	0.005332352389663509	-0.004095929538859747	-0.009194651155347592	-0.0016495361844352189	-0.023103443892570845	0.027607519923820722	-0.0015843747990652386	-0.02473489954322073	-0.003445965056479152	-0.012398039478308667	-0.010416241853622155	0.01735010600466204	-0.008337154149148198	0.0011319836560065753	0.005285356764270234	-0.00795392703467672	0.010892058387594272	-0.005817953251836088	-0.0006744533449314896	-0.013901112923530938	-0.001453338389561827	-0.001776100107934862	-0.001190532173255165	-0.01311686542628529	-0.0015095960191652622	-0.0019655202312402874	0.0	0.0	0.0	0.0	0.0	0.0	0.0	0.0	0.0	0.0	0.0	0.0	0.0	0.0	0.0	0.0	0.0	0.0	0.0
ec1393	0.04193798262668503	-0.151915322901003	0.018294679885257768	-0.22591707486408	0.07085034227657187	0.07800841040632546	0.1079742780470488	-0.08943742977111598	-0.09151124001999573	0.07273447124718185	0.005923671922841104	0.010819255785125827	-0.0836823487903759	0.03978748927668042	0.18077343583818423	-0.12090626618883338	0.04960764893768826	0.01914666095259396	0.05329591821195286	0.01895935232253464	-0.056063387044759154	0.028424758693732555	0.025633986515126952	0.055769190279096104	-0.06063244810231418	-0.012587767405813589	0.009545409849387903	-0.0103669168114188	-0.019506633598772024	0.004567034204837904	0.0022864207322321754	-0.003936674306637368	-0.012284056898753035	-0.00020254722061620794	-0.012903191817414606	-0.0030157519889376268	0.003657688711408779	0.0015307896823370775	-0.0021975062208281332	-0.002238551251427446	-0.000958436479894959	0.0	0.0	0.0	0.0	0.0	0.0	0.0	0.0	0.0	0.0	0.0	0.0	0.0	0.0	0.0	0.0	0.0	0.0	0.0
ec1394	-0.06456787926363089	0.10944037186347773	0.046479124179165346	-0.07198571774340189	-0.14164065295491773	0.11698763812957456	0.008740180367124708	-0.07447621378527129	-0.01618946458376882	-0.10651593979377003	-0.05540860254817807	0.021370325611523442	0.038992192968969094	-0.0462431819056531	0.023726991409165857	0.006381317608241592	0.0038716762320860146	-0.06005739004267024	0.03973228665913095	-0.014499828030633275	0.040999606908831046	0.0027195359518562214	-0.0010839417410784989	-0.04186822050565966	0.00019271858552581323	0.018810438056362327	0.0194297150890785	-0.07531517107508107	0.007491092280851476	0.03156886718903936	-0.027737942529633634	-0.0021465388849341927	0.0002885333831440109	0.00365722236703076	-0.012343692153890608	-0.015849440153898612	0.015772716576359713	-0.004909687153180113	0.0007829674713910374	0.009421180453276067	-0.001970727859363855	0.0	0.0	0.0	0.0	0.0	0.0	0.0	0.0	0.0	0.0	0.0	0.0	0.0	0.0	0.0	0.0	0.0	0.0	0.0
ec1396	-0.21390673965182247	0.02128022839855511	0.011182901933476364	0.07350850679250155	0.06682753257780998	-0.07558262235033464	-0.010912305636668292	-0.03549870568701199	0.02206163071331372	0.004658452746153569	0.04052409620367816	-0.019496134247862645	-0.026521470255310854	0.026627562370273267	-0.00452846098365468	0.016415846577170448	0.01101011119924612	-0.029741379310401803	0.0017504382373626146	-0.04090525444660645	-0.022592757312350924	0.01293586298718381	-0.004318032171852527	-0.0047955559351569015	0.0011398091443881762	0.025144382375365596	0.026177486420798993	-0.00896959699560503	0.00274400155968312	-0.01408993992143268	0.018235875004507816	-0.008522185929626249	-0.0005582701610984366	-0.007964750125719107	0.01369698862146938	-0.011892259555469818	0.018142858793059633	0.003278778611300583	0.003931739695904147	-0.001675247202227642	-2.112932046370378e-05	0.0	0.0	0.0	0.0	0.0	0.0	0.0	0.0	0.0	0.0	0.0	0.0	0.0	0.0	0.0	0.0	0.0	0.0	0.0
ec1400	0.05110292060621949	0.12510182381738796	-0.19051524958724433	-0.002736077374154351	-0.001296843252491648	0.03652744253150256	-0.10324188092473724	-0.016796327746553076	-0.035965111230211344	0.024966870970719268	-0.059343920095162046	0.02250406192746371	0.008330576519984383	-0.03407591719640809	-0.003745139688068319	0.049799834542688326	-0.011410756653602255	0.02730404304516491	0.01399324999481227	0.001206761830584819	-0.02816456783240563	-0.017843524777260027	-0.0004797358236266458	-0.009180842914878288	-0.014810091907105936	-0.008077081828770474	0.020372703485707258	0.0003351166059683594	-0.018621788431125146	-7.946108600560744e-05	0.005287351283178969	-0.006811764721488005	0.04763839909291475	0.02660933601324941	0.011312780923111315	-0.004623435662045274	0.017129746171714547	0.009291557644642038	0.012108039366434066	0.0014530964856862456	0.0047396296824394725	0.0	0.0	0.0	0.0	0.0	0.0	0.0	0.0	0.0	0.0	0.0	0.0	0.0	0.0	0.0	0.0	0.0	0.0	0.0
ec1406	0.10395819317239542	-0.20355264112766716	-0.133616325694805	0.20402518926647106	0.09520116945616035	0.06925584519765451	-0.0063632080040965985	-0.0008896291620833095	-0.04072674749860603	0.003108635510342649	-0.03849704272631408	0.04545165122019381	0.0026452406991645046	-0.006925422819332372	0.07423763701186761	0.022916061496339343	-0.010584629788141064	0.01257423101860096	-0.04421098757401909	0.02263645406517985	-0.010673913695141465	0.006236453595618102	0.0013422418594104246	0.010205688424334818	-0.0296326917800015	-0.005475552957391948	-0.03997280048773804	0.004471764930964859	0.009083648669386282	0.01983041862320137	0.012024755598072881	-0.005783335583008256	0.008021948917867828	0.021308235863612756	-0.0011558056773448436	-0.011892977694169889	-0.008483419672183964	-0.018724940611668406	-0.0030792749318358605	0.0067477222556014925	0.0033503625775165185	0.0	0.0	0.0	0.0	0.0	0.0	0.0	0.0	0.0	0.0	0.0	0.0	0.0	0.0	0.0	0.0	0.0	0.0	0.0
ec1408	-0.1398958606051979	0.07727206081582758	-0.00859121907625368	-0.028709848473031683	-0.03959077135585	0.04150734813367649	0.08217039033658352	-0.04523560934343348	0.08065014661179461	-0.048923804596833195	0.039529199929002286	-0.0010751998815406812	0.03321166555943784	0.033848893430561	-0.01694309208803578	-0.01577860708054501	-0.016738293564601107	0.05215140400651602	0.01932278101850925	-0.0065954143292466854	-0.02376839405876409	-0.007832392629054158	0.04693426952507687	0.02469908881622284	0.033317832655173775	-0.01262704762178292	-0.024291583304075545	-0.023882670709344054	-0.014224217188803366	0.01742047821890902	-0.003956243797607009	-0.03423610013010007	-0.01682118451645643	-0.030657503700071222	0.01397130442835622	-0.014518560234022674	0.022539118657396703	0.02278192831965933	0.00595466193537175	0.0038017146916543717	0.007114549233187481	0.0	0.0	0.0	0.0	0.0	0.0	0.0	0.0	0.0	0.0	0.0	0.0	0.0	0.0	0.0	0.0	0.0	0.0	0.0
ec1409	0.07868452550544873	0.11195831860164461	-0.12828578353901374	0.015559044708770743	0.0513415339757206	-0.07829795207957498	-0.09808843627509024	0.05461322523116587	-0.05427278481477138	-0.011150120648646757	-0.058959896766699896	0.012112296332175369	0.05608919300488781	-0.07277518902722185	0.028909670091816525	-0.05035552281543878	0.02904962449397179	0.05940939015120958	0.011460537856740777	0.015172470504021533	0.03654372649798997	-0.05952604165009157	0.07441990115584778	0.05386112350578026	0.0399570352013512	0.07442942915345845	0.04827932896266101	-0.006873590272669762	-0.029709349676801357	-0.0002359338234201741	0.007647786940981937	0.03215671375707834	-0.004114202230025707	-0.0323645509401344	-0.010672205013666393	-0.012407479278599875	-0.013488540252126745	-0.0012273867023963618	-0.0030625909945864375	-0.0031715886370413658	-0.004800617375160306	0.0	0.0	0.0	0.0	0.0	0.0	0.0	0.0	0.0	0.0	0.0	0.0	0.0	0.0	0.0	0.0	0.0	0.0	0.0
ec1411	0.13603125049954676	-0.1515314333181062	-0.116460883709778	0.12063754593775033	-0.08708639394043063	0.09072160288197453	-0.0029078631060198102	0.0996512846287206	-0.023177515581070982	-0.0728266021942765	0.011177151056516843	-0.07819711603752516	-0.04413547935679481	0.0019384957205934828	-0.08423728192171387	-0.02207583533022577	0.010771778192671236	0.010161616471271643	0.021452626489517013	0.0066446042052956695	0.0026203876518153166	0.0437636646822286	0.001178089906997206	0.017041317207886566	-0.054127729713565984	-0.012586745358577742	2.8901766687096527e-05	0.025075568673949767	-0.017969560009459398	0.003446644694114582	-0.020872422200359463	0.025734227275016983	0.0076280126055604325	0.013189938331716429	-0.02155872202169411	0.010219582241553565	0.009074591882032725	0.008587842298832426	0.01251163995207986	-0.00841397885377312	-0.004589450074739643	0.0	0.0	0.0	0.0	0.0	0.0	0.0	0.0	0.0	0.0	0.0	0.0	0.0	0.0	0.0	0.0	0.0	0.0	0.0
ec1420	-0.07106953011914476	-0.23820598068721094	0.023961097548863847	0.1469826067989836	-0.08794833370118962	-0.007623959494324133	0.08596990278005015	0.011097402580496941	0.058238070534188356	-0.008230150043848406	0.05007192973835734	0.016625206719818052	-0.016632235097834482	-0.002586009326531004	-0.018945900991473377	0.009418324881445384	0.03083263349084596	-0.040738926611489	0.006612855231866007	-0.027427085643528946	-0.0059823843383327675	0.003400083736901131	0.027615649164637875	0.016863552607409155	0.0015859298644510806	0.01856725123493616	0.01393330524363302	-0.02073973113880019	0.009221430775016661	0.013641504958877934	0.026858186187248886	-0.02399632822188812	-0.026850955494069646	-0.0002879513456650978	0.011488862102334765	-0.0013654452921187264	-0.002798163363371996	-0.021110417598631255	0.007882748866883315	0.012177608555633431	-0.002914946167535574	0.0	0.0	0.0	0.0	0.0	0.0	0.0	0.0	0.0	0.0	0.0	0.0	0.0	0.0	0.0	0.0	0.0	0.0	0.0
ec1422	-0.11633720429369473	-0.17686129541648357	0.03983419981531208	-0.15051474827419228	0.17111287168213188	-0.009697239728180639	0.005074808506904054	-0.06087002581318661	-0.02464239774334081	-0.033462867480107523	0.02415434374803497	-0.031392774651067185	-0.003765272081812303	-0.00939885400494899	-0.03811580077866768	0.04168248956901988	-0.06539922718106743	0.010510169401330916	0.0009636867903753758	0.010901617258480783	0.05307422114798043	-0.048184722146438784	-0.018160068783226038	-0.01466671649214663	0.012954835111378042	-0.05430100945631364	-0.02377891482591027	-0.008133806368887879	-0.007362750859830306	-0.003667237215738822	0.001144070065098326	-0.015007270908851893	-0.040539268140039365	-0.010668631706386395	-0.0013695992284499163	-0.025539571127886	0.0019310920491963461	-0.0041882747112527785	-0.0011849775098076772	-0.011398897060613566	-0.004212296072103423	0.0	0.0	0.0	0.0	0.0	0.0	0.0	0.0	0.0	0.0	0.0	0.0	0.0	0.0	0.0	0.0	0.0	0.0	0.0
ec1424	-0.203063660036469	0.018986166137155387	0.007272907920568991	0.07508850829381715	0.06269616152783393	-0.06612989542722368	-0.011245088254059437	-0.03648784883174499	-0.006745814396216434	-0.0028110129240410094	0.04701802716258628	-0.038307757461779494	-0.041155712833920985	0.005602177567532868	0.008645771230340235	0.019137771281384282	7.480069482473338e-05	-0.0362336408026311	-0.003505798265732316	-0.019555041539562373	0.03403390376073938	-0.010270698386634913	-0.025232565588627135	0.010931678056073847	0.0059336503475572195	-0.003654739471903891	0.033397138446890705	-0.03259264550145248	0.007123026134470392	0.0008846872998434363	-0.009890832787497052	0.010423345284661139	0.0013675063732374129	0.01103114554605374	0.0015940167989410533	-0.005679945136638539	-0.0021484076256892003	-0.007392862636623622	-0.003914905990276086	-0.008032598691915005	-0.0024362988398318507	0.0	0.0	0.0	0.0	0.0	0.0	0.0	0.0	0.0	0.0	0.0	0.0	0.0	0.0	0.0	0.0	0.0	0.0	0.0
ec1425	-0.07670206189756301	-0.2425326310784913	0.01756780824484294	0.1337853777276138	-0.06118873150862793	0.07625535841289963	0.09429176041662558	0.0006125022883213067	0.0960880468047816	-0.006403885779872849	0.018573315723530583	0.0476499125607685	0.02030531171212668	-0.027539933059405722	0.013372086017481683	-0.0055402895146723155	-0.0193672321319259	-0.015114418942443527	-0.013277210284798821	-0.0119215947734591	0.028502867531652095	0.0024745771179351143	0.058095649318950435	-0.02072449948147744	0.00047221038838536747	0.021644820075667287	-0.02194381028273501	0.002768108602926285	-0.012145915686889386	-0.0077253604493815135	-0.04595457431219831	-0.007995319209519793	0.01777433164464992	-0.005953840352614742	-0.004113885072075588	-0.005845057233291887	-0.0025109618898255226	0.02596794467067571	-0.016786649658044595	-0.011548431699278404	0.0009568952252313346	0.0	0.0	0.0	0.0	0.0	0.0	0.0	0.0	0.0	0.0	0.0	0.0	0.0	0.0	0.0	0.0	0.0	0.0	0.0
ec1427	-0.12212105003891265	-0.21851753199281526	-0.02183745020523823	0.10640274795495745	-0.12079481975517709	-0.012681463549044125	-0.04963838257157728	0.0255947471491791	-0.0288772256492817	-0.025880895934751135	-0.03610180256345077	0.011765811010254867	-0.011969002707107037	0.005353294692359667	-0.013002076917493945	0.012062832312210222	0.016478924979683472	0.06788555595373494	-0.008389944275728346	-0.02453351229369358	-0.039552517532716526	0.023422377748770574	-0.007043201009338594	0.024202452500883345	-0.0009426362263426436	0.040064094402395424	0.001529221299603505	0.0171397062441587	0.013430166197255402	0.017061192065065768	-0.00932058965326835	-0.00332313693497564	-0.004336491208449663	-0.004452390568113032	0.011148405621466823	0.0001072526470912581	-0.00489473372634016	0.004769285141703081	-0.010655731408598481	0.005913905997805374	0.003453046429060375	0.0	0.0	0.0	0.0	0.0	0.0	0.0	0.0	0.0	0.0	0.0	0.0	0.0	0.0	0.0	0.0	0.0	0.0	0.0
ec1435	-0.1159421538331936	-0.2301619708127174	0.03413170196368822	0.16009895286845824	0.009149651946715052	-0.03817678119543489	-0.004641335531923047	0.0576979989721934	-0.029256282345602413	0.02560980577336656	-0.025144640802743874	0.03472779321184139	0.057850606912706534	-0.04721104304108349	0.006235916660566572	-0.04664901901140515	0.004422861084927307	-0.015046235560396555	0.007269708327437792	0.02919848794360508	0.034369835712788434	-0.02367707646982856	0.03682883989668535	-0.011373577906098426	-0.003385638350495442	-0.01271753717656492	-0.020765286787620886	0.012337816028957671	-0.020743111444414035	0.0238606272417633	0.0029452076120524483	-0.0034512667311303842	0.0061851390449671265	-0.011656415079868705	0.00017895333102715903	0.004055961068632025	0.012693572088166969	-0.00875335674828008	0.006575548207130592	-0.0019041558459422564	0.0011516629786523602	0.0	0.0	0.0	0.0	0.0	0.0	0.0	0.0	0.0	0.0	0.0	0.0	0.0	0.0	0.0	0.0	0.0	0.0	0.0
ec1437	0.0835533985234671	0.10047487634984173	-0.1408031811971548	0.04006961064544068	0.07033212939190324	0.02505910743691524	0.06585508582341129	-0.05045740371413069	0.06301863187785418	-0.03163783350260684	0.01177157808003272	0.026590813842325155	0.01580623578160421	0.04623401761900009	-0.00829783250395908	0.013257799576907339	-0.011131078995617312	0.03548712892116035	-0.02258149496695886	0.017264730344937227	-0.08892962880626393	-0.00023742818763657238	0.010011704483123902	-0.012312624683975162	0.023369782939016363	-0.0155217934237395	-0.01114246776384199	0.005672999821764035	-0.009775896274298203	-0.016157838597837697	-0.013133012547388283	-0.015708623826181243	0.0450164202429928	0.019738402377910753	-0.006055932047082066	-0.003555592338288209	-0.016676541896709557	-0.0022691152416637957	0.002056795544684165	-0.0025854817586198693	-0.008354694630996624	0.0	0.0	0.0	0.0	0.0	0.0	0.0	0.0	0.0	0.0	0.0	0.0	0.0	0.0	0.0	0.0	0.0	0.0	0.0
ec1438	-0.2101204977774222	0.044270730754102795	-0.01663297593220683	-0.015187199717798605	0.030450007000751036	0.01217793227510617	0.010671280835842454	-0.016757865143881227	0.028672326159775	0.007643687693053796	-0.03109564533352212	0.02049313033843801	0.014842796157950297	0.028395275425088042	0.014644100036357815	-0.01295868059172961	0.006299249035346852	0.012139518599077404	-0.010739857474315658	0.010911680508781527	-0.05638717320401201	0.0067142344451429714	-0.0120224144000322	-0.0031026308517248034	0.05549840255089496	0.013074434795843094	-0.0007511910804712026	-0.03246247383847905	0.054560885764495484	-0.012097863057799686	-0.01909178728615972	0.029165854328155022	0.029628651356001692	-0.006941055440143351	-0.030711741368180806	0.0007216184060086105	-0.01337679969467271	-0.013774457184021618	0.004349701837183463	-0.0023133472262912838	0.007719809423820289	0.0	0.0	0.0	0.0	0.0	0.0	0.0	0.0	0.0	0.0	0.0	0.0	0.0	0.0	0.0	0.0	0.0	0.0	0.0
eti101	-0.09904665888700746	0.09654144824402934	0.04644221770839265	-0.03982781133513179	-0.08701900688108835	0.10895414551231813	0.060633415889236195	0.03057140374688924	0.102654451817146	0.04389988026586417	0.026740785024670945	-0.006590234852110301	0.04633614539197141	0.0672176373259847	0.00518304751667951	0.056479771740469954	0.07407799523199547	-0.009644701613847985	-0.012390819532123619	-0.06168272325703999	-0.006968180603313816	-0.12032786557792147	-0.042655486214160036	0.00753248262246698	-0.07691378810014728	-0.006509060945419776	0.004708093740305531	0.03110299033073864	-0.012877290576899653	0.020084006218062403	0.011124233634579369	0.032784076585380094	0.0067589971622283845	-0.041649454333551765	-0.01258116593157729	0.012144078291482374	-0.019203034945869273	-0.0001419550806485956	0.0030131547180450922	-0.0008038198949275725	-0.0011119982998486677	0.0	0.0	0.0	0.0	0.0	0.0	0.0	0.0	0.0	0.0	0.0	0.0	0.0	0.0	0.0	0.0	0.0	0.0	0.0
eti102	0.10196258525647872	0.15096924616476673	-0.043514219210921745	0.0264821761434838	0.0789746493464138	0.1302711098050767	-0.020602977783816215	0.0936531025373209	-0.038842074338920334	0.0993621596770547	-0.005150441340340381	-0.07009683869250652	-0.060542877984236076	-0.007102292021133798	-0.0337723811521602	0.020411138172705654	-0.03411926187639905	0.03661136806505531	0.08135396395702116	0.05323153228652617	-0.0017190960067569976	0.07785513779496027	-0.015232391831063155	-0.034882917589744405	0.019353880749405823	0.001198256468214365	0.015702467794956137	0.021342495186735075	0.01611680064562174	0.03549353506979845	-0.06011907470281316	-0.030579217060197856	-0.008955978741249692	-0.05243929955323608	0.011411172701466146	0.007224925092998127	-0.01046882100561643	-0.014825066330243997	0.00017893609124625684	0.00018341270593466891	-0.00011815186734861783	0.0	0.0	0.0	0.0	0.0	0.0	0.0	0.0	0.0	0.0	0.0	0.0	0.0	0.0	0.0	0.0	0.0	0.0	0.0
eti105	0.379516520205905	-0.19980519454524945	0.29995375976071376	-0.0019557766527120365	-0.01927287935792679	0.04237271169730472	-0.3060831508796245	-0.10535143870557763	0.20688422957146352	0.04074731983010479	-0.028002018680957214	-0.09244789774404782	0.014894052998281277	0.10230047508885141	0.02351609178103894	-0.019475702961064423	-0.006236481927546918	-0.0178810938383419	0.012628815057792604	0.042008390466500144	0.003190551086521234	-0.005768253470615745	0.015876308311961542	0.00792367263526948	0.00840013442127751	0.02110033050886756	0.012931020051920367	-0.0013511140544771056	-0.0034711689969086105	-0.006748417743559536	-0.004393297163580189	-0.005449614722365076	-0.0007281231428526938	0.0063844598501862386	-0.002016568432575123	-0.002293936812711266	0.0008417207086212794	-0.00024021605794656683	0.0033406460476458305	0.0010772148916814478	2.66683579677085e-06	0.0	0.0	0.0	0.0	0.0	0.0	0.0	0.0	0.0	0.0	0.0	0.0	0.0	0.0	0.0	0.0	0.0	0.0	0.0
eti107	-0.13529547747472448	0.09269646898873216	-0.03688897473329807	-0.06762494029516682	-0.1060496936937376	0.04635173780017979	0.011821273814335691	0.007374848842195477	0.06616163608364996	0.0012073462539565556	0.001260365804030645	0.030975735015080323	-0.006397680821164324	-0.032811305798540163	0.024391487631035037	-0.010284430714461829	-0.031628573726111456	0.011797226700888513	0.0051204369356358465	-0.004104717866261556	-0.03383048299773377	-0.005027751908346789	0.013857432749837213	-0.058050018810423806	-0.02147531090098917	0.05907133226729793	0.012070064272754328	0.011228072584024232	-0.030904387956245505	-0.04161472620011518	0.0067845127189509555	-0.04206070753502113	0.019321192592837787	0.007788770486295157	0.028754646570168744	-0.013878349793824464	-0.007856097596082552	-0.013889164493737206	-0.005711406018868455	-0.00328993935596524	-0.00976754661094243	0.0	0.0	0.0	0.0	0.0	0.0	0.0	0.0	0.0	0.0	0.0	0.0	0.0	0.0	0.0	0.0	0.0	0.0	0.0
eti109	0.14212577675092533	0.13285481476797462	-0.11474913362201442	-0.00027167249691052004	0.032998039253517734	0.10691542122163745	-0.08854188232550643	0.003972910607089803	0.02834239270803182	0.05235607317664481	0.1167737520947964	0.08557749141522503	-0.04678549336484784	-0.033565652074055874	-0.04344256233554337	-0.09694552603553282	0.06985828157548694	0.038544511359843124	-0.08293309968621054	0.012301896944032411	0.013848285899739415	-0.016845828098287635	0.04398295181987156	-0.09022940982900919	-0.020041618229568552	-0.024767772170851934	0.006042420458627569	-0.012387859815494846	0.07036796712191148	0.003169784860769271	0.02330681736996184	-0.0024347256924422593	-0.03840424320380232	0.014355182699152418	0.008762975277084032	0.007555633284200183	-0.009880365359549488	0.014841729778153059	-0.003387554192220628	0.0016230585102320302	-0.0009102288558106656	0.0	0.0	0.0	0.0	0.0	0.0	0.0	0.0	0.0	0.0	0.0	0.0	0.0	0.0	0.0	0.0	0.0	0.0	0.0
eti111	0.19971721425080435	0.11864912460073038	0.08016279571379095	0.07276504923852273	0.1080191538264037	0.14415200681243995	0.11649781050128098	0.011693653911446111	-0.047281211453063084	-0.08634983545907647	-0.10531909067566755	-0.038651239391153114	-0.06450579981465833	0.05779690907993062	0.019957975847227794	-0.015069230219654542	0.0324278011380821	-0.04836005852385629	-0.08263612348798649	-0.0014685731240566132	0.08789315293347957	0.020928254290675356	-0.06244608246794173	-0.015820011141626962	-0.007906190879397586	0.04334661180802165	0.01491528532532221	-0.017197151879426612	-0.023917303650673086	-0.036758125309516235	-0.0086767052675808	0.007803246585638454	0.007228754214282675	-0.005548814111219621	0.024037226372361498	-0.016087122594470163	-0.013123876500997066	0.013115048114835494	0.005580406434840544	0.0021198165114328406	0.0037555449163538543	0.0	0.0	0.0	0.0	0.0	0.0	0.0	0.0	0.0	0.0	0.0	0.0	0.0	0.0	0.0	0.0	0.0	0.0	0.0
eti113	0.29247985108460545	0.10930079037519555	0.18568025306218217	0.0717859118271054	0.03173151713446599	-0.05244650318747154	-0.0982783495670334	-0.0547731613129127	0.004837199905046455	-0.05958065489727183	0.06327299719558849	0.19667308260807215	-0.14435425959320786	-0.10494672063520788	-0.020127629542850592	-0.006381478244653625	0.0038970287588358434	-0.036009180663008296	0.08569640747153265	-0.05282187146043178	-0.015305409987181677	-0.016170773076510832	-0.05010560370349155	0.040350633047637946	0.0012612380858305155	-0.013348257604196083	-0.052625245997144035	-0.0134094868447747	-0.017948882146774203	0.019588371071034366	-0.01010662535820077	0.006000618994571936	0.019439272374977497	-0.015266104151711405	0.00837030860586451	0.0015139969031665523	-0.010925685049461108	0.002930174992972632	0.004104014014103328	-0.002294212728431043	8.019182116397744e-05	0.0	0.0	0.0	0.0	0.0	0.0	0.0	0.0	0.0	0.0	0.0	0.0	0.0	0.0	0.0	0.0	0.0	0.0	0.0
eti114	0.11203940551283251	0.1458689673484046	-0.053006890527166166	0.035286906574138334	0.05422872720938419	0.05789877671498784	-0.07277144365128221	-0.06689120405118272	-0.07145192110401165	-0.14008545846423312	-0.11331684897142852	0.008147555759361361	0.07567088229371925	0.02017744312648252	0.021139231092842454	0.07105139980070722	0.05566922921314614	0.037863743932684005	0.0010672246047067234	-0.03299009072495361	-0.027094262021514045	-0.03605835067981333	0.007091668356785891	0.010974549508122341	-0.03337099602002107	-0.013366171409287789	-0.053626637687334874	0.04170979041254512	0.012144230196706901	-0.010930891883011475	-0.0251092526925617	-0.006787012770241999	-0.0495611742630698	0.019651545939281426	0.002908466119562902	-0.00020784355227637712	0.010821020510817162	-0.008697627301655204	-0.007009410772289797	0.0003885411395068422	-0.00016281013851612074	0.0	0.0	0.0	0.0	0.0	0.0	0.0	0.0	0.0	0.0	0.0	0.0	0.0	0.0	0.0	0.0	0.0	0.0	0.0
eti116	0.11183745003601821	0.12522978340360083	0.34319695661884975	0.026677100865640416	-0.07770911115981406	-0.010087641379402948	0.061728976877874625	0.03287523013712692	-0.14732938572974397	-0.0356474885830656	-0.015041953167386568	0.08655216166158747	-0.06486592348635073	0.13661111935260226	-0.01795287580782241	0.042296933541506175	-0.06867116821448847	0.025845215657074642	0.005788497723493171	-0.044436641143334815	0.03524594905575964	-0.007048716005740168	0.1045720236813715	-0.012123916172350853	0.021679323168079547	-0.030464849678574348	0.05776370280723797	0.04077008051244924	0.01809370398575342	0.0031497296045139792	0.01836286351706711	-0.010893130919561799	0.013596143277556118	0.01623779711073753	-0.01625258620360145	0.0030030229195657505	-0.002462820764751079	-0.0038491973893138008	0.00300420091335694	0.0001005167191741113	5.349090866188409e-05	0.0	0.0	0.0	0.0	0.0	0.0	0.0	0.0	0.0	0.0	0.0	0.0	0.0	0.0	0.0	0.0	0.0	0.0	0.0
eti117	-0.12459543012165303	0.09775426415231353	0.12991088190617917	0.01425639518792067	0.030025818751681144	-0.04284497797912502	-0.018705784355642796	-0.02538484196647786	-0.04273025682479134	-0.1310687591479225	-0.08869987617924407	0.04188827189337078	0.14690138725285978	0.03993401752233553	-0.01601187819892591	-0.09754154063829001	0.021112230762848967	-0.0767331180837554	0.02905404473980599	0.018077481911484877	-0.037223285619142656	0.06917111589776419	-0.013961532816072562	-0.047264657517680525	0.007135619720236395	0.0007069982063195049	-0.01435378011551634	0.0021513658808155335	0.014534280497587338	0.029591474985372915	0.027393029675012236	0.00539398884358006	-0.00523590612448145	-0.01663554061724829	0.009088589977497738	0.027287638580413744	-0.004451229122994374	-5.5545545979331676e-05	-0.008299612025611887	-0.009986582850624728	-0.0028867671124132703	0.0	0.0	0.0	0.0	0.0	0.0	0.0	0.0	0.0	0.0	0.0	0.0	0.0	0.0	0.0	0.0	0.0	0.0	0.0
eti118	-0.09220273862211666	0.0769808201238836	0.12266276212804979	0.035466349633869444	0.004884116747244864	-0.11337327969675488	-0.001485344598314243	0.0546504890981414	-0.06670904084612081	0.08179944102246577	0.03791879123156351	-0.0697084360876954	-0.01850348326214367	0.045759763129047254	0.026704951853237374	-0.04456874333074335	0.14532480407964019	0.03445133735544023	-0.03678884237576041	-0.007544103392969881	0.047444440967701285	-0.04689527365209894	-0.0024339280774350026	-0.04804937999951324	0.05250630595109242	0.0017794204824104448	-0.07119643498678133	-0.01634722423689897	-0.04282708775437237	0.018294032572601333	-0.024107715140484574	-0.03090672555590021	0.026857680903462144	0.021294066928329827	0.006336524161661989	0.013917161731303064	0.011442354973215356	-0.010689188934000128	0.007955184597332708	-0.0014571702763115301	0.0003017749545764859	0.0	0.0	0.0	0.0	0.0	0.0	0.0	0.0	0.0	0.0	0.0	0.0	0.0	0.0	0.0	0.0	0.0	0.0	0.0
eti121	-0.08213754929398903	0.08277248111337664	0.0525002715600383	-0.034521164559050334	-0.07347136118816934	-0.03308653163092117	0.07054640991408323	-0.07702076323492575	0.13824640672389307	-0.026680325879907752	-0.08291081501486393	0.059570572106416836	-0.1156019005237066	-0.041378613427617845	0.007973476149827853	-0.01796210839014337	-0.018653729011689206	0.07986661005424053	-0.1045459666518446	0.051136419197017356	0.0003755330161706959	0.033794540672543706	-0.044936120349525877	-0.013559424740797077	0.06781504194843732	-0.0012185635381074264	0.006146178465351298	0.05408861770186466	-0.044736773242937615	0.019179594717166293	0.010302748994141752	0.03827878404340307	-0.032055295302598596	-0.004687285734738646	-0.012813984931767258	0.00480189618014355	0.01722193307444448	-0.008407652710787781	0.0010174047694003867	0.0009411385708784628	-0.0010909859161108008	0.0	0.0	0.0	0.0	0.0	0.0	0.0	0.0	0.0	0.0	0.0	0.0	0.0	0.0	0.0	0.0	0.0	0.0	0.0
eti123	-0.20580910418975037	0.0548912843618417	0.014261765981663545	0.06033843673672908	0.11293069557847583	-0.019536556525059003	0.00289352754233834	-0.07102439438438198	0.019041636679310085	-0.029816999978789754	0.024038572166510928	-0.03868010606389574	0.009743375879419466	-0.025100583115169495	0.0017654381837021562	-0.015782284976412347	-0.060251032237702125	-0.022699121749382777	0.03043836019281075	0.0393085026781092	0.024065111350372315	-0.007058667829430162	0.003131787439115937	-0.031902739228793026	-0.0067098616487469955	-0.040477385068863704	-0.014418550470165943	0.0008356421396113078	-0.049422251853347955	-0.04775817162292683	0.023538824369054433	-0.020528483471112306	0.0011834132580416856	-0.0077436261911781	-0.04141256497090455	0.015347031889458844	-0.02414726060343254	0.005279936140783227	-0.0015202186620686404	0.014796725140474185	0.0011532355915612376	0.0	0.0	0.0	0.0	0.0	0.0	0.0	0.0	0.0	0.0	0.0	0.0	0.0	0.0	0.0	0.0	0.0	0.0	0.0
eti125	0.15514880645738802	0.10281227797269109	-0.026614319662490907	0.08566365237677277	0.12042429494529971	-0.020133603932357667	0.08236562669553694	0.024607299111798455	0.031157952225347247	0.011824772027871588	0.054126600969553844	0.05088863377407428	0.037147237731697404	0.02389274168259342	0.017219529849951207	0.05109450320314292	-0.03055377515760279	-0.06012467693585125	-0.031890000352212525	0.12437335959959127	-0.01137564511099298	-0.07854810243608983	-0.026813026680397724	0.02858478048550447	-0.01865601864521966	0.012456670188889117	0.05659516188416334	0.011651256217558172	0.00297725873533834	0.06633793215294218	-0.004293719661076965	-0.02979536450822046	0.001848130020443735	-0.0036817147604504084	0.0032822500114269046	0.013502123496932547	0.017959397200813347	0.002105434060202461	-0.00549244174203061	-0.0017516278650620653	0.0009229381677637874	0.0	0.0	0.0	0.0	0.0	0.0	0.0	0.0	0.0	0.0	0.0	0.0	0.0	0.0	0.0	0.0	0.0	0.0	0.0
eti129	0.18122343913819508	0.09737052536495612	0.04470758280886469	0.07068327127365916	0.1267763038295991	-0.019874941072600058	0.1359937777830919	0.09262824009277082	0.12487370382095353	0.05989804438970988	-0.019573077858764987	-0.05991075841205903	0.030241614655377568	-0.008670197422292398	0.004022461542986435	0.01994982827820141	0.013367191507499602	0.04797642600128307	0.1566788785964335	-0.046711833730248876	-0.0001344754892019104	0.006897679271642144	0.013015355661947559	-0.05873108338930045	0.017028311174110237	-0.010566663403780397	-5.7951376316267896e-05	-0.00454716037588573	-0.022950347146290184	0.020977609393625654	0.018467813939660235	0.049873677686225346	-0.01846588647474442	0.042869591581395264	0.0067897350856619635	-0.006716658241226843	0.0010135770493359137	0.003946096359371442	-0.010423476368213606	0.0031334475699293664	0.0013114689902389116	0.0	0.0	0.0	0.0	0.0	0.0	0.0	0.0	0.0	0.0	0.0	0.0	0.0	0.0	0.0	0.0	0.0	0.0	0.0
eti133	-0.07484835026898952	0.11507507104710646	0.13333458395744224	-0.021336634660487918	-0.04340305624034681	0.021997731545363525	-0.022052678632739544	0.15824074785647924	-0.06287976601007307	0.12477870179726719	0.029622077876900958	0.11052008350099686	0.02560446656460147	0.07449578945153136	-0.052246125598203796	0.04486999602721414	-0.04005561488954395	-0.02492952396437176	-0.006202763914055592	0.0973403742518936	-0.030277628802466892	0.0036191274077484914	0.004676144308170212	0.03410798939788395	-0.01524070952268173	0.03977939947858441	-0.062247110438811315	-0.04879900707665549	-0.023082755628519573	-0.05980468452424852	-0.01202999865402528	0.03476086233762167	-0.031331581207373914	0.008429542231114341	0.00036121053689808333	-0.0072395824491419125	0.007632021016142273	0.0001536179782239346	-0.00788905634469694	0.0023322168685772004	-0.00047955319927609657	0.0	0.0	0.0	0.0	0.0	0.0	0.0	0.0	0.0	0.0	0.0	0.0	0.0	0.0	0.0	0.0	0.0	0.0	0.0
eti134	-0.05905838628249247	0.07268906110629414	0.07131445178578905	-0.012473547723845313	-0.10102300042705425	-0.16216336994485975	0.029205116392659543	0.009066217222982832	0.005681324642754976	-0.11427621736339055	0.0765625231210308	-0.046541665206276644	-0.023163503378299925	-0.04397849504212954	0.010201120560627379	-0.05930661107487661	0.017876711059832327	-0.013394127085574125	0.04994723657964174	0.10964852801842935	-0.001437885047230755	-0.011895387525993076	-0.018383023754048346	-0.022906428121148847	-0.062304568293013264	0.01884706149394933	0.016510799983068324	0.051808999552378235	0.02943590261998711	-0.02404776701885479	-0.00409172450903803	0.016878854237811658	0.0193857944442914	0.022241067000127356	0.003949902037758014	-0.015310929927971693	0.012612135740575164	0.0010971599039876218	-0.0046092860643829284	0.003482050710969062	0.004237941779030262	0.0	0.0	0.0	0.0	0.0	0.0	0.0	0.0	0.0	0.0	0.0	0.0	0.0	0.0	0.0	0.0	0.0	0.0	0.0
eti135	-0.07222337829137557	0.07568521881623319	0.14398531491701688	0.013320057773935549	0.008426645835435512	-0.157449458063305	0.019904588565825995	0.06149327403488291	0.07987382602845323	0.0945398831047384	-0.14263728836509482	0.018780394598263684	-0.002374841984491676	-0.05155118151129158	0.07901958802489231	0.062087254546548225	0.017541197118414727	0.06064167562421214	0.008480372490653131	-0.006870795174410739	0.05594440762076242	0.025162857391020706	-0.02505190609151193	0.006767034801402436	-0.054845547363005696	-0.023629501693968158	-0.015788338818865467	0.0014180978261590464	0.08266816699988111	-0.036733797900250456	0.004637178984542423	-0.032002371137324626	0.01116661584057427	-0.02668128994973152	-0.007070179546543982	0.00016961048631669075	0.0065722308685773	0.010509411623540507	-0.0008906823461419014	-0.000999842395331692	-0.0031803746657487935	0.0	0.0	0.0	0.0	0.0	0.0	0.0	0.0	0.0	0.0	0.0	0.0	0.0	0.0	0.0	0.0	0.0	0.0	0.0
eti97	0.15900525273079952	0.09777675888968142	0.4227472676544304	0.054773267942565596	0.019697816257510905	0.10941795590492058	0.05695278038418835	-0.028016240046029206	-0.09270284031342357	0.06698472872783753	0.07411326153469867	-0.11984832009618121	0.10198252247933998	-0.1872678282190844	-0.021536250152418113	0.004360148597039953	-0.006303935628081345	0.01805037562016994	-0.0815997281616162	-0.02942786830760059	-0.0761413834576504	0.01916703986148257	-0.008179340859758506	0.03421671365522802	0.006601101806866857	0.002180103806643585	0.011441669184127935	0.004755570069992541	0.0024461162867469863	-0.007000535636639585	0.01492566863542857	-0.0009822126096759507	0.004689212233583641	0.003712728139081568	-0.005036423180108417	-0.004595242048460456	0.0032821502892645756	0.00016518979907102397	-0.0006221958470615743	-0.0004585618717865631	0.00013034031484013636	0.0	0.0	0.0	0.0	0.0	0.0	0.0	0.0	0.0	0.0	0.0	0.0	0.0	0.0	0.0	0.0	0.0	0.0	0.0

Biplot	0	0

Site constraints	0	0
