Eigvals	68
2.5289292409979436	1.5712505397257868	0.9885817097360984	0.8239783820924939	0.7802918587884348	0.7228712593471132	0.6760446060536863	0.5967622951218147	0.5275931971382207	0.5159249042523574	0.5028089448624075	0.4647077233341173	0.4547667867492179	0.4389011936973682	0.4274719250004444	0.4148479935995454	0.3875862361808274	0.38568176861014414	0.37290482729300245	0.3667322348449581	0.3635169870344096	0.34310151351789286	0.3388645845922118	0.32775495696784285	0.3244782237769429	0.32181271701715747	0.31108277588372163	0.3077130089429618	0.3033813771551104	0.29493472258306563	0.2885805331604729	0.2832768190030785	0.2766122191002179	0.2679574696790194	0.2637974162949588	0.25808322596231514	0.2532990354272438	0.24582797610877927	0.23980562982176584	0.23508630955207782	0.2329477894516036	0.22956877061298026	0.2215069819245529	0.21710381275370574	0.21239635096793819	0.2084481641394817	0.20138471325941776	0.2000326408212762	0.19119751405742258	0.18830523311795955	0.1837893272477577	0.18004398565871363	0.1734693790584398	0.17021397241698727	0.1690674005397521	0.16275700565256648	0.15495082756009151	0.15419623760638204	0.15256497706854216	0.1473168043891942	0.14208772200732797	0.1404858200890895	0.1322182741466444	0.12371631645403355	0.11686648815665684	0.10986003769562755	0.10683238296215308	0.0

Proportion explained	68
0.10355579499565523	0.0643403129438482	0.04048091311146692	0.0337406579170047	0.03195176142357698	0.02960047546117232	0.027682995434379163	0.024436505732515112	0.021604136675009614	0.02112633787919953	0.020589259348199974	0.019029072443124417	0.01862200625306984	0.01797233441768329	0.017504323297822203	0.01698739256247476	0.015871065179048245	0.015793080136948877	0.015269883878920193	0.015017125633343828	0.014885466139779665	0.014049483639383027	0.013875987862543557	0.013421065557049064	0.013286888330944316	0.013177739894878563	0.012738365172044856	0.012600378355789466	0.012423004641196174	0.012077127020311608	0.011816932655620758	0.011599753650730151	0.01132684845034726	0.010972449662800825	0.010802101822131007	0.010568114443970955	0.01037220913897535	0.010066280655631154	0.009819674761175717	0.009626425794599727	0.009538856658410134	0.009400490991049329	0.009070373041055742	0.008890069979746085	0.00869730659999867	0.008535634371616809	0.00824639683209232	0.008191031528091875	0.007829246563496657	0.007710812070676019	0.007525892613487189	0.007372526588255618	0.007103306476345182	0.0069700025399105185	0.006923052170425332	0.0066646511251587754	0.006345000039181804	0.0063141007315676125	0.006247303100735368	0.006032398434652305	0.0058182754871323305	0.00575268004699151	0.005414136651291297	0.005065994451974437	0.004785504431368456	0.0044986009720596265	0.004374623128862406	0.0

Species	0	0

Site	68	68
ec1057	-0.13647911670780402	-0.17351124282573144	-0.2536560305503905	-0.07770767409096546	-0.0049147686440675	-0.05593699559058115	-0.05197786188899346	-0.07457658744383848	0.057856108943935995	0.04792094663547359	-0.0477319058000955	-0.161523536672175	0.09355167255936303	0.0018623315231571201	-0.015853545104289622	-0.04059762999531197	0.07244573658070405	0.019061885002110434	-0.08811506555447406	0.003099895254920593	0.0373961689038892	-0.07182530799524207	0.009689308183358974	-0.011695477434899858	-0.04953972661201366	-0.12945386655291202	0.005080056323298876	0.0700864896507143	-0.08174686245381432	-0.028611269265224525	0.017758271273131614	0.05483393726177785	0.08916213254343094	0.008967587864094252	0.10096149348215719	0.010658077136404152	0.02293983326901425	-0.12251902753738997	-0.07370823431870262	-0.037877105750278486	-0.12932510716576326	0.0401816066373359	0.06494679572859262	-0.06822376413723974	-0.009865581529279497	0.027903857038761293	0.030451020471675302	-0.04001080706837264	0.01651738148685451	0.09522731592020942	-0.010810472981819804	0.06532557772943529	-0.07335951775764608	-0.08356114557335548	0.04449554825587485	0.03832599134303663	0.11217598019889541	-0.04443241497783359	-0.010194998487148044	-0.03550271175324334	0.013558311294366597	-0.005323715157399143	0.009974889899146024	-0.044401013594325786	0.0346723147608892	-0.015668939174072197	0.03186639904669088	-0.0
ec1058	-0.18352397020102404	-0.07483474817341859	-0.20816979528492563	0.02061674652389821	-0.010410848412581275	-0.04301405904088526	-0.13202336491224576	-0.0727735860426503	0.013766709072203422	-0.05903465715631828	-0.04543734356343917	-0.13307607762963264	0.014426569165958487	-0.0544716064574822	-0.09116488316911128	0.028008893770887923	0.06354605605420587	0.02740921882802304	0.014853106780771529	-0.046626760359325684	-0.03743565283442755	0.07725496987409325	0.01862274258459572	-0.039057441491062536	-0.156872954484455	-0.021492823721630767	-0.026307185462786827	-0.07827931934782233	0.007718503181447624	0.11375076344972455	-0.1029914522635527	0.030992826439986423	-0.02338240732717262	-0.006304505756947917	0.13349052900493213	0.09465844872791383	0.07373881643352391	-0.006810211724764177	0.08097779948377794	0.0023790672680830236	0.09498226943212279	-0.03994886715156819	-0.06433813583989344	-0.014640419264042763	-0.009341713368606279	0.019446804793054318	-0.013041103004537657	-0.11170297233790559	0.05289143286262099	-0.1326297724798629	0.0697619975102197	0.009145450978885424	0.05142166473199666	-0.017554062940423804	0.03541984409988395	0.012935422560271406	-0.024674924601557048	0.09588708802378484	-0.01814045110930373	0.05351096170537292	-0.021832569638706393	-0.025679807597630888	-0.02869167208815333	-0.038651732036517526	-0.03832160839286159	-0.008343644013957551	-0.032627849964205625	-0.0
ec1059	-0.02541192884118863	0.12442492954173795	-0.06691550944180266	-0.15648482226915547	-0.02413067962904798	-0.07661859946182256	-0.01575418672532832	0.0631863747927461	-0.012840359644676542	0.01578911619512866	0.0380533667140176	0.07058875210972672	-0.016207440014164638	0.04880566929814985	-0.005983337341244099	-0.06736579325022753	-0.017512609308794662	-0.04513892323910306	-0.03969437285833259	-0.019517504075157982	-0.007150666032995441	0.05881209007668327	-0.016352071111336207	0.029145568595316973	0.04541448488689528	0.01506692863931088	-0.06886539497347498	-0.02521228481682194	0.09121200313193657	-0.11208655103120084	0.14520275526809745	-0.033250604303106925	-0.011099900838664148	-0.0014255246192474672	0.08225150802557012	0.07247225223335746	0.088608072067458	0.02492097286943697	-0.009423024997145901	-0.011527358689090394	0.033399540745516904	0.043029728826140735	0.09165313394712134	0.06698807217756385	-0.03200935313688169	0.06957891711557858	-0.024348708097569245	0.08403773821659871	-0.10259186955887155	0.07664308718341922	0.0899385237319235	0.08570430481071845	-0.01891657063358117	-0.017829588628340817	0.1574650760748188	-0.0025859791003639333	-0.04751393990237886	0.08313488691781566	0.03923222465609556	0.10054182973724171	-0.007268485284205974	0.0016205632093310367	-0.00535827706885549	0.010329195146931446	-0.005728525114407414	-0.029366512828419247	-0.03144255132612423	-0.0
ec1060	0.24884356203475802	0.10777625615275602	-0.10058773448348984	-0.015053792462244904	0.10616079944358751	-0.0646573038814785	0.18777319095492892	0.02449360234800174	-0.00381775398524894	0.1348473767064656	-0.024378858221196162	0.0028397925740385518	-0.12561145927917372	0.028224619454109343	-0.011337898742433683	-0.019246881288546604	0.06712875662679092	0.02648934749433694	-0.026348349884319774	-0.04598289078345745	-0.05622683386841058	-0.018906024279610988	0.07185834807655281	0.05621962379050036	0.05641508565496617	-0.08622643676376567	0.09383818032194427	0.07039291060367857	-0.03455103567679212	0.010845973497746852	-0.09191772577837774	0.0028518101306943626	0.012567049770953317	0.013778853690710963	-0.03932553173825134	-0.021780546234797298	0.011486642886375525	-0.026112102090652917	-0.031790721406551134	0.016453999842217557	0.12840844778074592	-0.10833060538791128	0.018526009218795495	-0.05220749497618876	-0.030774128591055168	0.003927727705298072	0.11537288930502831	0.031724019640551916	-0.026642121111506597	0.018818792487185727	-0.04175849882477822	0.023403507940393826	0.07009195031771863	-0.017709775035611226	0.0384096315498041	0.07748714855585995	-0.05016079771367813	0.014952490846285851	0.0652115451805963	-0.03798892982592232	-0.14679816684984026	-0.07559762853011279	0.08176543439542382	-0.020632081223410852	-0.01822671572945402	-0.00978683504101454	-0.0023807996389868125	-0.0
ec1061	-0.11657527401675284	0.16867701940910507	0.10196237622169414	0.1673896322568197	0.0640629023817668	-0.10136765968504276	0.10715544620047206	-0.02935232436675614	-0.09971876183941315	-0.18675474641521325	-0.062088675325438825	0.006476935638573182	0.18908104514145113	0.07565320688076162	0.09460330178476165	-0.025600410729807593	-0.004719473227129322	0.08299069498756621	-0.010683637966589964	-0.031091673610940573	-0.08299827238046464	0.05746859360312778	-0.01234503412565703	-0.166064159816975	-0.021019735945479318	0.039956277821782495	0.1889773293164095	-0.031877705686790346	0.06955588852396992	-0.033585397006366195	0.12452803107947275	-0.028275912051064084	0.08317739074405604	0.08464673243951742	-0.016308311665561827	0.05679214927243147	0.09729747153817839	0.004782835962770194	0.07372404937499928	-0.023618113722814593	-0.03753632571697522	0.02094983775270646	-0.039259088224882964	-0.020749174141958066	0.016721007288930473	0.029505368470331257	0.03056250987478978	0.02131329498568705	-0.01235082581127853	-0.013555657012355192	-0.06268391153134259	-0.05302036789021912	0.0411552782372356	-0.06570891567423383	0.02540903095586246	0.030872298743482227	0.004394704949164541	0.03024151733624367	-0.042423616482595974	-0.07586156618244413	-0.03885664179506212	0.00507187311768432	0.0006016712931743952	0.01608025560408893	0.0516433303742485	-0.01620318378976186	-0.007765742544380439	-0.0
ec1062	-0.17774824253336496	0.17168769338110912	0.017558104949625102	-0.068643668546562	-0.013665378566354745	0.1398344433905546	0.02000593201271599	0.001563716540496793	0.12931064438773052	0.04089868796480482	0.024000237321772092	-0.01668195521207862	-0.012490573713845226	0.018415424702724288	0.04406231089419371	0.05337930907066053	-0.021187825864647503	-0.0302381109412032	0.1092665597421446	0.043733185835431274	0.03972551336165142	-0.0033181814175660225	-0.009329906829776234	0.05788933010130093	0.0919654746115326	-0.020178163302754785	0.13658051249715256	0.018316738098306598	-0.004421395727109675	0.021904575149860734	-0.07703892481975007	0.027515588778981658	-0.10075205326605095	-0.012181547550662298	0.040118446430190184	-0.07221253025366989	0.13959671417988379	-0.08216862274736678	0.08483914949066755	0.1271731444194934	-0.00996194864687479	-0.04741474825370838	-0.016136555953498624	-0.0629636839690401	0.06490348437548173	-0.1003677551108569	-0.03283103534587261	-0.029742691775222277	-0.005771778799238956	0.04313863304670958	-0.03328894208915989	-0.0006506972350863746	0.012062267190355636	-0.038301569243423705	0.05116994757882572	0.008698140557213742	0.02450729070609655	0.0038346014714234432	0.002912264566767901	0.06528670277577138	0.060458037146515244	-0.03045716747197782	-0.049119992514632366	0.12262511046739956	0.07348465507820397	-0.059930010314450825	-0.015164305486458427	-0.0
ec1065	-0.09676313869976907	-0.19032182005838597	-0.08525293728868726	0.033768606436824763	-0.03298964896970603	-0.15566768784643664	-0.1257153732959504	-0.03679741392324588	0.15787733964563816	0.05347585416339678	-0.037500677695479684	0.04328946244488523	0.004977175326332431	-0.0631439468781498	-0.1545820710552271	0.2535395939179324	-0.030700886886346014	0.027547566563984237	0.11945936067341027	-0.1415086108885878	0.05314982745044536	-0.1411514604262702	0.014149035123760284	-0.0762894204596883	0.18308536253104865	0.04176162811066436	0.07231139660200127	0.0700398001261635	0.029170360399949902	-0.08478374548010703	0.11638211843296002	0.06801525400765523	0.010740623479469942	-0.05861610657582255	-0.01725438474996938	0.07119177580042259	-0.03528620584414573	0.004488239565389702	-0.05305705149109847	0.04274746462497262	0.046161817776064866	0.07422227265416248	-0.0327317086039945	0.0032397922544171757	0.02392554029450532	0.0034536058634993356	-0.025328047137228804	-0.00040673929931304666	-0.006997753273434452	-0.055630217594782774	-0.0673041494886474	-0.03860329892059938	-0.015242777940978634	-0.03749436297894515	-0.011628304003527252	-0.010910477887220719	-0.027246593394319514	0.02204901444016671	0.0101978117795813	0.01719182119199685	-0.001079072268289065	-0.027481902343515618	0.023670813446365343	-0.02670146545044295	-0.014099541719429247	0.01194507431585267	-0.02068945242212853	-0.0
ec1066	-0.1262162672796111	0.05390243461599303	-0.08295508754184766	-0.16676662385003324	-0.02566359465644499	-0.03188479328789268	-0.044652352886859245	0.05664965512652228	-0.09166242844156035	0.002466442381360403	0.1400616478029645	0.04980219808318235	-0.06309245826353985	-0.04503183747330487	-0.010793022048604573	-0.04799376680739859	0.06390889601994494	-0.01786424499765975	0.0823183516129949	0.04706543229191002	-0.09349966889802219	0.003837513224774335	0.019778187469127427	-0.007393338757658706	-0.0679211585333381	0.026083984621310563	0.07765912049649774	-0.021924965903391897	-0.006356123988277342	-0.025026914205264324	-0.07785169392342585	0.026117605647778864	-0.010630103682661879	-0.0046867912885209286	0.03688040644180502	-0.021425006875410515	-0.012974806638297615	0.03347876655650332	0.0009764877135226159	0.06734598710880682	0.042140087997074485	-0.00585966603531635	0.02059368012966973	0.01212938831649685	0.055682010033537045	0.053376160135288245	-0.04350561122125309	0.012447040795967505	0.015414795750873993	-0.034657280051792715	-0.13278085955420796	0.11971811492888795	-0.08422753566270125	-0.03501853494314156	0.017429744545681015	-0.02141087245829379	-0.0987105907183525	-0.03910992874110279	-0.09834458093070785	-0.0591792346289696	0.05483360602636443	0.11838196503945853	0.11014379561136721	-0.02625186493880282	0.029231236143276648	0.028113616929856824	-0.03739774020329348	-0.0
ec1068	0.042093954295154175	0.11671995232593492	-0.07986581886194218	-0.09280295912780837	0.05565297281495777	-0.06263052690603527	0.05867774376652001	0.08590803532640008	-0.029760417914100484	-0.03326269670934745	-0.0035836899675863636	0.04942906187227854	-0.1240526191398259	-0.020927699265202653	-0.07094517074901088	0.028976448005221568	0.053809720178183106	-0.005534076468585081	0.025977520556623175	-0.14062425343233956	0.016044996644729855	0.15665017085235303	0.056683931777848584	0.006847176901358445	0.02883059656479112	-0.03137182803932294	-0.0685604311716665	-0.0038719564975799522	-0.020567115152304877	-0.03043660357294513	-0.06347845575738414	-0.026614493238119454	0.0864404881235678	0.03309845860987626	0.06170190671807639	-0.0004616476451245139	-0.07492500567757736	-0.01456055387190308	0.023124628228123643	-0.136679657252482	-0.024477852501179995	0.020416588149875587	0.049845926158649766	-0.01558722924561462	-0.05294024897188201	-0.01092421955967072	-0.06636032133245798	-0.031013813422374293	-0.024276476577065956	0.008342287610571536	0.020071289439338155	-0.12317760083224791	0.013844400480169512	-0.03314762861861268	-0.00944387005018746	-0.059434252187662774	-0.04358371730431979	-0.09590350043105651	-0.048078601454771844	-0.039353985674895474	0.05402414459010791	-0.10796071565261632	-0.007978816560110768	0.04658767678327984	0.09003310729291003	0.004635915161372701	-0.0875311646543113	-0.0
ec1069	-0.17479991923339092	0.07943543885152028	-0.054556958674510915	0.037974525132284234	0.09520866381563121	-0.07679632077727404	0.06641103329959791	-0.077284216490277	-0.1005759001464238	-0.10767560899569796	-0.15977930104692595	0.01885051381771721	0.09816877999370094	0.11457697027990198	-0.08508235502654288	0.10232161702351873	-0.0547048909491721	0.013888060786653689	0.1003441898799802	0.027377756426061568	-0.07897039881657315	0.036123455410871204	0.08844459112156902	-0.11241196641371358	0.07578547664639552	-0.07787997005963838	-0.07146206954904209	0.03550069324433379	0.011242126935549908	0.05573740911963834	-0.024473924653794926	-0.018718251763103634	-0.06689292975637019	-0.05369348105064134	-0.0271254203304619	0.029724873634117174	-0.035511049594920505	-0.022286288936788523	-0.033018240453828555	-0.0312222901190833	-0.04537941013722248	-0.17241657599473303	0.13745978225192557	0.023988611151480217	0.04575959748309362	-0.015669835011816027	0.0560732274215417	-0.018288309437337044	-0.04532991185375626	0.00293376806723815	0.027879469785682384	0.11104556180839376	-0.01855276842238146	-0.01231821574006253	-0.07411647631341281	-0.08374502222042218	-0.016593675272990303	-0.03522229362813499	0.01852043653521569	0.03172109502258158	-0.00017403588445672187	0.04828779502895145	-0.03962635840352447	0.0505822882683682	-0.028732916105125416	0.03252872655119499	0.005790822997858217	-0.0
ec1070	-0.060022192667509106	0.11373360574397336	0.21046186569705627	0.05322693418124984	-0.02068227611505605	-0.07055934459967725	0.0772803754663806	0.08425580425659476	-0.04092393697843296	0.010217273339063406	-0.03356009392705437	-0.084881474467208	-0.007239133582120773	-0.1699561422910214	-0.16828288649697845	-0.012977421885447754	0.030522911778819096	0.0012763480081994098	0.02787160478854275	0.11985400353043416	0.0559746506092109	-0.13345889228354885	0.11873288536541675	-0.18237762062833254	-0.06184377944505491	-0.07132863635302691	-0.10916654783189339	-0.02730867599814256	0.009047466592962527	-0.07712538105196932	-0.11065197689177728	-0.046247618604370114	0.06114716528150047	-0.036692291869343474	0.07072823329618454	-0.081301495311252	0.05593242842200717	0.023549202897280783	-0.06960480126403672	0.0813886571313352	-0.01882591641666772	0.03705490156123961	-0.00879062142024898	0.01834166836972198	0.0014002558287733397	0.013258779630072638	-0.00556306596864067	0.12369932343240758	0.027099802045645754	0.04799400097347471	-0.02475298400221621	-0.04492848360734047	0.02778937228148142	0.051116027786697896	0.018928887576955777	0.018935875965810298	-0.019330907909868512	0.03843301561718105	-0.04545660396834989	-0.017869800897817652	-0.02954836957817111	-0.011313713603724755	-0.07672356581660204	0.034805945475411944	-0.013449485720243258	0.004730200297736616	-0.009961054231750926	-0.0
ec1071	0.3465891051118652	0.006347583211529546	0.013457917494905111	-0.11716369540424514	-0.08603402698679596	0.02469462339317841	-0.07066699454231706	-0.02367263821043974	-0.11135397902734777	-0.010944061532680053	0.028244586829657067	-0.012505163713548581	-0.07340951264235764	0.06687287829432564	-0.03502110852995816	0.046506464028176625	-0.04969692665230332	-0.03333521545396612	-0.11767241902293588	-0.00969708406522335	0.02310424007717268	-0.05418260736544204	0.06397730740024882	-0.023152310929863935	-0.0172593771116067	-0.02725626596703713	0.1002152757038683	-0.00015821749074577742	0.008646178174111119	0.0322485478819567	0.026347557377577737	-0.036502313108698045	0.046086858562037564	0.02153846677345782	-0.06420830528157516	0.0659921802482739	-0.03594022388032516	0.09039459741808323	-0.007705412193240719	0.06704196356924821	-0.06746993684512113	-0.07106982816881388	0.010482956569846482	-0.11530104516657717	-0.08547044640618656	-0.017965897743420518	-0.17791840186515923	0.08984165621032342	0.05225406551537593	-0.04824279800134877	-0.0025904808813902985	0.10076421741503254	0.0985927324458676	-0.004580928172401476	-0.039299553464481725	-0.025664632588337264	0.09119014326837704	-0.013812650907589954	-0.002585744958670583	0.055892701052741925	-0.022952854589782176	0.0031919357797389808	-0.0319792259642296	-0.036568243265688964	0.03683663584703255	-0.021763670199906857	-0.05323933138727295	-0.0
ec1073	-0.12734340775910247	-0.04405879477344569	-0.2002419911667254	-0.10508666527983895	0.06938890427118634	-0.16879045459870337	-0.07516856378163822	0.08466165626553988	0.014531600169361274	0.04708417819793941	0.07753673821836922	-0.12807499395389774	0.01130222695091299	0.057672145520590946	-0.05630353410419065	-0.08820022777225185	-0.04324495086826496	0.026665381676965628	-0.031962135738023166	0.014756453663370356	0.09436700067165786	0.024127517859331035	-0.08643300471262161	0.021264560493096284	0.011205923966486056	-0.017366991115350453	-0.01524705290491474	-0.08920287067943498	0.0406382944895399	0.05472820950624296	0.08377758160296857	-0.0372108424287962	-0.04174540498493254	0.017232592988298948	0.06821383511392987	0.03260097130351617	-0.13388158180264387	0.08134780161227051	-0.01955921940754864	0.05430177705447993	-0.015842310801588218	-0.06938071737372913	-0.013686557459855003	0.0724593295599504	0.028194597694749128	-0.05261807343829504	0.02823778689419649	-0.019442739714475122	-0.04182875876913568	0.00800162244885087	-0.10308610750111794	-0.06503831485063165	0.11550827358048436	0.040440923971058106	0.031156637611402783	0.09647864308276753	0.047053922340399394	-0.040502297837309846	0.059421727239717566	-0.05349638596840119	0.01696313851712811	0.07114919953253092	-0.02643019183362138	0.07900734704664633	-0.014048153649498058	0.046861972647256264	-0.02362498769415788	-0.0
ec1075	-0.12070386466699534	0.07208085611690683	-0.1046316634619269	-0.16827500039335416	0.006445649299927646	0.0044239501591058095	-0.013302192158015945	0.00781964269486272	0.06641111918612032	-0.1109070223062336	0.13490921039278458	0.004976235676466897	-0.0035332150350720674	-0.03265552263619556	-0.05795510776355071	0.04145963441670203	-0.032165594651369527	-0.041324284019504	0.11608995554436545	-0.02124634677813324	-0.08075191096253106	0.06557843333466787	0.042714171456154235	0.08566174550946827	-0.0498417018404955	0.05730335752317627	0.025368505586512793	0.06907908897669315	-0.06624709935673101	-0.0816866581966956	0.007539684368216232	-0.04622269761149825	-0.007935816373079437	0.0304880991889832	0.025309025159726533	0.0705222678936223	-0.02460254990280066	-0.048847401178677766	0.07630222180490934	-0.08068031922254833	0.026000458674386346	-0.05995583972341793	-0.037293560208039526	-0.03025254908121603	0.07578904360832517	0.020925239813896563	0.011905961134079664	0.139374612250122	0.09602555591048245	0.11140164913775315	-0.011410065179064047	-0.03022831562763541	0.0433934639929475	0.04473173604529174	-0.07306762749707561	0.0047372919859309985	0.0014637686509924675	0.06009383719568721	0.06744900887777733	-0.029646009742852076	0.03402250118258349	0.012553895562909319	-0.07767358523802595	-0.08187597115938788	0.01680783725343065	0.019656518428432412	0.08678560324343043	-0.0
ec1076	-0.024525887236239677	-0.36495532683722703	0.030554759857071005	0.13880394808387667	-0.22684838552455316	0.054139386532965864	0.20268998221547072	-0.005622914715627975	0.014486899796413441	0.020816661324000153	0.04317223878296908	-0.09538281410877691	-0.028121929107192443	0.05461914695417268	0.005621548943423219	-0.23015321445477463	-0.03553551054262769	-0.17875103189204675	0.07203096031586936	-0.16962226803804986	-0.11045009626755525	-0.15858769562575528	-0.09404990087314789	-0.16494874255747558	0.04333356959608146	0.08420906393382781	-0.022461485832055705	0.010998939488066095	-0.0880010476737998	0.009394755394421599	-0.04602029133236687	-0.04008834322851421	-0.04959740997418235	0.06707442390529716	0.014774295163551072	0.04838824571459146	-0.07671106607471763	-0.009374604878180866	0.027154258466278704	-0.005017865665422536	0.026497198086575885	-0.034241844867762675	0.005151406760224148	-0.02830897700156176	0.012657561693396706	-0.029532055923295806	-0.021502570663090147	0.004261242338150838	-0.039469057993155934	0.015111351515408112	0.041228730207494325	0.0020952473615798856	0.009981828334812032	-0.013739260539311366	0.033477885964299126	-0.007193149078734513	-0.023357592109970113	-0.009401237631406798	-0.011604866392303698	0.009274629061871754	0.025704760818982167	-0.008031826990478282	-0.005112369349833636	0.003467770024890856	0.005828148075488612	-0.0072642612873599416	0.007872222663935459	-0.0
ec1077	-0.16171951132099893	-0.0854364099115915	-0.13301493439441264	-0.01938238111022438	0.07025871712120081	-0.02356189965686102	0.10850657615761784	-0.011396878435867983	-0.021110103082386304	-0.08113286020269353	-0.22713767623267608	0.14128309857757979	0.15577033812179011	-0.05920755006069543	0.14909429064994947	0.08368098387183553	-0.05544421790365032	-0.07039466052411565	-0.14036507248144808	-0.10598146207134451	0.010002922670099742	-0.01730995854363975	0.07048924381806272	0.07142154057902379	-0.06098297648975255	0.133382601879044	-0.04260284955343698	-0.024030891522833133	0.05186014741753671	-0.02572764333946879	-0.0765325863707309	0.06179697374183052	-0.03149318026864911	0.041073590374043255	-0.00858777692828164	-0.09872305892036497	-0.08814406032077836	-0.002776840020986219	-0.09713255651983929	0.11161114974534132	-0.0069465686243386495	-0.02835420392171252	-0.054756899134120615	-0.03990058225125126	-0.03976195938671794	-0.03213603542183329	-0.003215534771890364	-0.002079023761573485	0.04527579901962498	0.06150128793001434	0.016965107667895454	-0.010170017729916613	0.030121615909223236	-0.009101359960354638	0.07676564418346037	0.022267019302966342	-0.06368016877108104	0.011453479659281738	0.012494981826337681	0.01326341889143743	0.047883128709230116	0.02125160249250039	-0.023824759027344874	-0.039666866135390735	0.026174328538031946	0.05224924712117207	-0.014569864927830757	-0.0
ec1078	-0.27342230852988336	0.009255339837467663	-0.082513707133847	0.04462293495183999	-0.022650879352760455	0.2056663590258483	-0.021581537865118593	-0.07237747005832572	0.0007797268469688138	0.07611838781574343	-0.04551854504486668	-0.008081217277737168	-0.040464807082465436	0.11457437962483734	0.024017595107805004	-0.01674419355095025	0.06693013101748466	-0.021811640384778484	-0.015207648018960282	0.024912108138456707	0.014642269840307212	-0.03830528413475779	0.06609006820782437	0.04804887022515413	0.05255390347628659	0.01721976943351819	0.017729194974299547	-0.01207744624449255	0.012154558694284275	0.0023623625440177707	-0.052726522723809066	-0.01153089583537535	0.10264961691480191	-0.05428221687074843	-0.0330020192985397	-0.0540423658933181	0.026180300437907197	0.16027849814299233	0.05498018268788583	-0.04317701543382943	-0.10645166728551818	-0.07397690161292376	-0.0702466491594629	-0.009199085960630841	0.05939842088007667	0.11600146406347929	-0.03160160151967519	-0.04108453753508248	-0.12963173415349052	0.07571189399701692	-0.06892981554295165	-0.06629581490859027	0.003434700898464173	-0.03332399275706802	-0.006091980949957879	-0.015278579236449093	-0.02097242024517545	0.028470543710918034	-0.0012582194507240105	0.0018788166208645596	0.044216815266352724	-0.020682459243885325	-0.03474542684560385	-0.07144478844509468	-0.11604082915429668	-0.024908587701453433	-0.03309363091371643	-0.0
ec1079	0.3006067490552552	0.07090193805146967	-0.11879304278152156	-0.002222796584960432	-0.004320942902414585	0.12416232688655555	-0.056015652275897	-0.0896884584250016	-0.03382737165049964	-0.0682865827685878	0.08920548516408493	0.13612143429985912	-0.006156943596367775	0.02198722002629766	-0.018271480209588072	-0.0337056534723203	-0.05532986210778428	-0.004625624208142976	0.010194455762660976	0.05217718452021111	0.043231758769857236	-0.06262311245086913	0.010125363868421111	-0.04134044389058757	-0.10726132076002735	-0.009852365509692635	0.03999630537660038	0.08969599440754669	0.0678135351001156	0.07838631497684773	0.025111760947985	0.015529263025077077	0.02976147074453535	-0.11073767473893144	0.045186296564676286	0.01772408765335205	-0.079307321451095	-0.07614920339431136	0.026115565372553242	0.004218853232773278	-0.026547462090500094	0.06380754928839875	-0.1058779018719494	-0.007734867907375293	0.11025491976246776	-0.1254828198201282	0.10262851311876132	0.06934414938996014	-0.06406223136277993	-0.012618386493165915	0.09440034147667337	-0.002373106531186939	-0.028606071590037974	0.005319133329757239	0.054653099016003924	-0.03442330105646456	-0.027036997258163577	-0.07141812090389166	0.023814309114103163	-0.05251177164369539	-0.03584159447023879	0.011476639931960414	-0.03549311448587499	-0.03650517209416385	-0.02163097506466825	-0.0306880675252596	-0.09440120668776618	-0.0
ec1081	-0.002520001635100188	-0.2651070418716913	0.2002223493261723	0.07068681933588619	0.22057636753266605	-0.13195141352617745	-0.14562620649632008	-0.02931834723878457	0.18856389641032625	0.06381114386041803	0.1863936663864212	0.043255079341786774	0.06958506947689994	-0.011930641272466768	-0.028799283763087234	-0.012243173126812279	-0.060304784487703496	-0.1401154202177855	0.04663786813834075	0.07105752147309564	-0.1350539275451182	0.06635101022539776	0.11931845485727664	0.05407311795329547	0.07509861509480814	0.07840491894132504	0.002453661398949211	-0.011469463085185231	0.08252759438258575	0.07367327284565925	-0.08165377616065281	-0.06897251255935745	0.13086394614282645	0.06560318577103914	-0.03749476052016389	-0.03061987562530241	-0.008979515991763201	-0.06580882740417118	-0.07605117868097311	-0.022312058855558765	-0.10884084476465991	-0.0174552230316623	-0.027663424970984812	0.016649600030106067	0.01370594461152126	0.029530018056964927	-0.01989333232228211	-0.0248185848416198	-0.005952485121828369	-0.05136923187438614	0.06608617931368553	0.043859162891522134	0.02366297818593109	0.017992597963836534	0.04431349904893605	0.033622538222391245	0.019235067311595258	0.027161041076493787	0.0005576887581928028	-0.03394872345257509	-0.008882599231741038	-0.005554226100404279	0.027873232809876636	0.030642910926602474	-0.0009330364047392555	-0.013072014490291885	-0.0050305517650568125	-0.0
ec1082	-0.043016777181985946	0.16742169495096715	0.04081058975371975	-0.02723302775223384	0.0014980614484942788	-0.052343107098066846	-0.01413470396202858	0.019929299652866515	-0.07655319445428113	-0.19346869924184412	0.11404724994533445	-0.009573381523560246	-0.03209392666541733	0.00433709784951719	0.11962959331279316	0.004607521243219408	0.06367682255376537	-0.02630172236775373	-0.01182617390439463	-0.12188910503169804	-0.10180686476445769	-0.14409977006937236	0.03826201709417172	0.10642309586937049	0.11550393875930592	-0.09414171961438833	-0.2210927957564228	0.06623700911488836	-0.0008457832383588951	-0.013691311811071501	-0.011788029251314579	0.16795317242246624	0.050606110958524346	0.028093099138820615	-0.023853116661538918	0.013153714444703759	0.08059686748857861	0.10342542708031108	0.018794592722053246	0.01839028302482172	0.014862067496948147	0.02511661446345431	-0.035027307881650316	0.020765380316313312	0.06592678054927904	-0.04122030762930867	-0.009200376533223082	-0.06459627127300509	-0.016043493043237315	-0.04978963734857883	0.009815854511090542	0.010874782275655756	-0.003973498776414249	0.04497423883880488	-0.005687081710315696	0.017549240243277708	0.060885058063403996	0.014114010017656211	0.017134700448330688	-0.0535811616555745	-0.04702781712330801	0.04731018151183862	-0.032712573807953386	0.004342115704089418	0.05380349514976142	-0.017758162872937425	0.002237998197836694	-0.0
ec1083	0.09447978262139649	-0.27161084422714926	0.18839870468050451	-0.06265550023367297	0.40690635381439216	0.05674206107089455	-0.06424555833853877	0.026649955705313175	0.06509311516389396	-0.06665648042413268	-0.015070381762409145	-0.058771931832192405	0.00042031978744340106	0.09214731210992601	0.0530254956885777	0.009699808735591864	0.04769675958122266	-0.05208252968690527	0.030009285786071163	0.009180387651308216	0.17963530274170608	-0.03167580583691259	-0.0029939402821466316	-0.026632244895126514	-0.036059326088161835	-0.048979819685217016	0.027137987833019482	-2.923167765529687e-05	0.0062833470673204035	-0.03412466034109205	-0.04969958921050432	-0.00663470103315764	-0.037398967802177906	0.012372463993554359	0.045952933971672556	0.024843518480477986	-0.01267187097294315	0.038254971090075474	0.043442028700344366	-0.0423550784180753	0.08729937158578693	0.05167275249141759	-0.06907595064221402	-0.04025650614094785	-0.05620659371187375	0.006735227235489948	-0.0280602529997397	-0.01997291856829418	-0.10646298065126811	0.023259228480094235	-0.027067687376970913	0.028079974911757975	0.01827392915003158	-0.0002649418823360379	0.025634143627844344	-0.10674549169412625	-0.03903810952456089	-0.052177036742084223	-0.016821206949773498	0.024786261512119306	-0.0695411110338487	0.05067725825984195	-0.030818079149455807	-0.017539772424398338	0.04344102488890201	0.02820366485998579	0.09572794842955906	-0.0
ec1084	-0.1182702493720676	-0.3024580114848612	-0.044353758262516405	0.046861564248999746	-0.11118373264072355	0.11346361945751993	0.05886368707822884	-0.05318454238553123	-0.13485792396808277	0.014628415269512057	-0.13851057605775197	-0.06438600013417049	-0.043499674121006	-0.10088577104543715	0.026326556475621772	-0.11506978876129266	-0.03679527422117107	-0.11584540472317856	0.1147967184128591	-0.028034421902379463	-0.027789923391843045	0.08276319031037381	0.014579196480002471	0.16243879909468487	0.00023299831407269046	-0.07177619826363038	0.020189362401075713	-0.024319964961175937	0.11960960663136186	-0.023699134502529102	0.1366112117022069	-0.03148310225138873	0.13556877832614225	-0.05543599005652737	0.053240901538192595	-0.12172070234574865	-0.021957936935238263	-0.05043868586914777	0.028105351195526717	0.048583515607054255	0.01922137714529707	0.08232869592712479	0.03537701425577844	-0.022335944566180783	0.01301432104126478	0.028522767813637183	0.015612617905604233	-0.005068559088824455	0.0439352510738293	-0.06425372949172259	-0.06538183570469182	0.02578803210975398	0.02736349092343964	0.0014479150761157779	-0.061973380061634706	-0.0694189951609306	-0.015524656977587908	0.0010906010623819814	0.05483641950775804	0.013653062907626785	-0.07146946932746555	0.007643665010808703	-0.03523234009620766	0.03927419664280464	0.004268395586396176	0.010930715263717954	0.008468022316886585	-0.0
ec1085	-0.18995005634779114	0.19155802855903842	0.13088958711285215	-0.009681563846607382	0.042001708445589626	0.02148503541392624	0.10671436539919198	0.025273124930215142	0.026510538142657716	-0.011899967042874866	0.12518775975878593	-0.11546137452626389	0.057099843860076105	-0.05682791810142352	-0.00021963602938869178	0.0012804073399590747	-0.10263474236231787	0.0077127959465521125	0.03428287978748783	0.008041561004171027	0.03310263375538955	0.03807170366169545	-0.05650488929375147	-0.0016691691438154165	0.01892385677946122	-0.06296288955177776	-0.0035723861920109005	-0.03559086336054254	-0.04429194518633738	0.09045043557677036	0.06551982720968837	0.018866448085925108	0.05051226256483015	-0.00045679415949183874	-0.05415832050432443	-0.10713184612744371	-0.0769824482101761	-0.07326122405761251	-0.06446013389387702	-0.01742464001487208	0.05931612343037038	-0.022178852619058567	0.01747387049800122	0.10776116259569639	-0.0826926658421431	-0.09172359564594273	0.009239749027253835	-0.03961965512947162	-0.07026779445249741	0.017430040928910043	-0.042769972505342035	0.006611071501379526	0.009501241435681044	-0.0361859575966155	-0.05375172565693234	0.014284365538013192	-0.01679318844231791	0.0715113463714138	-0.054184981006194406	0.06890606125195266	0.009471509392999991	0.02192702975067676	-0.02898727750943571	-0.1555619293359351	0.04864195453418026	-0.06825805615990983	-0.04292936441636609	-0.0
ec1086	-0.12729093537455094	0.21158372670126102	0.061097270281004534	0.047952990993606746	0.04711014775585419	0.07007585177226999	0.027264405070944315	-0.03487776759360173	-0.0012822147722956238	-0.07324001451009568	0.010988777514952518	-0.043612345616317695	-0.028280682633907955	0.006985359342134975	0.03168851827235817	-0.04183641261126218	0.09609951630559789	0.00572394096296977	0.09131701242841686	0.011371427712441033	0.04938956702331001	-0.0463451996618117	0.002823628860046776	0.037991365134767086	0.05318132433262442	0.04263890385822674	0.05555399838728131	-0.16063910840569554	0.042838120843601224	-0.114370627673632	0.003731338838331751	-0.0007789225343260537	-0.1345861340114327	-0.021293506188528426	0.01411649705704386	0.0700980215252948	-0.016268621915993053	-0.07176567040527856	-0.06994492101754057	0.04111581768598282	-0.09814280043536806	0.03239215298167155	0.1103592315443309	-0.06516024619202242	-0.03693670406225398	0.012121813747616419	0.028527724575619307	-0.07255914289997477	0.019255932143431423	-0.04501028041107424	0.01650713485544507	0.0033237529463422386	0.06323287870266256	0.16559622381888403	0.030958082758109046	-0.05593812802620748	0.002421451724676659	-0.02149429192092087	0.023377484719014508	-0.07877286835089807	0.020816375114097695	-0.039404073813346444	0.02628596954252455	-0.09090952619105439	-0.029664766653527984	-0.050437981134683604	-0.014286013570678088	-0.0
ec1087	0.29147677444106734	-0.09653894844196892	0.19415080023320014	-0.14366037426876302	-0.04414569963376104	0.059972971401501436	-0.09713631683571362	-0.056969690357676454	-0.12653291064318334	-0.006363991087565046	0.014746814890220308	-0.16659717248159336	0.0772265425216737	0.010371078886180806	-0.12971894197878842	0.07667878967163674	0.00893795165045322	-0.08906697073885345	-0.1029904948392582	-0.11209505042761936	-0.005400319571479866	-0.0535267152942336	0.07779563358169304	0.03966065567836867	0.009388979042097121	-0.001247802003124499	0.11545362053197995	0.02432734570331497	0.10166076984024529	0.011984323396225603	0.015750429237069322	0.009399421052948996	-0.17151778857060426	0.06196327405790361	0.004996655502838505	-0.12961094139395116	-0.0007194604469989527	0.04408678775858726	0.08464752814531926	-0.07077793534363862	-0.003819602378502708	-0.019670844583662587	0.02272006238585888	0.15067290573247472	-0.03657529863404958	0.016794250329774527	0.055346664425073605	-0.01332215538965158	0.06815708706505004	0.021376269820033683	0.008092030089970014	-0.003103114892221322	-0.08513207571556528	0.0004944110986970037	0.028880927746916012	-0.0022797831963284553	0.005148393273691443	0.00515018784548664	-0.00012599666500757352	-0.06752823211167268	0.01061090368684619	-0.04197405236704876	-0.01706856400025931	0.004797785454407165	-0.015360389480583934	-0.009250750657968309	-0.014021234473778383	-0.0
ec1089	-0.15030982803308254	0.0732963989134132	-0.0929987696049305	0.016465039308130567	0.07871651617154649	-0.037367787340654754	-0.07035263762160911	-0.041373068640552645	-0.19132600949190778	0.025304461930831107	0.05761925687303258	0.014892084220738306	0.1544049795555055	0.12600620103941898	-0.03997304779986425	-0.13935533404647152	0.0007274754106348844	0.11496317378229844	0.164520690559473	0.06294839156301164	-0.06267922997932898	-0.10069050368952918	0.02544226157379434	0.13309819671760895	-0.05149158083444545	0.030496508139388607	-0.045922085461250546	0.133962361517071	-0.005184151055475006	-0.09788293247719129	0.003257031616898207	-0.020261614638111887	-0.12211371015723108	0.015095533208784623	0.011886159984966642	-0.03151019113230114	-0.04415134819587013	-0.012864804120961665	-0.031860713144401885	-0.009973084214195436	-0.05667429237065742	0.0406559273470716	-0.0944540864524849	0.008435355688456853	-0.10283985357205881	-0.022627381079844362	-0.05043669024479046	0.011871254494016374	0.0006598854478597351	-0.02400327811861808	0.014271008763196393	-0.04385571302808264	0.021230826564044826	-0.03449346270781631	-0.04990791622984358	0.03745953722810003	-0.0003958506874709161	-0.0024703858835620884	-0.06393040896641919	0.0886877787451575	-0.03761500763892383	-0.06595222047967991	0.05314976350918572	0.03189801547436525	-0.02160601476674222	0.009044669100756053	0.0038587565434638807	-0.0
ec1091	0.2644271954003412	0.07365489400464706	-0.054488005331549946	0.02355328146794304	0.08305799112678103	-0.15158272681294785	0.130205539152921	0.09683602486771943	0.001510671122484929	0.10213691088968935	-0.04310301172734057	-0.001982706465503413	-0.1330509757438804	0.08561619955215562	0.04657612186083831	-0.04420226594454093	-0.08035000216147452	0.07806486542326166	0.001884818258823035	-0.08940727726724958	0.0021437409332154336	-0.0302693881978263	0.07907554211018021	0.008405383040573148	0.011601252022426572	-0.034082043721340785	0.05131626206430606	-0.14450913878550953	-0.10612402885532929	-0.010399826847498402	0.022047408516899413	-0.07741417146222647	0.011355255926213578	0.037243998525687695	0.0016721775135528695	0.024802078337157106	0.05204452275854759	0.010793228505610528	-0.0366864499581248	-0.03134655556737239	-0.1138165367402497	0.05869560866580433	-0.14581142400697764	0.09466185735043639	0.09410838854652787	-0.04034197508628419	0.033870636136259784	-0.07983576584478855	0.13455801691131772	0.03564812450186039	-0.012304646890250105	0.0472816388092074	-0.06122276685268546	0.032847818473120016	-0.008227242496296186	-0.05990763625348739	-0.027718783053776404	0.0028754916607713382	0.00641951483938839	0.09523895122443268	-0.014266248626084398	0.013596714848873455	-0.015093308205972407	-0.006941437659350583	-0.007129344832038594	0.014783327850045916	-0.005655538274478824	-0.0
ec1093	-0.242252800008622	0.12574493972331743	0.054518705227904016	0.0998109598346144	-0.02803186646529459	0.13855291421593036	0.039622136112279424	-0.04178442323172791	0.07156877585263312	-0.01437993235799736	-0.04211325515246417	0.05277295783974978	-0.05447011598072458	0.030453731606282248	0.024745224441157787	0.05003337563472332	0.0387261382572124	0.009122238647057222	-0.04342838422574252	0.043883088887642155	-0.028124099254671676	-0.10099714222671805	-0.06411265667166302	-0.011595442248724542	-0.021158390774486214	0.00592548266260936	0.10776209505874715	0.04570850277021834	0.040272190637575596	-0.03355358785981764	-0.11789564647302381	-0.0554785012316249	0.02331868700751584	-0.01579301516265533	0.09905768867163155	0.005100098679147047	-0.07554896941644985	-0.00027450407423741446	-0.023572706190500815	-0.12276132722282854	0.017653099895101207	0.01214909745898723	0.02385247892374032	0.040277754703526694	-0.0514012481951097	0.04235444695596036	-0.0151090354697323	-0.02097662495175932	0.021002859079149998	-0.003929712930700731	0.01286547037837708	-0.05762576856000842	-0.06830505528813029	0.062459667374782216	-0.03329097145038333	0.01399370031273871	0.07983361485914399	0.07873649339154279	0.10977073359824169	0.06121876653352555	-0.04762711994764292	0.11263349123739046	0.05331433417724249	0.03474113567881668	0.07394847735708425	0.049118484853426514	-0.07929307962388035	-0.0
ec1094	-0.06519220362428473	0.14891401477834523	0.17056717108888436	0.06031037488389531	0.026092221375483168	-0.020937313494531384	0.14481225810756754	0.08598880624443629	0.11396249806436227	0.027396326570659997	0.05517255839345142	-0.07484318757989507	0.03049264243498234	-0.15185947585829948	-0.06358888112557423	-0.006222877329417586	-0.07971686217119642	-0.03501193321220057	-0.06555238622396428	0.08992513098436218	-0.10595166319383638	-0.05898160695608639	0.13694528041070644	0.09819570942468465	-0.07458920992314512	0.042178974558707935	-0.05172837524475578	-0.14269225105543532	-0.009756670685871622	-0.007475050373268058	0.08580854526132602	0.08111225367110346	-0.06023625414811514	-0.07916084687968451	-0.04358016725973265	0.10321145963508253	-0.06277228951125433	0.04277623429031704	0.1023752510198305	-0.02868441822861193	-0.002728837498889849	-0.015805662672803852	-0.0021159945594469926	-0.11958172568995926	-0.047483582742699	0.0035243583029744476	0.05864707930909423	-9.755086986018603e-06	-0.013363582727161576	-0.019724981914416993	-0.022994215223245986	-0.048675858503426615	-0.07515196542119142	-0.11436795109752483	0.024354343387227244	-0.027450599006866926	0.036305183261514606	-0.0618948184989879	0.039737792776381196	0.046014771791179764	-0.007859626109224936	0.008736543504767642	0.02479892904525722	0.018865722164016455	-0.011749222931096977	0.01625968301578351	-0.0038544487312183583	-0.0
ec1095	0.3009346600312312	0.037336544391285295	0.10085708078385829	-0.16248848178927003	-0.17278812150173953	0.03701557299049482	-0.11379557446071346	-0.04026070605598963	-0.05746183138070131	-0.037714489790662956	-0.058838429086336026	-0.020047296547683387	0.06698541641726766	-0.01226220782990876	-0.017619723238413418	-0.03820700762378997	0.008382970377673812	-0.07094491630617521	-0.0007741107401538283	0.023718066892181665	0.08495644530212194	-0.040816782403422146	0.026218440038967436	0.013930060385623994	0.0377216975603979	0.05101009897978522	-0.04472541015404175	-0.07529292397358198	0.03684844557056408	0.08361998122613938	-0.040852807327908795	0.0003060420915415852	-0.04921493929956357	-0.015391202286791826	-0.04592989387747587	0.052744773902060546	0.06939825493384849	-0.026119171037718054	-0.12765232242113383	-0.0985781098193011	0.046812494403020856	0.08275934980499389	-0.013883718588994714	-0.04905569822358875	0.10168295637087534	0.09058697503473644	0.09073671762787378	-0.032097761529766226	-0.0009540471576399009	0.07088401923138378	0.00969596005015848	-0.029803602490093773	0.14201363230265057	-0.07538085160556895	-0.10087741562131362	0.028402126585226454	-0.028718415625807386	-0.0072365581772064706	-0.010497981748835433	0.048143568548671495	0.023875397272080438	0.04602579240380743	0.06890826167038944	0.022726121041230323	0.04798205496787455	-0.02214116349818834	-0.016253299443274128	-0.0
ec1097	-0.1546009961326648	0.029105718671515745	0.10567059167196102	0.16740947922500468	-0.05213518673242588	-0.07998532781977802	-0.1558803932864686	-0.0742747044857125	-0.10736303603992767	0.06275764549499746	0.09398648281422808	0.1258989343364373	-0.09678480950360109	0.09545289380588631	0.04124851382715215	0.038421213713638325	-0.06269333576047816	-0.12556544888394372	0.006563595173710807	-0.048502065724522474	0.17780143799500078	0.05093840620189557	-0.03296831923895806	-0.02640493247680047	-0.015494450362771774	0.03120128973239142	-0.05066097735145516	-0.027525337107261287	-0.1605440335945688	0.06959478905597331	0.03148011917724493	0.18946403846473778	-0.019163745080351076	0.019430143415925867	0.05177565596889133	-0.03787345345504002	0.013048649415362563	-0.05907931468250729	0.053146634781983206	-0.02104120252672376	-0.11149769742216174	-0.05080580961058887	0.019352879032053273	-0.037605287551312434	-0.07527128189847453	0.07708081540597544	0.09334094481513065	0.08622628741647528	0.03965452332446961	-0.025364069971531195	-0.05171436132669522	-0.021221026443727347	-0.007743961868653064	0.025044774779513196	0.009645044310503273	0.009828996210292654	-0.03949627860751288	0.038216705857811596	-0.01825412689353481	0.019193877684806373	-0.04790484873489144	0.014898774095691918	0.004415576789329182	0.027667689111502677	0.002201700913758097	0.011123854765973997	-0.005227975471001712	-0.0
ec1100	-0.17985009675809263	-0.17918552081474642	-0.10213079515688041	0.052940743892992866	-0.11237726416137592	0.02260184210462627	-0.046195658800597963	-0.10749901701785004	-0.04474921823630844	0.0008392201858142393	-0.0608451145852147	-0.054938290025684	-0.04503780524767037	-0.13765435624872085	0.040166654701793744	-0.051271493387294406	-0.12246256751177792	0.02742048828016424	-0.04961934132713095	0.09243008174052883	-0.0014672440450475897	0.1625731897961827	0.08053844002699523	-0.09878078883369998	0.14306738090068408	-0.09297094998984473	-0.020377993524227547	-0.010502670977928643	-0.01485249826226242	-0.07262131020209775	0.04203839925797658	0.03624213075941392	-0.10552617238899628	-0.08649495945737921	-0.062325934992235064	-0.030782392217282472	0.0307767161632197	-0.00568633458425979	0.00983748485669154	-0.1075456162731762	0.03919102777793233	-0.05366070851845811	-0.16916014509294403	-0.023632196615066013	-0.02802929495269993	-0.026630849311851962	-0.07375243115651302	0.012812623992471963	-0.011432724007783753	0.0485641573984304	0.034056462290395426	0.011584856652692616	-0.00486630004570537	0.10080996045910517	0.04546683702016791	0.01717285500664285	0.020984831807123298	-0.016717044205332567	-0.022875943705208745	-0.038286638647941997	-0.010560795178299585	0.024250321493527086	0.08417041883016643	-0.002953170124397815	0.03255174898887801	-0.0023876182740067676	-0.001205779636063177	-0.0
ec1101	-0.210289816530616	0.043043973842536984	0.08913738266393427	0.16349751191298825	-0.07294735598836322	0.11119485933097183	-0.12756213714840847	-0.14037940834279333	0.09001910552608859	0.003463097887888831	0.04286234397443836	-0.07203395104737532	-0.12553456968265345	0.13919867958782484	0.045911019384726255	0.050232121144451955	0.13602781328022098	0.1045989141258756	-0.0819563519359015	-0.0845928726892892	-0.037546004424709775	-0.02225548917633631	0.04103798641197079	0.005484345710960587	-0.020126144026984028	0.05831800184426204	-0.12053026147202198	-0.09671462637671122	0.126840106990169	0.03968630131561542	0.06978130011640958	-0.09965260922770836	0.026715262194945414	-0.00827729957182001	0.03170065554415252	0.03542536896225204	0.04179269449103025	-0.09073283744371098	-0.04394680310553139	0.06642606933189017	0.05794849380663507	-0.06455364213133846	-0.06793247360205845	0.033392210719991204	-0.06973797335430701	-0.030306017936846643	-0.007097532462927255	0.0765951721219431	0.015515804082445147	0.047399359655839364	-0.016821823052864837	0.03246786447432521	-0.06452578072562969	-0.015532209620001656	-0.08002814823126064	0.05129154713195193	-0.0640587941436746	-0.09608488204116955	0.013540398008387473	-0.011470768104294411	0.010812179661125701	-0.019290744883166636	0.0032350646975481726	0.01264990854814402	0.030097177952965976	-0.006318557650668811	0.025925640300750778	-0.0
ec1102	0.25726785815143005	0.0832108107831785	-0.09719756636668182	0.04305794145480278	0.06690733823925618	0.03892932033569436	0.11651039106003044	-0.31085893689786204	0.020291006771201787	0.04719642486517101	0.07192621726449053	-0.03691388327440149	0.035823570193672716	-0.09290120620655692	0.04055880789230179	0.05337569898019128	-0.05085695401345714	-0.036613321585026365	0.10751519016749334	0.08401025434004933	0.07351169028194719	-0.030730866746889313	-0.055738606916698644	0.03488351718020946	0.008437147520113448	-0.01552010296601111	-0.0007044434903458939	0.04743446731627564	-0.052415623423993876	-0.045758356138279	0.06433804627645669	-0.045008324223395964	0.07474091115498287	0.08953714977120308	-0.024404216875842707	0.027259200758086466	0.07339512759636015	0.07933983844726013	-0.013370820275390657	0.03961928752421295	0.06233677640277831	-0.07877153909880694	0.05306807668228555	0.03361952541837372	-0.037481743206631404	0.0772050137467747	-0.007182115069613708	-0.05074510143725723	0.09952518509759758	0.003613174803300987	0.09210978942927663	-0.08818749608719073	-0.01262296359138012	0.004834747291368703	0.04477322314822481	0.032791812003810664	-0.04778717320034415	-0.12790646699340433	-0.03342551967589403	0.02008363788542705	-0.0024102270444735794	0.07815586064436714	-0.026925930177639223	-0.0022523471662615024	-0.013563818824436942	-0.00355313392807004	-0.017360022518139673	-0.0
ec1105	0.04410768241840094	-0.01703234126723427	0.19079844780861147	0.3030119294290478	-0.08738187185028554	-0.2268531054125406	-0.19388949630243416	-0.012123779963210795	0.03644557219424781	0.06124628336252591	-0.06483397537939897	0.11490216415113896	0.00039860659330855146	-0.057607173120030636	-0.0110181551227328	-0.014757513252376678	0.07001473837092566	-0.08624107216613251	-0.06462475669290157	-0.024566938606939735	-0.051107902487406216	0.016765944760681325	-0.061534127562169916	0.1332707139320106	-0.1653470224151657	-0.15852209636319312	0.07484404164474157	0.020973542359742733	-0.07296062235608268	-0.07592934302666009	0.0629500320507352	-0.05807687290642253	-0.09005005859738513	0.03461502144511284	0.011059276442017785	-0.007905099429293776	0.03969363718819284	0.04072633931707994	-0.09426878127534934	-0.003981551851218047	0.044053098860788384	-0.0743568234891618	0.028564855174959953	-0.026596561524952843	0.09710118518355544	-0.06983802820906733	-0.04606756274188669	-0.01836671750289161	-0.07631334592187289	0.03038435190996398	0.016397046886880054	-0.04128964131104348	-0.0007203301577469266	-0.0027879747775728424	-0.03195240207477636	-0.04271858185696301	-0.006010014653222298	0.01044749497238789	-0.0182491433807863	-0.021779686892012835	0.019682775959012896	0.004994361522808044	-0.013101079080982458	-0.013209003472418249	-0.0008962595695361365	-0.005490594868054538	-0.014168317652143495	-0.0
ec1106	-0.12049476171170322	-0.08330530179779673	-0.1962896057767062	-0.14115559232646097	-0.019104150316648444	-0.11195123880906066	-0.028613074467509946	0.01399657393202619	0.020149431851633506	-0.03709938194925478	-0.0003254708021477468	-0.01593101832802945	0.09387859867565246	-0.06488304577647948	0.11367333279356344	0.133623904694762	0.03003091706144592	-0.10623666820792259	-0.16377203191777462	0.07958432278179249	-0.06969553470369234	-0.05096695466497393	0.010764271106416312	-0.03717916539455404	-0.029063257491977464	0.04363510469971202	-0.027206382578959354	0.026345499767989562	-0.1472812085132062	0.016483557096961674	0.022448155284867145	-0.1661022548381162	-0.019091187941826175	0.015201162366193266	-0.03118352018904101	-0.020137265050620242	0.0031086151471554015	-0.019276687327176606	0.1077664301980031	0.04451087894067519	-0.0088789208485488	0.06929559152292548	0.02118363619352546	0.02471098681746859	0.011749786927877075	0.044334400973862306	0.04798796507121365	0.0011150622660857361	-0.08726585134234544	-0.04952716141905863	-0.049020635675223356	-0.011429702550010518	-0.015974401461935815	0.1323180730061286	-0.0735935282618858	0.0023273839200624044	-0.035539617129356646	-0.051035537642561635	-0.0055290903988278	0.06147832785788067	-0.036704463612884146	-0.05167320038281161	0.021633364673453042	0.023904612030781033	0.016830430795012532	-0.07229053192566212	-0.012068304975002503	-0.0
ec1108	-0.19675046619351608	0.03265346308451564	-0.009221515591439803	-0.09182223642121501	-0.038424775929398185	0.046212500070940854	0.0002246018239584574	0.1382402333497832	-0.1235457793824349	0.12336929215536588	-0.029503386756218632	0.0015852142692786193	-0.025183735951592418	0.03139517291646766	0.02133524972669386	0.023788472149532548	-0.04896076452206353	-0.0628699277351868	-0.01635268323868527	0.10575568923987604	0.004965804462992822	0.07617913554051531	-0.10517252887005928	-0.00010796063331257562	0.09587096327664103	-0.03153692059814349	-0.07167943260611638	0.06253294537396382	0.034324168921634	0.05872713456060261	-0.04186052965088569	-0.11131095047916104	-0.09585006529442881	0.1186771106984516	-0.050818777513964755	0.10677773054567427	0.03997751332658214	-0.03764043287209326	-0.10917124350731962	0.07528616794436646	0.025144798158877327	0.01530466437433107	-0.08979231883182143	-0.04585244570404027	-0.022567884997485622	0.0715016215667146	0.043731718906793504	0.011466952513085762	0.012263632633315787	-0.07118772539010179	-0.01909586178179643	-0.0645013172610781	-0.11106124587958091	-0.0679570831862042	0.013729146067027733	-0.07702294286266718	0.04704117522902612	0.0209563199482161	0.02156897902062772	-0.0738015299916599	-0.020732523966228728	-0.015196075982058807	-0.07574369708869043	-0.045416844248177504	0.011967526525465753	0.020543849500710785	-0.021968461883305066	-0.0
ec1109	-0.22981615001188696	0.13812759830839244	0.04081030511908262	-0.040970335384885405	-0.013888090100372246	0.1349742548129087	0.037512310913084164	0.029179318128438547	-0.0002318775838533529	-0.02216608344271103	-0.027061580560768232	0.007310456105312325	-0.040106768987426177	0.09277385892739207	-0.04671776562420758	0.027343400664902383	0.012265844153353925	-0.062346221875344665	-0.013277136969108762	-0.03443776679850463	0.03594139753875568	0.07886302806467657	0.06663780143208815	0.010039530713802638	0.003927346848236162	-0.007396974017001802	0.04620374097892975	-0.014253145952077167	0.03215105815665273	0.09064209177736196	0.06280821013167577	0.004501171926715252	0.017170812021654318	0.01434831777033081	-0.0016805265491879075	0.030909695217709445	-0.12984122091639563	0.041727075413352466	-0.03811978559365356	0.06218705663378733	0.05645832491044271	0.033539077591536896	0.06031603948111682	-0.04103367396807799	0.14999642420859344	0.008083927374762205	-0.01781241432558808	-0.008130545343895809	0.019523711043358045	0.034736646449226805	0.06553975149006895	-0.05377081473135576	-0.07664926278405154	0.07482536403830976	0.026781892014216838	0.07258923173704308	0.0715588802779906	0.012579665668455019	-0.178035576121938	0.053039343756730355	-0.08147748844242678	-0.04088398968224533	0.03679513528776901	0.0037558534906517505	-0.008031097616451044	0.03375943018700896	0.06565691840674906	-0.0
ec1110	0.15503397621437742	0.1395173065236725	-0.053448836169139494	0.015474931057848506	0.01211918412016782	0.06666774763882322	0.005912606400201392	-0.25689036910593294	-0.021236363341526215	-0.09172074830242108	0.015449752588031022	0.09109322089028923	-0.031525120866137034	-0.137153289114215	0.01658025410324102	-0.053368972365780316	-0.0572173824008864	-0.003509488369041454	0.05249054745088208	0.03446640999574495	0.06767558309240002	0.020363540058909155	0.058128753797896296	-0.0290942963415384	0.013645528712400488	-0.038692663674081564	0.044589814630244626	-0.10056619267755022	-0.07088117974627861	0.021800109553345277	-0.030281769410938308	0.013483166993114944	0.011401271068327758	0.15452765852291345	0.056404671430279635	0.029513852830925207	-0.03931455619969278	0.089274414501105	-0.02419935665908317	0.058321400188727425	0.029540545269883464	0.08025370289221474	-0.020697948707683836	0.03663187179898068	-0.03461954004963654	-0.018756464394609245	0.026692563816845497	0.012243920630278083	-0.11517179172074049	-0.009479036867959386	-3.0353898134861657e-05	0.08347831879657985	-0.05781154262986174	-0.02444861037682601	-0.07804650918070104	0.031453998009668194	0.049899748787222135	0.05409158837564815	0.06944754732838189	-0.024505659794071634	0.07924615686409171	-0.10823503466838787	0.022722453702813478	0.030322507526303874	-0.00848965599842994	0.06158274283225008	0.03731568920520915	-0.0
ec1111	0.370640607833168	0.05512588953952573	-0.07870283098255677	-0.04527254397886804	-0.06400017851765333	0.09384080234037288	-0.06063953591335012	-0.010708262216852681	-0.021941122679804335	-0.030467964260279375	0.017417547012149183	0.03823141088784022	-0.036087426425350205	0.11307328525174036	-0.005104703710060064	-0.007624404390399787	-0.19787809146513974	-0.056281302709762664	-0.03678970553490252	0.056320533705669105	-0.0020920751969145134	-0.04758201979553962	0.07580639153291899	-0.051950415716829366	-0.10780896755942773	0.045251151742844914	-0.07523080403091116	0.05557794555847658	0.044615212287193506	-0.01281504683824488	0.024084174378008617	-0.034229675433338685	0.06173204623502322	-0.02873040653640123	-0.020592678075907485	0.03494102428543528	0.09750973430561476	-0.0682585273734918	-0.04128222839002781	-0.053111726457690765	0.0390182926690965	-0.01973697547101287	0.09216090648629986	-0.03242678296249912	-0.04128722858328043	-0.11242045269433289	-0.05962258976272238	-0.1305579179210303	-0.003641830141523523	-0.012443075090263994	-0.14834036366096892	-0.08012715397215449	-0.04154242327975679	0.04801250952523497	0.04613440463842544	0.00143092458459268	-0.03496585187243105	0.07264707143911223	0.011074870452791997	-0.024613673325854346	0.024955935333606075	-0.018009787045990856	0.023528522606781888	0.013961923385588446	-0.027436236249490997	0.027526473316295357	0.060829140318850485	-0.0
ec1113	-0.04387125001898448	-0.35942583592092214	-0.047114463741151545	0.039131857724318375	-0.22857244523395376	-0.0630679553678195	0.21200153910723077	0.05421699743964615	0.06678814564853502	-0.03554346103442608	0.15065797504454295	0.1441503115856768	0.09264819222434421	0.08981764106219714	-0.007604280399634774	-0.03662344675915764	0.0743297712603903	0.1229586820061957	-0.14687448357824048	0.2029177314442714	0.12668086791164104	-0.01838838099858188	0.08499039506092207	0.04252943197629301	0.08244986162166884	-0.008804154368688283	0.02121825932166194	-0.03685289503279008	0.05564039242267877	-0.03581227454265334	-0.017265590731292097	0.1136112870577688	0.0003177509480516814	0.12099027950398993	0.060979457460735215	0.00612542069002991	-0.006818915249115155	-0.05210386848736039	0.0257725355750101	-0.032181247307262635	0.06435204896803765	-0.03696607456817727	0.0394686764136852	0.05202261063785148	0.050544661381638115	-0.017662837393489297	-0.041918514855454475	-0.004800471838378885	0.034424047135742035	-0.03380268159185515	0.003195890445297537	-0.013498382243367241	0.01524243084879703	-0.010397948096174451	-0.051736354043336735	-0.06268740455500327	-0.02418447440985463	-0.00456223745478651	-0.013021160071229923	0.006433349198201452	-0.017718718508950213	-0.021613722921062103	-0.025436651033685684	-0.00743675652612521	-0.02313374889357347	-0.004625349310705285	0.0033420050608695953	-0.0
ec1114	-0.14535640557012708	0.10790454480651412	0.0636564888650775	-0.10249833815943112	-0.1271614613723839	0.04323593346939257	-0.12041344401339377	0.018594822332018753	-0.027541784168150184	-0.07513222644213097	0.07956388083578643	-0.06493721832596268	-0.02215009852208263	-0.03836355309446977	0.1838918103528296	0.06831483666780526	0.14168266264737667	0.043941607711438256	0.03465594041829626	0.006951170671431371	-0.07561428252428676	0.000242053408237895	0.025556539247438302	-0.05332437384829056	-0.03444777045469	-0.035363467355615345	0.07935452137234349	-0.018610911355205834	-0.1201482213355776	0.03521431364970936	0.021771879775891703	0.042798365555307076	0.026754491132064996	0.021844290733835012	-0.1415046680046931	-0.022743083831016347	-0.08649239488186788	-0.09710456100296218	-0.09100965980794729	-0.0636465337194895	0.06211514237982601	0.06372836059337537	-0.003337249935979771	0.03509315511669928	-0.02723786670017721	0.007752265614006004	-0.06123865891307547	-0.0013554863517725297	0.019240195089044513	0.02113973133486168	-0.0013630532529902318	-7.624547805478276e-05	0.04317698631693906	-0.03379929767430807	0.0999022892489712	-0.046790081556851236	-0.004823182101179944	-0.018542210965129972	0.039917030297453845	0.013791718788579549	-0.012837926808342627	0.0004716674181660221	-0.05947721649632673	0.08655950119695531	-0.12126082160656197	0.04219724967872685	0.0009562507683737573	-0.0
ec1115	0.2873247946689555	0.04399899670648131	0.145085034804512	-0.06649196305415696	-0.18287764894876204	-0.10583820826315692	-0.03357933449491968	0.05441648038596237	0.09442152511841953	0.024629939779266734	-0.19702694125828912	-0.03108422485035338	0.14324248470207834	0.06860289698142961	0.12640259667718023	0.0019712058934101	0.055432820229787336	0.06845517214645645	0.13356467502716815	0.04146398598966331	0.02989113595261592	-0.02648333611358166	0.01934975410892286	0.10976667096663462	0.08936340745688881	0.06986792963954522	-0.03243029662769166	0.0037731097584144425	-0.09635137812590838	0.10271696118920812	0.018907962166582352	-0.07781927266856536	0.09122779213622045	-0.05803307969567878	0.11985546394059647	-0.01233563105433057	-0.001322192246694131	0.06160786803116712	0.027485821091219744	-0.04999605303512356	0.07544684214995401	-0.05019528049658393	-0.017128830171417826	-0.016362404111412095	-0.06571658290035552	-0.05246390707769807	0.05603574189361483	0.08691660341494459	0.014765340185602127	-0.04166887972764739	-0.008905576187376585	0.0236447797789427	-0.019243365562897807	0.048903075079511554	0.06368552784190057	-0.05038885317258232	0.06334214607087843	0.01800231370611904	-0.06267067238050927	-0.03999430113934128	0.05714249469276244	-0.0024387856319218575	0.030133467478108373	-0.015774963668198385	-0.0113811808091267	0.014795143650822294	-0.010052312594413186	-0.0
ec1116	-0.09678315475231763	-0.17577326431692258	0.14213216538761356	-0.06431577385099314	0.047057069052798516	0.05964656731930439	-0.0341249984178399	0.08653351352444152	-0.17972959374166877	0.09782487834715799	0.03355518157817233	0.12886071000933016	-0.1454651773239383	-0.1645837534038663	-0.02357151956514511	0.04408674910677941	0.04678249878259925	0.1924269768873701	0.03345841609943745	0.002577830683746822	-0.01741538649786257	-0.028030518824257115	0.036963165074548394	-0.08569597573791063	-0.047559690896172443	0.20935438479065988	-0.032143405785720905	0.06624204924367637	-0.03517144296368699	0.034940410215248824	0.13253666369651604	-0.03409865653755809	-0.0007782162254230138	0.06560460435385754	0.07280697065318006	-0.09249781313893843	0.02887142085732775	0.00435042918397505	0.006350080254899432	0.010068351774274013	0.014268335269485616	-0.07951254295274388	0.011125025546104377	-0.02996541311304515	0.029856165879574056	0.007244991718939406	0.04150941337429373	-0.12302601853997615	-0.039195249419085525	0.03807873276747891	0.03872094984568513	0.017787041242192516	0.04517033935314884	-0.0024292028028423617	0.01588587485887897	-0.025781036005532977	0.09251102940085333	-0.017895710377856672	0.029931084473636696	0.009101299831192004	-0.004640562814567523	0.0064695100814783435	0.0051415851898194455	-0.020351606452210576	0.021366161651092043	-0.00988601256470174	0.01980808670495734	-0.0
ec1117	-0.20911911147017223	0.1735091954552317	0.06796899023122775	-0.03179424697191446	0.0008387805558188998	0.06199990574434017	0.08633335761926092	0.08048894328341849	0.03280899915766109	-0.02112152699188309	0.03368987267733177	-0.007969677258765517	0.07304042159408668	0.0051438784493019855	-0.0003959502269409172	-8.326063934562993e-05	-0.04059840195258812	0.0018633710740722897	-0.03280916220900575	-0.0308033552973925	0.04079354176038101	0.009282197691958004	-0.06967473068360183	-0.05595148873341939	-0.02855456293842615	-0.03933698086681777	0.005723101617538845	0.04111536199296953	-0.0040325900202010595	0.07251635301858711	0.030479394521026854	-0.004700703108775856	-0.021526107865329817	-0.03408723040699754	0.07215815546736987	-0.12085586818279906	0.0517993436060858	0.09160619882067528	-0.10909087086181093	-0.10007356438518752	-0.03805463381461203	-0.014612397975039635	-0.00417368943832425	-0.01575353872030851	0.09590934623858262	0.020694215907920047	-0.07051856781522814	0.06749035756331963	0.035992124812570955	-0.17505944764733603	0.009013338671944189	0.0037531151066969907	0.0012416041090631581	-0.01486889596790539	0.043050729759346845	0.035042861997447335	-0.05184456733481593	-0.09388581051545108	0.12172321300352097	0.03596333542688986	0.03620306825121949	-0.06180016917283845	0.048776497374141144	-0.036348855843454694	0.007852961559494479	-0.009005727385515397	0.08585663142526424	-0.0
ec1118	0.216263238519353	0.046329651804293874	0.08955896869308204	0.04464596357624441	0.042974269837311424	0.0346795157828238	0.08709945696418318	-0.2183136306098402	-0.014513991567309665	0.10886230500104216	0.09661634336263711	0.07213357657514952	0.1309495728414638	-0.19235851581528438	0.015159175743650175	-0.014015577164575731	0.018704316130788327	0.18597663643931917	-0.08228851446370007	-0.15092799835281903	0.03288464650109773	0.00856313779625292	-0.10626870604647931	0.057407099424461545	0.06404474764337749	-0.03636425749782884	-0.10283215231785957	0.009446930469127559	0.03878223938842733	0.09315007466330208	-0.0671647853552354	-0.11081696637229817	-0.07129321131545663	-0.04108039262319842	-0.013552352399554692	0.04000522789201323	-0.035780088596069924	-0.07038440209723247	0.07852140613461378	-0.03493902538478587	-0.06418645002931324	0.02694103120523823	0.04516621245186926	-0.03860834960246965	0.07357412861183368	0.030432058899829518	-0.0786488926034223	0.02620604977927615	-0.004879442579443	0.010969346185022206	-0.10293474964955107	0.023631471507115625	0.00787683682985762	0.010178693087636243	0.051771476601911254	-0.019084392429240104	-0.007814235002160812	0.04663255719922732	-0.03647314404269069	0.009144915275972079	-0.03631972979189667	0.009914240378382348	-0.015583130562998055	0.003717804663881877	-0.014934026086132085	0.039346973152405845	0.009479211600774745	-0.0
ec1119	0.27991660146316594	-0.03239102811048669	0.02174581921081528	-0.1151879439699897	0.022365813701985676	0.11381387366946553	-0.09544678486574651	-0.004898285540602966	0.227674641002683	-0.011080288782311175	-0.025360878729604883	0.23897184379978173	0.03885869076904052	0.04497320506329421	0.0021771233423050424	-0.12696753635842997	0.03143851081107887	-0.004013813399181213	0.007773098147794159	-0.0124115461946582	-0.19720854367206975	0.05075796362981312	-0.041014734389264444	-0.14109224995151834	-0.0037593602398105965	-0.13982453143864418	-0.04135690273993577	-0.0189664697599049	0.02294267780135865	0.004315488054223559	0.02863247735144584	0.06828922718322704	-0.054479859717266356	-0.04998229739186898	0.01774749090274761	-0.05266098750264639	0.00994727402818029	0.009181203323881839	0.018386375671626737	0.09327266205394787	0.003939882089064757	-0.0075177102276289065	-0.0012968322555103014	0.07899162967647098	-0.05996863611988598	0.08864082358208189	0.048998110414753035	-0.01227982292209675	0.06132715625141845	0.01629120577568929	-0.05959867577628457	-0.06245232964717958	0.05391297979579189	0.008712380894041166	-0.005623280617251099	-0.034666943804015665	0.07934029897658157	-0.05109150133785903	-0.014185652904866931	0.05055892538262428	0.006857592554823521	-0.03269549923222353	-0.003491018348062178	-0.04606313908681349	0.006668908770569852	0.028604920292047697	0.0011667259342674676	-0.0
ec1121	-0.15415385353702232	0.0577495237679472	0.08346133922301305	0.16712986132449506	0.03362526647117926	-0.1804070508440294	-0.05772892392627241	-0.021444005126963744	-0.20268986630369626	0.11929287974133664	0.04710003732756935	0.11453111377388561	0.05860064730516289	0.14324365571294534	-0.036078088139203573	-0.022101598468058904	-0.04153983083437636	-0.009025368194568145	-0.04103009006736192	0.0396052630099197	0.005247462513101005	0.003364320864850073	0.00837343433818929	-0.01849033871389232	0.05800902532837811	-0.007480002948780805	0.021140369979668127	-0.03205164095054879	-0.04560888264540732	0.004050259954112129	-0.08381174860451061	-0.04258027983492885	0.04233313922991976	-0.16956367082991625	-0.03147597148043079	-0.010119927271006855	-0.058391141596582	0.014003101189857998	0.09387732432113194	0.031110914445092685	0.15577329483278934	0.12444955370406358	0.03773546402681882	-0.008486814699356093	-0.00767968004513528	0.0395221812843759	-0.024820800788633975	-0.07702082487344317	0.07619853462749741	0.04537357115978092	0.029703952459126725	0.03502169504961172	0.001112006030288961	-0.013039962348170255	0.01979992762226677	0.0610667182100208	0.0272634973852836	-0.04068759730886579	0.06839399679678847	-0.02761309643295872	0.07344720173952161	-0.0207135892045384	-0.054299212495746964	-0.02930908566379089	0.023426625563972705	-0.030739775635608688	0.033072081714814495	-0.0
ec1122	0.08108060195871204	0.15804263437495458	0.1391229870516817	-0.06331693569867972	-0.11423988619934373	-0.13686043145920954	-0.025040001200105605	0.08871323223507296	-0.04656074219567399	-0.03183598280261517	0.060559646507784094	-0.05243566370688367	0.08051449674273775	-0.08346785348287533	-0.03639843905854299	-0.11570299231954459	0.1675820315550838	-0.04217712842289492	-0.04157216509023378	-0.06620010667182709	0.12847757759916223	0.1063731104639506	-0.019325399330231703	-0.05869763181959075	0.037184854702037	-0.029059383817348745	0.04165666146432203	0.1467709701432847	0.09038815678434267	-0.03210883513502431	-0.028683483749424154	0.0014614437707662143	0.1127395654610555	-0.010655697286716743	-0.0719379913991806	0.045734166878633783	-0.012428104154713224	-0.028367265530775888	0.06586226006642035	0.1086440775735961	-0.05964213668106978	-0.06304388811284929	-0.059303834696660174	-0.03814694564466195	-0.04531121573322262	-0.04279142688587228	0.05564524089978881	-0.06619043935133345	0.0002369035275345796	0.011638900552304309	0.04297949736631559	-0.02989324782985508	-0.051154324966836855	0.04593777994719671	-0.03454288532429958	-0.02514769683335822	-0.03293357768585036	0.0031805519700796275	0.06036921501177863	0.08914455261052372	0.06144751756276086	0.026714191654201632	0.06742032843682899	-0.005236388735118358	-0.03680914365578589	0.03963127771113539	0.037324838850764444	-0.0
ec1123	0.2796410209276021	0.10859869362368038	-0.11810282057475927	-0.04518245480295461	0.11697450913654123	-0.07236225811819785	0.21921547577400827	-0.054033666782237685	0.01426710920581546	0.10894299664915144	-0.02889225179421934	0.004613932334388537	-0.08582117692750779	0.04549137609987682	-0.04322247095414702	-0.03371796088108328	0.06560577677444097	0.0061990069718720975	-0.08094263841533907	-0.08213488488385981	-0.03231731993851666	0.013279414539451464	0.06982444324145842	0.007371184015685641	-0.018937015845552827	0.033217889850712445	0.05096515280465156	0.022717023350786524	-0.005275726321525271	0.006036632303642208	0.050228676825659055	0.056717137244875114	-0.041824577296431284	-0.05977574831527774	0.002395282848530509	-0.05832882178876435	0.014282128487183262	-0.1062229454076656	-0.048593389392104856	-0.0029156953753745004	0.03238934806701977	0.02914287873031884	-0.04732304072892221	-0.013154618367253658	-0.03947281375213026	0.0826108783749929	-0.024395741710618164	0.045682323632792204	-0.09179417679909696	-0.12304998615286497	0.052784170921055446	-0.048895716527099495	-0.007354209680207154	0.02752210820281391	-0.06112758593881709	0.010016756525551868	0.0500221204902151	0.04828592930227913	-0.05213717289355557	-0.029482938676116014	0.10687230564263336	0.11657151115318186	-0.054126952604185034	0.0506367708583709	-0.031631701044571324	-0.04673355278222521	0.05715331492705308	-0.0
ec1124	-0.03009987915371562	-0.3793116110760294	0.19322410406484455	0.031054594807140457	0.16096342259935773	0.11705882911514345	0.03900889740595279	0.01016893088079749	-0.07548089741112785	-0.06445894988886401	-0.01763064634281055	-0.08407949259106519	-0.049178868645874285	-0.054807061778339786	0.07282189592626011	-0.057399693449253886	-0.02661590029406989	0.07045718930103521	-0.08454174999069186	-0.0020934450663640802	-0.05248027650610098	0.12658254088485563	0.034314313879102026	0.05616096879462178	0.02846092927468681	0.07413146110341039	0.07364313411908568	0.1358473149943794	-0.10684610328703943	0.02971532756966362	-0.04846871510065731	0.0760423714683909	-0.013580131654496197	-0.12658820118154093	0.05522274608684606	0.17877895779625408	0.07625935224134286	0.05520032808884786	-0.09338743166503587	0.05775383657279838	-0.02734716615361811	0.04308107231716668	0.08232608751649656	0.09993356569954451	-0.0006062017715017376	-0.046423984243365496	0.014888361931719846	0.05731078188190085	0.016563597782450888	0.0031264912944440663	-0.03236990135203946	-0.044280570530554016	-0.0018926226777574307	0.005962636584439411	-0.030112644906805642	0.03747445132459306	-0.01809980939236806	-0.016365253313278986	-0.0004857715570268854	0.025132326191815893	0.03360548127947912	-0.015190864085768814	-0.012955895761928217	0.0013751772382235993	-0.021359740731001414	-0.00710521323106023	-0.03584501541541478	-0.0
ec1125	-0.1733287153983999	0.17551150761847875	0.14237131666999647	-0.014903150389794827	0.014448713282348646	0.048243021002109185	0.1303823878512661	0.1174838754365243	0.10680884134681158	0.028690765560268647	-0.07791022536320096	0.030744909786161283	0.08224052521110753	0.015768425297321625	-0.10482091127782381	0.03877194305977733	-0.14276689505688417	-0.020433811777949316	-0.012868849119869295	-0.06043513486845889	0.0031757204418739336	0.027892752692682033	-0.09018730850361269	0.026744769068737802	-0.06318678981996721	-0.001748802305925765	-0.02919732943554789	0.08878038838733196	-0.00942051805331956	0.07710147423414189	0.025961775647598235	0.07357376195185673	0.017616348954933008	0.08661796211213546	0.07336881726054267	0.03561603409501574	0.0437929854697814	-0.020371689817159786	0.024804157271991405	0.01242292784411834	0.03925974734188471	0.07251880073739624	-0.05946630369957633	-0.017591930938459073	-0.05109547417336775	0.038644958967225626	-0.09037829462632667	-0.04508741276910512	0.0184719979828846	0.11001114391516742	0.00022593360682959053	0.09309905428669475	0.027509820328821155	0.06422462139626776	-0.08077289647038115	-0.014405315826994775	-0.0020673779125478246	-0.054756906001104756	0.012949682673992222	-0.07889800790682017	-0.020319047718009017	0.012633774883038231	0.05230065394226465	0.04141594234798032	-0.11732946475293225	-0.04340242758532628	-0.047399549069808124	-0.0
ec1126	0.2837934495545587	0.05266953328828975	-0.12823214682704853	0.15183493093308872	-0.06460408943333115	0.12326104623756605	-0.14493039869073787	0.20489848127347507	0.04123673444660563	0.07116222118033524	0.10403650096781951	-0.022022807943632112	0.0769986886328733	-0.039486024990893515	0.13439287509354625	0.056301716634794614	-0.0559365778836029	0.028164312752067572	0.010326416249385809	-0.08743273524016319	-0.014572902262650424	0.1254278565899584	0.024204199953188857	-0.07270554997733683	0.07348337579845553	0.02758147289015739	0.0017564738305700285	-0.026496771204803003	0.04069585644721765	-0.15213387934297964	-0.0879670664383499	-0.03131473039401988	-0.036698804000732416	0.03976094367654174	0.0816934131658215	-0.06763447056670059	0.007957445422842647	0.05979794357246401	-0.005576565524141385	-0.04706773979346693	0.006781620292587511	0.050892204808462724	0.06283224789409536	-0.0977993782368252	-0.025042528179872202	-0.06320256408019997	0.06068065244959913	-0.0014756160541777904	-0.01226192469312212	-0.026873005625963002	0.010436605468641698	0.0360700450565085	-0.023819777681182878	-0.03357764847764909	-0.07644629980741116	0.08813854886442031	0.016789715347419597	-0.041205725286680504	-0.035229469717057836	0.02470877175162775	-0.04129655659817064	0.06391384153290822	-0.06270234474805986	-0.013562368120979756	-0.07776434580669885	-0.004832613928352605	-0.004811437616047358	-0.0
ec1127	0.24548047538135612	-0.1499423366314918	0.18649794465320008	-0.18204096511222287	-0.026722184678281812	0.0897558848206887	-0.043033451850732485	-0.036167200090826204	-0.11836582726982818	-0.05127712941912383	-0.0627391382899442	-0.036673417156931364	0.01598422338187948	0.08599834857346401	-0.15868442539581473	0.12653162006197036	-0.06960172688994257	0.11616265941406749	-0.05920386281482746	0.04980492269364281	-0.15185546696709204	0.018828288638068156	-0.22835191454354684	0.0547018987036692	0.050319232100439724	-0.02700633709628056	-0.006938598539704789	-0.15912814740392545	-0.09429797251453943	-0.13811170387248461	-0.057125146536157724	0.059095477001626165	0.11242603122017351	0.018926254757590612	0.029097419979806406	-0.029058310645519413	-0.04189540748902219	-0.056123297748708965	0.003997037411525503	0.04938220754982874	-0.030623604059602107	-0.035408441600004135	-0.042120152270478224	-0.04911453616881074	0.03246381508780943	-0.015703201943630493	0.01153641035568767	0.002694452427402047	-0.053720763808114476	-0.02053514032569561	0.04825342733795527	-0.0357969896137337	-0.024157042416880395	0.01163300944185296	0.016387556920542955	0.02800552908870428	-0.048236143706283735	0.005110863786033885	0.00888103125754819	0.010323328748440493	-0.00320170651889405	0.009648933722548698	0.018481587517999675	0.012333914288653505	-0.00962774760132819	-0.004418792777738151	0.028192417643535965	-0.0
ec1129	-0.01991256354405839	-0.3676189423660598	-0.028292043263244807	0.007771980031986355	-0.23262914377803068	-0.019089938697183943	0.22473151931846194	0.05168419453924728	0.04750376467677247	-0.18291221949219547	0.11780024078809305	0.10926595672503803	-0.020055881869733595	0.0623073529446373	-0.09502626906780887	0.14373611403537348	0.031923027990516196	0.05465954333404617	0.13613043121144291	-0.06973887352025142	0.07562570326477638	0.08277842993214309	-0.018960977835749473	0.0660007025373339	-0.13929324246602112	-0.0569698018479835	-0.00837126011208209	-0.032042389828588896	-0.006897511224252116	0.0329686055021163	-0.043871053511764735	-0.09904131353282254	-0.044544688419290636	-0.08249625127975306	-0.12405039120156097	-0.02071623701326967	0.06918856978244732	0.07853454401281415	-0.036356442702023865	0.01584484372780332	-0.0662714219060876	0.04641076136138064	-0.01525476324599789	-0.001049362669993556	-0.09346765321744592	0.01533078541744807	0.04990695588149411	-0.02261521541498638	-0.03847143599000916	0.018563645861928293	0.0029288501460334564	0.01856165747988049	-0.018808097793529113	-0.0024857662722226775	0.04360383572606655	0.05622425934988806	0.04550438983189246	0.0010686097065897018	0.0042719024082844585	-0.020636866793765092	-0.014559055162470023	0.026747515114585983	0.007935046497210201	0.014457543504911095	0.010908199748294933	-0.014727976135157703	0.015154645858725228	-0.0
ec1130	-0.0705661639266906	0.11894351977107526	-0.037866782947384305	-0.07440845775096903	0.007033577869872552	-0.1030416407474628	0.0247713036296275	0.04480603387398956	0.04783635737282969	-0.15014413219336514	0.07489076214496034	0.03609978042577023	-0.1195586490276619	-0.09992038104412063	0.10277964051882123	-0.013938033055790382	-0.08334940103704948	-0.07130298122060404	-0.10312203189468197	0.03289621021543442	0.04315962901189602	-0.10108420132919622	-0.17753568867215616	0.02336295128157019	0.044378010002576185	0.05694091835999425	0.06394990807789869	0.0017221608719027348	0.035297047688811756	-0.04860988475759467	-0.0029886165696802547	-0.0582834883536887	0.010804431707825062	-0.19398800838254934	0.052522141894430434	-0.01707191235641425	0.014523208656598596	-0.004811368358234054	-0.019651539214117494	-0.020945840316787576	-0.02470673915146646	-0.09020141188734958	-0.02747804623754144	0.04215873770289142	-0.04001490103819619	0.03639531079244598	0.014883966798878559	-0.06148254192829463	0.03190260988647159	0.003021009984847779	0.06591313995140057	0.05227646872166201	0.02349103804015424	-0.08004724140025576	-0.06707091656370848	-0.015058186916858344	0.006376945423457038	0.023365374680131043	-0.10236717561009086	-0.05704707015025336	-0.03594668596620653	-0.07699427132958961	-0.019030780260983423	0.03511400778671933	-0.03173733666202382	0.054579314458399045	0.03647418420145909	-0.0
ec1131	0.26139100105123925	0.06173403595059381	0.0898539580632281	-0.13518237596869725	-0.12242980828015841	-0.0935524736540669	-0.06672537306577235	0.041932877396399754	0.11377351542204868	0.016749781071808658	-0.21401079391783212	0.01927946261553042	-0.01624791322286627	-0.029255216191479156	0.06352896772191075	-0.10972561014197055	0.028267297833202983	0.04308561503804021	0.11636248231115418	0.0508179366175568	0.0631894415355918	0.04016699224661871	0.0328550865326383	-0.020777934907608722	-0.03177392422166584	0.09064873444674613	-0.008626210654491125	-0.004906243388241106	-0.037989722554249254	0.012776373728967666	-0.01127660666433477	0.048470444020473874	-0.05419717171506455	-0.02972262116972107	-0.043701056837960564	0.018251403044954276	-0.05729788338256908	-0.029099661281189165	0.054581564458515426	0.03387188859121131	-0.07960277010853427	-0.022893108750837287	0.0346126358629996	0.0690013075999171	0.021328327623284325	0.0398145160767588	-0.14363901017989905	-0.04772184026970551	-0.03702616530771851	-0.014596869487296032	0.03390708634633266	-0.011033614337923499	-0.08182832468748913	-0.043393626724486926	-0.04407850880233331	0.11323364345040877	-0.05719611728481932	-0.0012203252756809405	0.0634530257202057	-0.06134327080516093	-0.11563079207738111	0.01305012335301509	-0.056613804039550186	-0.025955644265486855	0.038650086845682684	-0.03085089996430754	0.014765800509571558	-0.0
ec1132	-0.09063884642259137	-0.13340537474260783	-0.055554090989284155	-0.015368433610843415	0.0294820079020612	-0.09719156704970987	-0.012198198335713822	0.1236073732482623	-0.12742897148413668	0.10361360457141608	-0.12434753840437243	0.0894901017223851	-0.1053950118933209	-0.12124918212865773	0.099727683840659	0.06825789683568093	-0.020011603583525356	-0.015384338642431336	0.09510389339229632	0.0429664405895976	-0.05389717988641782	-0.13077610231641332	-0.09005324750238446	0.02038392743612817	-0.023532920483560295	-0.09500012976245444	0.059254632831973394	-0.0626317705951128	0.19064048877815123	0.10794944911736092	-0.06143990113262589	0.07507231479127081	0.026420724164873656	0.06812637565703757	-0.04663999107560103	0.08500896977781017	0.05169082095553618	-0.03974435253634776	0.07734370280617356	-0.09692925706513351	-0.037942642634325306	0.005838269319563266	0.03614403719218585	0.04667148975350379	-0.04261180929267103	-0.04736757474667369	-0.0024955268060236385	0.07121327131226204	-0.028517517005698573	0.01784079158526345	0.012829712760497186	-0.024292461169744314	0.0017294967927042866	0.04585149544821639	-0.005518268570836268	0.07716142447261268	0.009641185839060457	-0.060743197094770975	-0.03725399025747043	0.04440555040993786	0.05824972261304911	-0.006250641705969938	-0.0031083444440617226	-0.034701497316178616	-0.026499114068909063	-0.0012214233008959576	0.05073931179672475	-0.0
ec1133	-0.2412724009371664	0.06974078120933426	0.03624626745705508	-0.011363735972343582	-0.05077040236256352	0.18569781080434575	0.0016075899867352007	0.03043780455444523	0.054669483318009256	0.1393202051235879	-0.05801228950895947	0.016434337716612478	-0.0476116985771475	0.0446634631605551	-0.004120573076979027	0.07590172850230416	0.004107936059884653	-0.016881135121206686	-0.06329300431069787	0.026047184595611072	0.0016251247082277331	-0.017140752613267862	0.07886138873377228	0.0021631007215427256	0.025309793937062723	-0.09147931500998606	-0.03882471301780213	0.03775206043847017	-0.0852773166227645	-0.01947555514910911	0.03987219950773364	-0.08769413378705364	-0.01628667400724433	0.023475723887199377	-0.014486198060331837	0.016276238957735733	0.018883885088681898	-0.006980880858487096	0.12289523749592837	0.051769129309515285	-0.0898627058732227	0.09399562676858372	0.05094513698744341	0.08055769972512691	-0.021572985320057487	-0.0957979302071535	0.009257216168622443	0.0011549989861666299	0.008723582600297155	-0.052239818825316316	0.10818101131949555	-0.013821241278407394	0.13524453818255436	-0.09154570306638318	-0.0004400818955522595	-0.0004998167122884405	-0.052657073956979654	0.042332153716743565	-0.01785352795816805	-0.07568022150451506	0.016279230347602106	0.07085752321779594	0.07307777274969846	-0.0293986072633605	0.00698648166742849	0.07875965809951944	0.03901491026027938	-0.0
ec1134	0.34861209876444066	-0.026216122378219013	-0.09775029602074876	0.2567269316339866	-0.021382765181465695	0.06861427913864668	-0.03382652522423854	0.20238502506067121	-0.00374407123138717	0.043860248223580915	0.0737137483756266	-0.1946838859422682	0.03829149842384183	0.030015263830999738	0.14867344432310475	0.09850298381937875	-0.14271961444620446	0.11804354915715166	0.05378388320012935	-0.01020729171722434	0.03151594149037795	-0.01913174457289454	0.012312236164259523	0.010177098751227978	-0.10882834394522596	-0.04582630497508287	-0.025987972714575883	0.03496075139999243	0.03950807810468429	-0.01748124885182689	-0.01746615921274135	0.05796770553587492	0.012913388802301133	-0.019952039836685115	-0.0383851101664282	0.0032136395111254184	-0.05306337041690832	-0.03881707605707426	0.02384364901862067	0.08848623863572487	0.011452952585752631	-0.042354885923212494	0.016224500564474085	0.05819527939522206	0.06524346199706674	0.16886867210522669	-0.013986846434960823	0.021271706139204382	-0.04370475984359454	0.01955953617904792	0.057015650198181396	0.0009079118062569763	0.02280100156135692	0.026302386094121024	-0.001983194632889859	-0.05905514576120721	0.0093846291463122	0.03208523411547074	0.015527516874926402	-0.016157049347008918	0.05378210931219194	-0.0570556305228781	0.056225954910339784	0.013391356780937473	0.06165500898328381	0.02823320136411404	-0.005573365287392026	-0.0
ec1137	-0.14687902641640468	-0.053734803912750755	-0.20088282905200677	-0.08750918936389877	0.07674284753512689	-0.15335187938255457	-0.08704177167846229	-0.06195468450184442	0.04831898821682087	0.03981170437695647	0.06562259376698917	-0.07284222052889361	0.013843709998302506	0.025118358445210716	0.0015616737453369265	-0.08558735704741802	-0.03939560990300764	0.10577656793796282	-0.003608051889978183	-0.03509371048437367	-0.03870462991886582	-0.008641173722533091	-0.061087756191702064	-0.036156248473803596	0.0027703745188804446	0.07268029657193706	0.03330109233250159	-0.08646436297306899	0.01667025543016437	0.1236313808282511	-0.039530925878762176	0.04415566085211827	0.00028889455478416	-0.017475314907133357	-0.07249370231400816	-0.11694233729407423	0.10076496191047787	0.09641900615074818	-0.009571059440247854	0.04562049889663079	0.009668313055954857	0.06267579057108734	0.10601216470326442	-0.06873516239296071	-0.021277234017387996	-0.07243058267490672	-0.028402938497521752	0.07601139750788515	0.014600624642305205	0.07566018075846168	0.09311132625309093	-0.10131906298434913	-0.05217487461582704	0.0026109566754519233	-0.06374083265138944	-0.12898532511697897	-0.009748975753457076	0.03785640842561267	0.036874027040710876	-0.03676703305659349	-0.05262153233269632	0.015959591049695958	0.04513803490882178	0.0005494995121368977	-0.003572684862114074	0.00949872753580465	0.005560432458659707	-0.0
ec1138	0.2900130722777339	0.015769255414338542	-0.0018391505929999084	0.037620089217206686	0.021410566052553898	-0.09336260473232785	0.20166891859021954	-0.1328605960844639	-0.014623038571103824	0.16389391208032303	0.027067737933609483	-0.10280511316670757	-0.03248202250361196	0.06516944834322763	0.07841903602614547	0.18282158300645154	0.19196374754338075	-0.13830783432700522	0.042893028725292055	0.15449880457934478	-0.0760763392989861	0.12614601360452557	-0.1273374918523746	-0.08252823873413676	-0.05914343481386887	0.08612471515116736	-0.09187114127358095	0.03309404164186209	0.08063016931891545	-0.02850067714361391	0.035018110255988256	0.09338681660049584	-0.040272380033899845	-0.037352656994364665	0.02917077791577095	-0.008377034321467625	-0.04324450891510108	0.07605336689778465	-0.00982377487376161	-0.025307636869902315	-0.04593710274855217	0.05909039029436565	-0.029670580764538098	0.002066758921982501	0.035367157462541966	-0.08293903918872803	-0.021783006914538085	-0.013000189631201073	0.03415115846566635	0.045473266328328266	-0.03226387728671009	0.039707094313200374	0.02952379002584812	-0.01756477635508085	-0.01915293417319965	-0.012136818201457992	0.017786283439743283	0.045777279364488326	0.010034085121697735	0.0005636529498163223	-0.0025681574210848677	-0.0440414078420925	0.018645242089060616	-0.004387114657898673	0.01105475502843512	0.006894808662107186	9.039911144805337e-05	-0.0
ec1140	-0.04140303390020639	-0.29167679354531484	0.08596254148519446	-0.13262683045470613	0.3025905304082752	0.07118924600603543	0.015061090081927594	0.054761126151476935	0.02774767302413582	-0.046194985664981696	-0.029842950680979946	0.04409672287585095	-0.010541694693785178	0.03274997176525729	0.10094437996509006	-0.04894791536710582	0.06019305694360924	0.010682323953009942	0.03421006086383648	-0.0030143991307999742	0.10984667463124168	-0.052324404920512234	-0.034874788993713005	-0.06082020686909843	-0.04036793163578923	-0.09902959926467761	-0.09756655060706043	-0.03245342808837899	-0.011291230928640214	-0.062378511063370244	0.09808087356600641	-0.05011650756856643	-0.011139426792377321	0.0035262749710093296	-0.09955921810150503	-0.03117069023252881	-0.01792487379203395	-0.014491665230096902	0.05057475498920807	-0.029472633498776796	0.050069174499402014	-0.04571156260951008	0.03121299042833466	-0.08832355880998895	0.0586101874998345	-0.013375723204846571	0.0015870107815496369	0.030598922856701957	0.10179211182021262	-0.03132252724729977	0.024332631059954906	0.013397092438931562	-0.06046186051598848	-0.025522568908023034	-0.05288758365146331	0.08512066758617902	0.0010331358119935556	0.09349939675734338	0.012260797066521667	-0.020712345888669118	0.07470056275498003	-0.027461729828549462	0.0399775678386796	0.030227332895306217	-0.04803402105833848	-0.0249527753892201	-0.10018395226399456	-0.0
ec1141	-0.21922335085447325	0.033669954592570585	-0.012128566224648732	-0.06384266713012317	-0.06505809201050043	0.12994567333478985	-0.059842822595427884	-0.013081684053521996	0.12580823919332912	0.19698356998291278	-0.02715611858497018	0.01595038845079076	0.04649261658224322	-0.014105623729152129	-0.058125186472383676	-0.08613426119642473	-0.003368018444422008	0.11714221616328188	-0.04361895626874759	0.015219346116025444	-0.0255891403462467	-0.02025818450752274	-0.048691243676872914	0.0024768905485794026	-0.07091265041535025	0.008632695224900394	0.03629903891553229	0.06401792415135069	0.022707912454591275	-0.02886020894167408	0.02536260623254699	0.075998041889156	0.0457224008781071	0.012040125651397797	-0.12904634230688966	0.052128220886557275	-0.04130432475500552	0.12623021545515292	-0.039394098815867425	-0.07643527226951545	-0.0073444536923689945	0.008472102706531093	0.002603779183411522	-0.04327517819967134	-0.03922485671534185	-0.0011570479426699994	0.11367668329078422	-0.03795970708082593	0.020728905731577124	-0.036205259898905405	0.009997794703320469	0.09923106337850168	0.008216688827150822	0.08787880190780244	-0.0039151160561358535	-0.006778129919181819	-0.10140204346816091	0.03515358052609274	-0.04805282188517044	-0.023932821387808462	0.02325959965372818	-0.036351857129296096	-0.1038931864862454	0.06432175307700061	0.09025520865388052	-0.0054539880435260524	0.012296872139126258	-0.0
ec1142	0.19718090476694924	0.04677466124384317	-0.23397589421856832	0.23218688150854835	0.09049485252167819	0.16948315300682493	-0.09689191944158185	0.13159622518835687	-0.03545168908086386	-0.10089473339539407	-0.05532333494598828	0.08199576966495842	0.010549398322843247	-0.10914170320725938	-0.08270355033361551	-0.002229418808273347	0.09472830484678683	-0.02477537865681312	-0.021338246290530376	0.03968840914254606	0.007726008088990229	-0.006059831739964494	-0.04691990736369113	0.008950118845790786	0.06456623747165793	0.0004165836342214677	-0.02339353242250846	-0.015270026598271357	-0.027004423741530587	0.05649860741923917	0.003877375977737806	-0.02262800246509485	0.01612538056184985	0.01641508793038394	0.001241464297335232	0.03973912856774095	-0.1091464328131063	0.05665170819681467	-0.02269701201846067	0.004593871949824134	-0.024581530448244644	-0.0283952694850665	-0.009669266621577405	0.0561727252104051	-0.04064508859910923	-0.02326173226006745	-0.009281869682718014	0.01741182309565528	0.08537439897439142	0.0330856528623676	-0.019415534529671145	-0.014084005231611308	-0.012609123814669576	-0.05643537080289558	0.03299073112398438	-0.054381119285632155	-0.020529950439901995	0.05609989823124078	0.004155156153902386	-0.017708980669409635	-0.0029388293896014917	0.033245258111055165	0.04799568163646379	0.05773560771112796	0.0016195196573924478	-0.16972615384099815	0.0838380424406104	-0.0
ec1145	0.011006404224379878	0.058826679311871494	0.060073796137064095	0.12402089423181824	-0.02906571268979658	-0.18594814653120648	-0.05652445815556529	-0.08971343819956105	0.14326848602404818	-0.2231057741784939	-0.13007699265366168	-0.10457605421418835	-0.2819570437688151	0.0455427614167438	-0.04010189957842683	-0.05484703319654217	-0.09175480088148748	0.11218825174327185	-0.05664278784140422	0.09314004675519796	-0.0071543141740595395	0.03466017676627171	-0.051888059201401125	0.03163772729343487	0.019455817595919224	0.04168328425313295	-0.04620714482896905	0.14905993312422575	0.05799992330791623	-0.008994970541823586	-0.047561306886918904	-0.024390935211451914	-0.045670744996739114	0.10949173547207802	-0.05362177246647414	-0.0907159427908991	-0.06288080290214701	0.009429366727968763	0.05953457779268386	-0.0012504437644979573	-0.005795696030741048	0.09178378522627499	0.0397470005254231	-0.04401801657843899	0.027182149436899963	0.030582582400041903	0.05389378289070203	0.01426056049599709	0.026091196508406782	-0.020496340207680677	-0.037780079488599495	0.025435629188904543	0.028510114019832954	-0.030474951600583194	0.05354012165900295	0.0020091788834044806	0.0027270879762253787	-0.017257781081283365	-0.022957406645117466	0.04688094290954495	0.04696794753329289	0.01654160483388707	-0.002338978327639672	-0.026764503168241444	-0.03036329930637712	-0.021650508126106884	-0.0027343454385958654	-0.0
ec1149	-0.21385366900606237	0.09321239184061096	-0.028049314048974112	-0.033382306491149524	0.01346241122786475	0.036644575099152435	-0.02598806018375672	-0.07101596757423735	0.01853696200570067	0.09280849246302346	-0.08276057442323567	0.010173158131117065	0.03168324191906313	-0.002070256145534206	-0.04573428014605424	-0.04725256676999814	-0.029663572474516568	-0.04315649030118576	-0.009620514554697753	-0.08936794474339008	0.11608646177446372	0.05233428416454591	-0.0433872061334357	0.006306504680290681	-0.10547574269294223	0.13527606979001772	-0.05264255191040372	-0.04474631999114342	-0.0035028777221108908	-0.17539571166663726	-0.12272325867423715	0.023515100876468045	0.06726944559436254	0.006513832535720918	-0.14298460858783307	0.024123232894873985	0.049236308463670775	-0.03584320323832196	0.020246899411897598	-0.019625236508160386	0.05746254544380782	-0.04102684149840686	0.010359468003488725	0.14720262819175098	0.06737235888719531	-0.05582604510250591	0.020867155256801505	0.06649728119270974	-0.005280239224965246	-0.07061738956797768	-0.03420192779290607	0.029257902231470335	0.021319376314239035	-0.031149348583265152	0.015448047259738468	-0.056696161392831006	0.14782884172084051	-0.05342643508560106	-0.011252803478850305	0.005803881319776261	-0.03500954993956085	-0.011207940531922943	0.03901361152982227	0.0056693743813054365	-0.014842816250008798	-0.03558349196099201	0.0024221448622200703	-0.0
ec1150	0.23411602235110207	0.049628854690833196	-0.19911043916039567	0.25438462427284275	0.1216042264331306	0.13061206359766328	-0.019758277414664707	0.16617090924404845	-0.0018012566187907387	-0.10135425256601227	-0.04784383636019559	-0.020981535225933812	0.04096913481476613	-0.01751239593289515	-0.20842031071242453	-0.050137338031824755	0.14381454905385926	-0.0676101615685186	-0.02229962959215239	0.07102160798569207	0.00639518130134727	-0.012476025869332299	-0.07924009269430429	0.05385162375408197	0.07446788701805725	0.11293011356051003	0.004971319334111885	-0.0238396642908639	-0.08278853889022214	0.059652192876522105	0.06502808211595522	0.024414914524372885	0.0018922986917684953	0.002466955158575429	-0.10446581348524539	-0.056039022313454125	0.12016223407201974	-0.05943239579558317	0.024351522466485327	-0.03146477986034989	0.015638132741525524	0.022938947070357082	0.005350892556859632	0.006198089862168536	0.0048158662800786576	-0.003322441346573009	-0.04137398838031499	0.015369817205856543	-0.019441086294930385	0.0019291087256801298	-0.0054416967499219555	0.055187634906602175	-0.009043132142856963	0.03855662509994426	0.008614877556707545	0.04624072277715755	0.006796065998248069	-0.028118486131715612	-0.00150377498586424	0.014710405848885482	0.004089476650486189	-0.014056299348268296	-0.03575294416459564	-0.02776791250673183	0.024530288019229664	0.13365951769462342	-0.04523141773828675	-0.0

Biplot	0	0

Site constraints	0	0
