Eigvals	26
0.3199409351894355	0.18024048209123858	0.08416495689620215	0.0604546920651402	0.01966145497582674	0.014281713574327202	0.007649257079964149	0.004533629139799757	0.0037838290861161392	0.001803044068571541	0.0013184623348782443	0.0008199227017519897	0.0005147908929623198	0.00035961684438289183	0.0001364766223053357	8.242881431433412e-05	4.111078032384679e-05	3.266898161618376e-06	0.0	0.0	0.0	0.0	0.0	0.0	0.0	0.0

Proportion explained	26
0.4571955917636392	0.2575636463045147	0.120271722188774	0.08638975408771958	0.028096218876414905	0.020408568491391128	0.010930788256762882	0.006478555975278249	0.005407091709396434	0.002576549947940845	0.001884082657493691	0.0011716695289584842	0.0007356361786061682	0.0005138924654279057	0.00019502509130269924	0.00011779077446436597	5.8747304488865374e-05	4.6683974257570335e-06	0.0	0.0	0.0	0.0	0.0	0.0	0.0	0.0

Species	0	0

Site	26	26
ec1314	-0.0661710424529417	0.03284340244082555	-0.0049911796987732815	0.010466903455949585	-0.002418907076031414	-0.004240227318938797	0.015999166650719435	0.005999901899940793	0.0006580627721517249	0.009895558702841693	0.000892554344138799	0.021243402753465573	-0.002332120023658256	0.0029505741682910253	0.0018229854036660683	-0.0020900170646921015	4.749820932757592e-05	-6.0848891160513944e-05	0.0	0.0	0.0	0.0	0.0	0.0	0.0	0.0
ec1322	-0.0423155911643839	-0.008966956005577528	-0.008950040792980762	-0.009074699091651088	-9.219718859139478e-05	0.030783918014568538	0.006655604148833964	-0.012191984707612798	-0.001817543718827323	0.01128115042288041	0.007959222035209167	0.0006570009039877877	0.006551195901931597	-0.006719401840130467	-0.002135650477969121	0.0001546585282635621	0.001315958487501632	-0.00036102059467443245	0.0	0.0	0.0	0.0	0.0	0.0	0.0	0.0
ec1346	-0.027008710297141147	-0.04635087629556654	-0.006624551779306839	-0.008524315232732914	-0.05126147638422714	-0.0034171175489341728	-0.002201991694671726	0.00023249969014686899	0.014646666145052858	-0.016708909474164643	-0.012472445335696485	0.0005052365355535584	0.0021665916936021183	-0.0025819246090370757	5.7567432197977554e-05	-7.387198967646877e-05	-0.0003158607524820297	-7.45019841423288e-05	0.0	0.0	0.0	0.0	0.0	0.0	0.0	0.0
ec1354	-0.05112542647357522	-0.14831351891879216	0.25556326913066146	0.023302872136776804	0.012952829832455014	-0.0008552755637796697	-0.0033012538064243584	0.0001845438415738226	-0.007667062687599802	-0.000804033449964617	0.00019594422593082988	6.918166901198692e-05	0.0004788923506570465	-0.00016695541306171012	-0.00012953965554453401	8.719112514250263e-05	4.319257533166949e-05	7.738556253849363e-06	0.0	0.0	0.0	0.0	0.0	0.0	0.0	0.0
ec1361	-0.06564215575161371	0.030972668167289767	-0.010396480643612852	0.0024505314248404594	0.002859847163410471	-0.0026527488184414074	0.0019812750132192545	0.004417155346063547	-0.006169124807998568	-0.007721807420942222	-0.0021917619156251373	0.0024818487509595255	0.00452761415592129	-0.004853879599764102	-0.002553327831338886	-0.002690773607155896	-0.004299826123553056	0.00030297738330360436	0.0	0.0	0.0	0.0	0.0	0.0	0.0	0.0
ec1369	-0.07044674539758917	0.03000469788879409	-0.010782604302880278	-0.0014519801337222818	0.011958992026557489	0.005186762543853101	2.6642162965617096e-05	0.00698576263140544	-0.007145081393209818	-0.0013844650005548668	-0.0003813611114481949	-0.005522843246077423	-0.004012166935311972	-0.004817000559275748	0.007950386345545651	-0.002777078432211917	0.00014053079060907984	-0.0005081207405124927	0.0	0.0	0.0	0.0	0.0	0.0	0.0	0.0
ec1378	-0.07414143271676293	0.04232321658575236	-0.02466892590716956	0.0005968819749800435	-0.01319122660786512	-0.01936523176952176	-0.008327055588769134	-0.002312090550501385	-0.01917757162577598	-0.0017938865728279864	0.005341355103453801	0.00025346182754994894	-0.0004504132264759957	0.0006454959918752586	-0.001261314166877745	-0.0035767305285950924	0.0017270652520734707	4.7647423233738725e-05	0.0	0.0	0.0	0.0	0.0	0.0	0.0	0.0
ec1386	0.33109054848485203	0.21942959156306463	0.055473317406685284	-0.05893788593269297	-0.027959307031483076	0.02562468986014595	-0.014043517656663796	-0.003050888223240526	-0.014676442175889391	-0.0021468344907733506	-0.0008643727654152315	0.000617954098053736	0.0007554370001006156	-0.0006523759823739136	-0.0002755855865431077	0.00018378694670517141	-8.845982887043164e-05	7.449380986688063e-06	0.0	0.0	0.0	0.0	0.0	0.0	0.0	0.0
ec1393	-0.03258695990580771	-0.04915697200189042	0.009443606737488208	-0.01626472516037701	-0.05928655324055073	0.060991114739923684	0.009685796103567332	0.014299558743721193	0.01658673073420775	0.0021609917661612283	0.0023233109950367157	-0.005462088896319445	-0.003191023061923901	0.0011158879211063547	0.0009439994722008271	-0.0002479922322868514	-5.249397196774885e-05	-1.6875649031939612e-05	0.0	0.0	0.0	0.0	0.0	0.0	0.0	0.0
ec1396	-0.07059466868114404	0.038108811644262365	-0.016507889853274785	0.0008052511502285156	-0.0033688504662360585	-0.01700186699030407	-0.006441662240904249	0.002454300187574113	-0.012235605598990585	-0.009924554668595768	0.010075320726576914	0.0005959226217673653	-0.0031285280955848523	-0.0006587785401877331	-0.0001030962564029635	0.0042110898270455634	0.0006465500877628256	-0.000473268513962365	0.0	0.0	0.0	0.0	0.0	0.0	0.0	0.0
ec1401	0.18356206657510385	-0.20686484752695966	-0.04852709401435462	-0.019513059844629112	-0.06689458470139203	-0.04431253825805595	0.015803512592625142	-0.0023950006854700405	-0.010244537396322357	0.007158500639850106	0.0015364548046771607	6.178521507830946e-05	4.2162960025263835e-05	0.0013927747827769444	-0.00012809701346640188	-2.134539650884168e-05	0.0001225417717690277	6.393566574080125e-08	0.0	0.0	0.0	0.0	0.0	0.0	0.0	0.0
ec1404	-0.06192626709802661	0.020073699144067838	-0.01108764612546544	-0.0038257610965954907	0.0009928487519985877	0.007464054655848824	0.009529968141280029	0.0018446504075463714	-0.020328881482350587	0.0007553978739599886	-0.007328808276584768	0.005879638829750739	-0.0012189358614199662	-0.00014285978841054067	0.0029790476845274597	0.004679434211857478	-0.0006470346989014453	0.0006871796171138705	0.0	0.0	0.0	0.0	0.0	0.0	0.0	0.0
ec1409	-0.05757679585056979	0.026996737640170295	-0.003139047113028565	0.005583701728964994	-0.007293761292644387	-0.015223046589237758	-0.0030452514825353733	-0.036540286278136665	0.016452824602562865	-0.0038256575260602957	0.01631356885258742	-0.0001839274527514269	0.0053815103857164995	0.0016876622073179039	0.002045439479376798	0.00045624909573747734	-0.001115041557530726	0.00014156746282534974	0.0	0.0	0.0	0.0	0.0	0.0	0.0	0.0
ec1411	-0.057579117786124824	0.013967992078570662	-0.004297682198030919	-0.0016609561808884818	0.005822300320446773	-0.0045997553516665506	0.005852764851564389	-0.028203185594691663	0.005719453078365191	-0.011572513695961174	-0.007513619823214302	0.002145709606328419	-0.01231469444601755	-0.003918283026300718	-0.003222068785899785	-5.604904239958059e-05	0.0010478365019513899	-0.0001340526290085348	0.0	0.0	0.0	0.0	0.0	0.0	0.0	0.0
ec1417	0.16222664248641575	-0.1543609128568589	-0.06121628939484634	-0.016743646455970464	0.06054558975137071	0.04001710372112387	0.005804856815392663	-0.023455481578564048	-0.008629271390332054	0.0054121267435488785	-0.007216063549500741	-0.0009055498137732473	0.0006416373050806205	5.4997487835036055e-05	0.00045289724066004713	-0.0004467206366805163	-0.00032607842349510345	-2.4867996432925535e-05	0.0	0.0	0.0	0.0	0.0	0.0	0.0	0.0
ec1419	0.10378604999308966	-0.11355049907998443	-0.05923258180377991	-0.025711703979018247	0.04763021670489911	-0.0018324973982511397	-0.003178831229237896	0.02770452514948779	0.0060136832524701105	-0.017082318968242985	0.008208735644832271	0.0012863975702213418	-0.00015787365116004236	-0.0010031688169342904	-3.7717221065679385e-05	0.0005966465381028993	4.318099625363679e-05	5.527867963555579e-05	0.0	0.0	0.0	0.0	0.0	0.0	0.0	0.0
ec1425	-0.07213157860106276	0.026824033145276684	-0.008242436147983907	0.0003500784059650852	0.010232386874392483	0.008665488751782318	0.027095235698232967	0.016587436062545303	-0.015371209198824565	-0.0010038945063160901	0.009629040666050423	-0.005300896522283379	0.002085396378798299	0.0008281360140999976	-0.0035803847711531646	-0.00027579197627629164	0.0003461005299404091	6.232651415446719e-06	0.0	0.0	0.0	0.0	0.0	0.0	0.0	0.0
ec1433	0.15075992199021618	0.07847460778438851	0.05714318462246635	-0.0910903529407503	0.03691283120023701	-0.042187534871652506	0.025115487488572546	0.00613456182463889	0.025100763925609653	0.003737449850920454	0.0003495286142087093	-0.001106027669144749	-0.0011120273725465722	0.0009400636805210144	0.0003220432051044994	-0.0003166763970987267	0.0001932061175693671	-2.5975406927156015e-05	0.0	0.0	0.0	0.0	0.0	0.0	0.0	0.0
ec1438	0.2052052882402488	0.05182304849194715	-0.004405326486342632	0.21444454311531086	0.0048787718608949504	-0.0040704490803196245	0.00494435075036308	0.004123047443060561	0.008021587460080153	-0.00024325623105225073	0.0005607326071549828	-0.0011697416684766932	-0.0007463232223704145	-2.4779348450872192e-05	5.2883351443384894e-05	4.908658148336888e-05	0.00010853463725065531	-5.536595181687156e-06	0.0	0.0	0.0	0.0	0.0	0.0	0.0	0.0
eti110	-0.07827042428389695	0.04203631689775262	-0.015329020860827684	0.0059382617133448	0.006643844499107707	-0.015257984414458105	0.0014635064036068108	0.0074127794325407345	0.006150577595872611	0.006618255360773322	-0.009341540849027639	-0.004457544817964207	0.0028626457958795433	-0.004468607262354763	-0.0010628158683268188	-0.000514234998174513	0.0026672361545302167	0.0008588462823688166	0.0	0.0	0.0	0.0	0.0	0.0	0.0	0.0
eti114	-0.07716565255984852	0.04077554668678274	-0.0125565165174828	0.0019536460907981744	0.00309665794597177	-0.022639441115979902	0.004140555357865677	-0.007124250003846315	-0.004630374626172414	0.008640169922680015	-0.0004772532014308941	-0.013527159657989191	-0.002841153536514255	0.003046329499144997	0.0017816636548633209	0.00046190159121896844	-0.001445097786110161	0.00034072585447734576	0.0	0.0	0.0	0.0	0.0	0.0	0.0	0.0
eti122	-0.047104555067146316	0.0014722434397698694	-0.014525120455828601	-0.005569144616947408	0.0005242597808619001	0.022356330541067348	-0.017895579544453928	0.00471335627795232	0.021350407656479033	0.0073043367444490335	0.006349042562289961	0.004442063156610662	0.00016340863733383827	-0.00204587900375451	0.00028161443838930393	0.0017010183369120455	0.00021312942089106833	0.0003837972503089253	0.0	0.0	0.0	0.0	0.0	0.0	0.0	0.0
eti123	-0.08057591672664938	0.04361507479251637	-0.01693825965658584	0.006756208725601289	0.0054782314779323075	-0.017252165696382254	0.0015714676645987343	0.008278698024316146	0.0049026793010226045	0.012497221747900713	-0.012652302405368465	-0.0010746769490497957	0.004551546298160466	-0.0005382687558872037	-0.0017460467656706152	0.002273002892170797	-0.0010833880009077648	-0.001010585300045493	0.0	0.0	0.0	0.0	0.0	0.0	0.0	0.0
eti124	0.018685852874444735	-0.05196260994965939	-0.0140919154137136	-0.010643347685590459	0.005589329623318529	-0.018980932889019118	-0.06847621687508992	0.006078749225312725	-0.00018317668805053477	0.007150955161613174	-0.0010982819318899621	0.0005591782209125618	-4.7175918078568716e-05	0.00032998579876878476	-0.0003303133491067425	-0.0005363591444906928	5.13705708057336e-05	-2.2003574947753048e-05	0.0	0.0	0.0	0.0	0.0	0.0	0.0	0.0
eti126	-0.06020150988231623	0.015583793403761079	-0.012111925180020536	-0.003976909498075487	0.0071967842035938	0.020858738952091362	-0.00889595442619831	0.00293720893600175	0.0027499920545003545	0.005142850148704057	0.0005719335800556724	-0.002054156382260108	-0.008750505738141868	0.009050933927075561	-0.0032858764113406387	-0.00072490556884917	-0.0010234465964503137	-6.9486999436736415e-06	0.0	0.0	0.0	0.0	0.0	0.0	0.0	0.0
eti135	-0.06275181994776982	0.024201710840296542	-0.009000843551011734	0.0003396079268812637	0.008451141971572724	0.011940611894538126	0.00013712470154130486	-0.005115567501764868	-7.754578803192257e-05	-0.01354283308082659	-0.00876893359700152	-3.416868316094111e-05	0.010094902225997683	0.01054932106711146	0.0011613064527296315	-0.0005055186595430804	0.0016827956367034143	-0.00011489790161562775	0.0	0.0	0.0	0.0	0.0	0.0	0.0	0.0

Biplot	0	0

Site constraints	0	0
