Eigvals	79
1.3290738307628767	0.6653338019201307	0.2562546846598757	0.23220538552067865	0.12648496253201105	0.11285770555267619	0.0883115211385411	0.061439315002158344	0.04648699283567922	0.028604866922413562	0.023973963562635252	0.01795418461770181	0.014175775180771795	0.010872193560740727	0.008404719632287706	0.007812344241650067	0.007461636308654172	0.00580924717934702	0.0048297035305389716	0.00438243058700357	0.0035349337331486916	0.002885758746842111	0.0025264661653748785	0.00192285453053153	0.0018609959156041453	0.0012848029984965995	0.001057709677168596	0.0008800653520439558	0.0007538880351945429	0.0006274823506350127	0.00042205391119742885	0.0003803868408378913	0.00023662477314600333	0.00017688325555289332	0.0001207148350353369	6.665977040418592e-05	4.875183671343184e-05	2.9924637540645432e-05	8.160551464815032e-06	6.553561488751452e-06	0.0	0.0	0.0	0.0	0.0	0.0	0.0	0.0	0.0	0.0	0.0	0.0	0.0	0.0	0.0	0.0	0.0	0.0	0.0	0.0	0.0	0.0	0.0	0.0	0.0	0.0	0.0	0.0	0.0	0.0	0.0	0.0	0.0	0.0	0.0	0.0	0.0	0.0	0.0

Proportion explained	79
0.4327030647092429	0.21661097260507	0.0834281624029746	0.07559849545688262	0.04117937593867164	0.03674278579442507	0.02875134921876243	0.020002635880514583	0.01513464775509811	0.009312811144452277	0.007805140140954874	0.005845296573160184	0.0046151697696345225	0.0035396314071915076	0.0027363024225865395	0.0025434443276828767	0.002429265270122122	0.001891301295665532	0.0015723938512142107	0.0014267763776399968	0.001150859060252176	0.0009395088706647368	0.0008225349317234139	0.0006260186824034226	0.0006058795361511903	0.0004182899265107039	0.00034435575232173103	0.00028652055751880886	0.00024544134097431356	0.00020428777535622938	0.0001374069796730747	0.00012384154137708568	7.703730384009973e-05	5.758741538801727e-05	3.9300810735005815e-05	2.1702245788820927e-05	1.587200700806678e-05	9.742485386773605e-06	2.6568092357338404e-06	2.133625743963019e-06	0.0	0.0	0.0	0.0	0.0	0.0	0.0	0.0	0.0	0.0	0.0	0.0	0.0	0.0	0.0	0.0	0.0	0.0	0.0	0.0	0.0	0.0	0.0	0.0	0.0	0.0	0.0	0.0	0.0	0.0	0.0	0.0	0.0	0.0	0.0	0.0	0.0	0.0	0.0

Species	0	0

Site	79	79
SRR21280500	0.10734919602416643	-0.011048499946894257	-0.10719561973865621	0.01664929332658198	0.08111809495370657	-0.04952286775395794	0.046911018907444674	-0.054243462154325926	-0.08312643904895027	-0.005755763129285089	-0.007996860185726824	0.012410572689984849	-0.0073386032228824356	0.010305920407818499	-0.004307052441090016	-0.015248407361682979	0.02368069997192487	0.006702054815041694	-0.00630484213436116	0.0005055263115809869	-0.00442677489967243	-0.0031859132361304054	-0.0027533535509327	0.0029291659663422814	-0.005264339412040772	0.0018791849772302742	0.0004971166817272336	0.0011009941208293837	-0.0006288929312049438	0.0006999894144195557	0.00023549640753496435	-0.0004999563545112812	0.00023869987821836398	9.702052744620382e-05	0.0007321830861415462	0.00015446946575377272	5.945690265301091e-05	-3.0944369036727395e-06	-5.434478958156438e-05	4.440133931532819e-06	0.0	0.0	0.0	0.0	0.0	0.0	0.0	0.0	0.0	0.0	0.0	0.0	0.0	0.0	0.0	0.0	0.0	0.0	0.0	0.0	0.0	0.0	0.0	0.0	0.0	0.0	0.0	0.0	0.0	0.0	0.0	0.0	0.0	0.0	0.0	0.0	0.0	0.0	0.0
SRR21280501	-0.07180163768764095	0.049753715457957634	0.0672029015213466	0.02541911744005683	-0.014158064624520017	0.012904581735306444	0.010933546851339673	-0.015374253452372833	0.002245209415526443	-0.03412018737494156	-0.007055094143942338	0.0023294392879855785	0.00534069141424763	0.003927442256733128	0.009446141981726188	-0.008707684293375963	0.004671081314864288	0.00028049472769569613	0.003036889418271647	-0.006891159108582332	-0.002210871671313907	0.00956935722346291	-0.003026009609267887	-0.008475709741476984	0.005228242987265124	0.005783639318141372	-0.004016888506639847	0.00032877519179082114	0.0031453900658477644	0.0030407167968228756	-0.0011003438544591171	-0.00429333468742775	0.0007923570014264478	0.002313450290935187	-0.0023886527685022876	-0.0021002571215993663	0.001054250997492549	-0.0006384622229659543	-0.0002315130043742348	0.0005638431522993607	0.0	0.0	0.0	0.0	0.0	0.0	0.0	0.0	0.0	0.0	0.0	0.0	0.0	0.0	0.0	0.0	0.0	0.0	0.0	0.0	0.0	0.0	0.0	0.0	0.0	0.0	0.0	0.0	0.0	0.0	0.0	0.0	0.0	0.0	0.0	0.0	0.0	0.0	0.0
SRR21280504	0.01709956840197631	-0.11995972580888545	-0.08784498522049515	-0.0023949683018913044	0.07484153156253942	0.039336876341152675	-0.01967150695990547	-0.03627749613969807	0.041184322305594656	-0.006792068984285476	0.012786748009183344	0.033169160081560164	0.03574653002825262	0.012458965527960433	-0.022361747648387928	-0.025405331185953464	-0.03175523538258882	-0.01341589635814564	-0.0029039025217583456	0.011709977529435972	0.0018881844966623566	-3.339694989402142e-05	-0.0045026885081399515	0.005629867825934451	-0.002942748580058671	-0.0007298535158784781	0.0024274094501972815	0.00043324741697119823	-0.0005285223055611252	0.0007822285825029257	0.0010961209134814002	-0.00025163091859137183	0.0006766412265206467	0.00018546697681445616	0.0005286248363766997	7.623390266052906e-05	-0.00011279781103400529	7.084141081539626e-05	-8.199167194504722e-06	-6.680765390378653e-05	0.0	0.0	0.0	0.0	0.0	0.0	0.0	0.0	0.0	0.0	0.0	0.0	0.0	0.0	0.0	0.0	0.0	0.0	0.0	0.0	0.0	0.0	0.0	0.0	0.0	0.0	0.0	0.0	0.0	0.0	0.0	0.0	0.0	0.0	0.0	0.0	0.0	0.0	0.0
SRR21280506	0.011898057455243156	-0.2072396322363057	-0.08666887986556607	0.02734061800051692	0.08432419521982334	0.03634978155238536	0.009016983486498435	0.004630786972478725	0.07677866148306008	-0.022435215762116274	-0.012032560454657403	0.044426663256690445	-0.027300753229091774	0.010851964741070627	-0.02308622664707749	0.021704154420730797	0.011948853520391973	0.005684490787464578	-0.010324444903211917	-0.01806630366714719	0.0003250157379338744	-0.002795598385284943	0.003943357545056657	-0.0006216993688215989	0.0030551020102472675	-0.0005682513222849668	-0.0005461997374523507	-0.0011951062214327363	-0.0009045820577938122	0.0005583549404175275	-0.0005645193979110208	0.0003273979584929981	-0.001057167258832349	-0.00020371356579664275	-0.0003290101732100685	-4.539511660493579e-06	-0.00012724264730634623	4.754669894461634e-05	8.633254060299276e-06	1.451907937424125e-05	0.0	0.0	0.0	0.0	0.0	0.0	0.0	0.0	0.0	0.0	0.0	0.0	0.0	0.0	0.0	0.0	0.0	0.0	0.0	0.0	0.0	0.0	0.0	0.0	0.0	0.0	0.0	0.0	0.0	0.0	0.0	0.0	0.0	0.0	0.0	0.0	0.0	0.0	0.0
SRR21280507	-0.03759864226561438	-0.022592850658053096	-0.04245613870460977	-0.02515904983588498	0.002275734203009549	-0.012769584045802782	0.010419170122203955	-0.04039559613892561	0.038385957250434095	-0.029855745612215247	0.023262883029165782	-0.005268112511461106	-0.036002998571553715	-0.009994491688878898	0.018867968981276136	0.01423462056737621	-0.00025384128691883725	-0.002472995174510981	0.005015749298838445	-0.0030767922142381247	-0.006148033178636936	-0.009195314503263934	-0.002318017700814912	-0.00013998012418124815	-0.005314661880396522	0.005771657383213298	0.0005675993013036146	-0.00012042251939129117	-0.0010579977454020161	-0.00029193553292011516	-0.0006480004577868174	-0.0026819052756380628	0.0019555743677989908	0.0002789561461850582	-0.0008162330789077297	0.0005134160116294135	4.294566431793129e-05	0.00012770432428749133	3.777041598844201e-05	7.867424910627422e-05	0.0	0.0	0.0	0.0	0.0	0.0	0.0	0.0	0.0	0.0	0.0	0.0	0.0	0.0	0.0	0.0	0.0	0.0	0.0	0.0	0.0	0.0	0.0	0.0	0.0	0.0	0.0	0.0	0.0	0.0	0.0	0.0	0.0	0.0	0.0	0.0	0.0	0.0	0.0
SRR21280508	-0.030454159991157814	-0.05754794808427193	-0.02919285558252787	-0.015788452803162583	0.01231762540204351	-0.00883253868278189	-0.026316389359122748	-0.028018825082228364	0.00512314186147974	-0.022026415564476633	0.03593164179503479	-0.03466812600435523	0.018042698643121212	-0.010609401920432282	-0.012687997480499952	-0.0001217809519576649	0.0040490052406414664	0.009265497536313259	0.012538565412788768	-0.012480133099977992	0.004920002269170543	0.0036522431717443526	-0.014968869715221975	0.007023948191827256	0.004153259000848498	0.002827208130616951	0.00216266350706617	0.0026224091466229287	0.0027498429284776534	0.0007212250620982642	0.000898453980465531	-0.00023857735058485237	-0.0009228686912299298	0.00042043506396598245	0.00014950202222984332	0.0002585993542155444	7.43040336181034e-05	-4.9585068308428176e-05	1.0681677355064038e-05	0.00018362688469473448	0.0	0.0	0.0	0.0	0.0	0.0	0.0	0.0	0.0	0.0	0.0	0.0	0.0	0.0	0.0	0.0	0.0	0.0	0.0	0.0	0.0	0.0	0.0	0.0	0.0	0.0	0.0	0.0	0.0	0.0	0.0	0.0	0.0	0.0	0.0	0.0	0.0	0.0	0.0
SRR21280509	-0.043489913875509094	-0.054899740204883106	-0.049147984291235645	-0.020304479749051675	0.05218042943867527	-0.03692447508980422	0.02196718007382467	-0.019870496193043218	-0.057825127784135365	-0.010969023025489084	-0.009925164433467241	-0.007829486914288458	0.017362663452990524	-0.009043681854486216	-0.018599853176067487	0.019685680548105353	-0.0036116090138801835	-0.020830195319672586	0.01353431274362912	-0.007931330768174961	0.009036272490601054	-0.0045559477307473804	-0.00017898413667586386	-0.00593118309479634	-0.00018067896773551605	0.0015359633532428052	-0.0024232753237447163	0.002586411022799114	-0.0032204158123218083	-0.002924691813887335	-0.0026953593585313843	0.0005320607593494387	-0.00012113490509858982	-0.00036075810807947433	-0.0008545916830320047	-9.1191023519882e-05	-2.735513827568495e-05	5.315558585723961e-05	0.00014192279925143432	-3.422176873990565e-05	0.0	0.0	0.0	0.0	0.0	0.0	0.0	0.0	0.0	0.0	0.0	0.0	0.0	0.0	0.0	0.0	0.0	0.0	0.0	0.0	0.0	0.0	0.0	0.0	0.0	0.0	0.0	0.0	0.0	0.0	0.0	0.0	0.0	0.0	0.0	0.0	0.0	0.0	0.0
SRR21280510	-0.0597364015386567	0.00873456685401235	0.008969347402772434	-0.02273565183352892	-0.03056738200622276	-0.041744870327401006	0.030709306670727514	-0.05342587768978549	0.044938254496466636	-0.01109913840709479	0.03176374949221998	-0.01695347099824972	0.003936614350545858	-7.75692864237071e-05	-0.016304393954640665	0.002056202370013212	-0.0030936950668982795	0.0066197221180292	-0.000621870949335672	0.005773317869301545	0.004284719197032384	0.002858771099574458	3.95966431306147e-05	-0.005260545079137863	0.006160007891332938	-0.0024036164655238785	-0.003385777618208379	0.000584284332012455	0.0036390731306225796	0.0002448689922637556	0.002496356993988872	-0.00011347682501066893	-0.0006604530945641626	-0.0005479986445135211	-0.0013011493499563583	-0.0004932317760740752	-0.00017308009252044244	-2.164720306993775e-05	-0.00010591985833164176	-0.00012421374564425166	0.0	0.0	0.0	0.0	0.0	0.0	0.0	0.0	0.0	0.0	0.0	0.0	0.0	0.0	0.0	0.0	0.0	0.0	0.0	0.0	0.0	0.0	0.0	0.0	0.0	0.0	0.0	0.0	0.0	0.0	0.0	0.0	0.0	0.0	0.0	0.0	0.0	0.0	0.0
SRR21280511	-0.04431710931653268	-0.006458716153932234	-0.038668765838826204	-0.022694743359746618	0.011654390746888581	-0.033422019991065276	0.04612327941542668	-0.035739186923490956	0.0243283159097736	-0.011312861821389356	-0.017212753357584706	0.004837549715204142	0.0059454179163300975	0.021549554138436705	0.018433919284023843	0.003029254514246743	-0.015082849365244608	0.008192727403519128	0.002117986710752558	-0.0020021395611445197	-0.004858088700276732	-0.004324364090138422	-0.02579483135340668	-0.0011584787988747692	-0.001249115587577957	-0.0004645145879172637	0.0012371515274943164	8.166623252135799e-05	0.0006586727476778076	0.0016879759333430875	0.0003806897838009503	0.0016318166867610002	0.0003783879336853727	-0.0007690963250121717	0.0003020452404393318	-0.0005501670979340778	0.0003138220980120149	-0.00022387699849191135	7.272718712342819e-05	1.0620102905163808e-05	0.0	0.0	0.0	0.0	0.0	0.0	0.0	0.0	0.0	0.0	0.0	0.0	0.0	0.0	0.0	0.0	0.0	0.0	0.0	0.0	0.0	0.0	0.0	0.0	0.0	0.0	0.0	0.0	0.0	0.0	0.0	0.0	0.0	0.0	0.0	0.0	0.0	0.0	0.0
SRR21280512	0.04905886224251027	0.026978663841539283	-0.004964211491453325	0.033795663491060716	0.025385805817468417	0.07240920872835753	-0.03265479603606451	-0.03297012288653012	-0.002154873073072274	0.014994679468714574	-0.04823851167243568	-0.024413299620113644	-0.009728998416556835	0.0010752400056448295	0.0030794359577711056	-0.0009911085324784054	-0.0040630383803153414	-0.02474009560856982	-0.0012921285228606235	-0.0020069317708390653	-0.01572351090110567	-0.014419708218850935	-0.0007402723261632427	-0.005549355603056166	-0.0007741866677562031	0.0029289085156203134	-0.0056945285884973185	0.0015257367391756209	0.0016518319318596143	0.0017959984895312832	0.0030113187547323797	0.0006745465239063746	-0.0012272814027385326	0.0010959402569681483	-0.00012152002169212827	-6.405440426629613e-05	-6.131409225888139e-05	6.133206999197141e-05	-4.4569423573089675e-05	-6.2932487022309656e-06	0.0	0.0	0.0	0.0	0.0	0.0	0.0	0.0	0.0	0.0	0.0	0.0	0.0	0.0	0.0	0.0	0.0	0.0	0.0	0.0	0.0	0.0	0.0	0.0	0.0	0.0	0.0	0.0	0.0	0.0	0.0	0.0	0.0	0.0	0.0	0.0	0.0	0.0	0.0
SRR21280513	-0.046607171746658356	-0.28790495035674396	-0.0588240298515702	0.030479700029957688	0.1328235036416305	-0.06489499156175339	0.049564273730031284	0.11017916920652604	0.04331005917239166	0.001562970131716671	-0.03689576966988301	-0.04418836506664637	-0.003607745011205294	-0.017146989216463265	0.012478894015925203	-0.01850669460688055	-0.005127709169412145	0.007120326720365283	0.006387138042445973	0.004721302666276536	0.0012739933960682062	0.002922532057841717	0.0024661312772705957	-0.002756291033543397	-0.002246982550831823	-5.972666573453897e-06	-0.0009781137970521817	2.7931177851157823e-05	0.0012710641079434093	-0.0004070383165936527	-0.0003615704850738888	-4.8087020263669874e-05	0.00043657420622134866	9.836800431225385e-05	-3.102662505714751e-05	1.826416333710095e-05	6.468841123952223e-05	-1.2274970011786097e-05	-1.5111238054452817e-06	-1.6557096853400487e-05	0.0	0.0	0.0	0.0	0.0	0.0	0.0	0.0	0.0	0.0	0.0	0.0	0.0	0.0	0.0	0.0	0.0	0.0	0.0	0.0	0.0	0.0	0.0	0.0	0.0	0.0	0.0	0.0	0.0	0.0	0.0	0.0	0.0	0.0	0.0	0.0	0.0	0.0	0.0
SRR21280515	-0.046670976320980356	-0.02525052984119496	-0.019836311507011484	-0.024281484551407106	-0.001439369741616388	-0.024877797390527565	-0.000995289918736782	-0.044470388643168914	0.017852177081883327	-0.02180804802992778	0.03694425679861957	-0.024637114487807973	-0.01175161962111635	0.00021532558041326247	0.003183940669910727	0.0008683562598250984	-0.002751661536846273	0.002160931066693632	-0.008410240407715425	0.008677824896339573	0.009198746922435769	-0.0023120923106819645	0.01575462954772879	-0.0037003214412099825	-0.0003466182439000498	-0.006436820405207265	-0.008168855763468215	0.0020521299192495027	-0.004698154374895295	0.0031042773175261624	-0.00020289716481481347	0.0025268010423812924	0.0004056806307521022	-0.0004001176214011221	0.0017335848355164813	-0.00023666071384418187	-0.00013059168844012313	-0.0001792318864431568	0.00017008199448571328	-0.00020572871729096395	0.0	0.0	0.0	0.0	0.0	0.0	0.0	0.0	0.0	0.0	0.0	0.0	0.0	0.0	0.0	0.0	0.0	0.0	0.0	0.0	0.0	0.0	0.0	0.0	0.0	0.0	0.0	0.0	0.0	0.0	0.0	0.0	0.0	0.0	0.0	0.0	0.0	0.0	0.0
SRR21280516	0.7216915142971712	-0.011062357882039943	0.025838563705025352	-0.04743275739342412	-0.04604360409472969	-0.1586624461863593	-0.07304829670341763	-0.007226295746491685	0.014146785675245334	-0.03784423891136875	-0.007282447989052165	0.005579851517196693	-0.005971875613991858	0.002685558638421707	0.0018150387664600726	0.0011098473251722326	0.00011853720650624309	-0.006860383877290458	0.0005661186294399078	-0.0009681907053439395	-0.0031294430964381352	0.0013137580729411609	-0.0007374816373929843	-9.441820420372273e-05	0.00034445326277425997	-0.00021542858000875816	-0.00040873841732901576	6.731465630172668e-05	-0.00048329403739151946	-0.00043703343821521355	-0.00017344404366708853	0.00011836707534867803	-7.354393882195775e-05	0.00013045958523125127	-0.000264728198184172	7.041817886496542e-05	-5.134687729341439e-05	5.154510068501124e-05	1.8187797672018567e-05	4.632181369175687e-06	0.0	0.0	0.0	0.0	0.0	0.0	0.0	0.0	0.0	0.0	0.0	0.0	0.0	0.0	0.0	0.0	0.0	0.0	0.0	0.0	0.0	0.0	0.0	0.0	0.0	0.0	0.0	0.0	0.0	0.0	0.0	0.0	0.0	0.0	0.0	0.0	0.0	0.0	0.0
SRR21280517	0.07557623207170719	-0.060826178965944284	-0.09236880982165743	-0.001411444191872151	0.03719681571938068	0.020997916179834052	-0.052835114655888894	-0.05060472763135622	0.012169113050997705	0.008696632668897086	-0.005254120511298176	0.017676454506214443	0.05674996938637696	-0.01346538702811468	0.03333807850438251	0.010973870042018543	-0.00047670657451363477	0.005884380085560633	0.006504625604229775	0.0028738144751340056	-0.011158218430537643	0.005223062377798678	0.008817551691047296	-0.009955243728617516	0.00800969191701096	-0.004940395074026709	-0.0031088678529403685	-4.459602283957235e-05	0.0009950756981695718	-6.966506574774562e-05	-2.107567654354409e-05	0.00019854838490468757	0.00016650241200468142	-0.00010893578831571605	0.00027859432345458545	-0.0005106003465693411	0.00014260894335761358	-9.096297551231802e-05	-2.5669074402847542e-05	-2.7188336757042934e-05	0.0	0.0	0.0	0.0	0.0	0.0	0.0	0.0	0.0	0.0	0.0	0.0	0.0	0.0	0.0	0.0	0.0	0.0	0.0	0.0	0.0	0.0	0.0	0.0	0.0	0.0	0.0	0.0	0.0	0.0	0.0	0.0	0.0	0.0	0.0	0.0	0.0	0.0	0.0
SRR21280518	0.04884984785649575	-0.0035901306844445427	-0.05954173828405787	-0.002356952670699415	-0.006814424990306231	-0.007004180298433189	-0.012112122243508699	-0.12357005375039111	0.03671757778604641	0.07416327912166253	-0.004476483727921646	-0.037521519889778296	-0.0235838012302779	-0.005132911733918435	-0.0036604276109926527	-0.010164195146465839	-0.0017712834664412177	0.008127704846512354	0.0060440054789613114	0.004609800903024179	0.009395545637582258	0.0003753940536291098	0.0035659360177251664	0.003419645921030191	-0.004784499872838655	0.000582946944352511	0.0025794665416360796	-0.000695445390904936	-0.0011613270830213944	-0.0020123549383206417	-0.00017465219712868175	-0.0011747335548329466	0.0002143299680318487	0.0003363789696880453	-0.0005127840747663344	0.0001213140268685313	0.0001276312691941786	4.585180808873351e-05	-7.587169641521198e-05	7.18196843325599e-05	0.0	0.0	0.0	0.0	0.0	0.0	0.0	0.0	0.0	0.0	0.0	0.0	0.0	0.0	0.0	0.0	0.0	0.0	0.0	0.0	0.0	0.0	0.0	0.0	0.0	0.0	0.0	0.0	0.0	0.0	0.0	0.0	0.0	0.0	0.0	0.0	0.0	0.0	0.0
SRR21280588	0.4052268596514896	0.1037145547995259	0.09884289394639945	0.07350941817156664	0.02476268974628364	-0.045004787134840595	-0.010726828553412756	0.04650752663606268	0.05245005039597385	0.04799506043157764	-0.003094827800964372	-0.004831349402612729	0.010053882045657552	0.014518876561892276	-0.0004525927501575107	-0.0005727974538571434	0.007631935706338446	-0.007665084386626986	0.0071232766270032935	-0.00390700068620246	0.002306902512667894	-0.00392089395996034	0.0006090498950354059	0.0009738396962683104	0.0008707006317834529	-0.0005013409597504453	0.0012125044118361432	0.0011021173108371099	0.00040044885143805155	0.0006784897764402552	-0.0005025341166738407	9.248615406365564e-05	0.00025459366293143805	0.00022244939552439858	0.00018935403823343945	0.0001056651814234613	-6.621517363294069e-06	6.990246795890112e-05	2.7778710758098716e-05	2.057345960616002e-05	0.0	0.0	0.0	0.0	0.0	0.0	0.0	0.0	0.0	0.0	0.0	0.0	0.0	0.0	0.0	0.0	0.0	0.0	0.0	0.0	0.0	0.0	0.0	0.0	0.0	0.0	0.0	0.0	0.0	0.0	0.0	0.0	0.0	0.0	0.0	0.0	0.0	0.0	0.0
SRR21280622	-0.036506146990097715	-0.04246665137383404	-0.03895325297467125	-0.023982017105119338	0.028122069659553946	-0.041641473177674394	-0.0010556388682107	-0.009317942030531637	-0.040358024119821825	-0.020284548737345708	0.0060947565842243015	0.004419551036840311	-0.00636185733755762	0.0038940497122508513	0.009112217078790508	0.0029726561130006793	0.005574212312839501	0.010947686443679118	-0.00228779765013319	0.0072155083866133046	-0.01162363473817559	0.0031342834325423998	0.011926778162775042	0.005527090785687829	-0.002147671220203271	0.0029776603889382354	0.005173210008491763	-0.0034898820789525603	0.005102048471469515	0.0009171341227348116	0.005889247866178777	2.8575074758152075e-05	2.1359801121894388e-05	0.0001763278654857087	-0.0007375028459549136	-0.00014909218798173562	-6.588056375215756e-05	-6.312238728305182e-06	-0.00016306148275330355	-2.7281572049270883e-05	0.0	0.0	0.0	0.0	0.0	0.0	0.0	0.0	0.0	0.0	0.0	0.0	0.0	0.0	0.0	0.0	0.0	0.0	0.0	0.0	0.0	0.0	0.0	0.0	0.0	0.0	0.0	0.0	0.0	0.0	0.0	0.0	0.0	0.0	0.0	0.0	0.0	0.0	0.0
SRR21280623	-0.06142379061737454	0.035905000114706084	0.04766413872420402	0.016246491739738664	0.004943732235579183	0.0008372871162235823	0.0020497681027429075	0.00012949849901703472	0.003349718231396825	0.0018341360894358525	-0.005337876387078501	-0.006074901416238287	0.002089808600229951	0.0015668476462324266	-0.007650413856135103	0.0023543847587012986	0.00384317765125302	-0.004232862534914176	-0.0049091828725551815	0.001332998562431721	-0.007067614333381715	-0.007348114335055508	0.0035488050136456327	0.0031913576264762057	-4.298519321149138e-05	-0.005298029888648044	-0.004905807121586873	-0.00041367351758689216	-0.00012893472949415552	0.008280777552701018	-0.0004365552794679632	-0.002932680737843107	0.0006932564631634994	-0.0008605077764904786	-0.0023199421189030603	0.0012777059332981227	-0.0008460587585530383	0.00036044500226001936	0.0005278519070564561	-6.336432674815976e-05	0.0	0.0	0.0	0.0	0.0	0.0	0.0	0.0	0.0	0.0	0.0	0.0	0.0	0.0	0.0	0.0	0.0	0.0	0.0	0.0	0.0	0.0	0.0	0.0	0.0	0.0	0.0	0.0	0.0	0.0	0.0	0.0	0.0	0.0	0.0	0.0	0.0	0.0	0.0
SRR21280624	-0.046013885340465355	-0.023952803555993475	0.02541028489828257	0.031718717040626315	0.027675435495782424	0.040784443443336246	-0.05221864051406025	0.006370996428061166	-0.03513975645948356	-0.030470378313143424	0.006927148666138165	-0.01534296766743655	0.0057725822106394565	-0.009994154423076988	-0.010075753764869095	-0.014967990891537112	0.008388600625338014	0.013625151586857972	0.016187868267185757	-0.003217917019970867	-0.002314761476973287	-0.005839767219641931	0.002091766095496685	-0.0024690068309584966	-0.005836893902984409	-0.002352233905328807	0.0018181500548823974	0.0016152828491969343	-0.002284005103703679	0.001086929504088435	-0.002932669759012029	-0.00022880216250884764	-0.0002394286994368626	0.00015572017829817191	-0.0003233826630376243	0.00014717517467856503	0.00022239608142616312	0.00019738685679970806	2.5273006784620163e-06	2.0177283925277034e-05	0.0	0.0	0.0	0.0	0.0	0.0	0.0	0.0	0.0	0.0	0.0	0.0	0.0	0.0	0.0	0.0	0.0	0.0	0.0	0.0	0.0	0.0	0.0	0.0	0.0	0.0	0.0	0.0	0.0	0.0	0.0	0.0	0.0	0.0	0.0	0.0	0.0	0.0	0.0
SRR21280625	-0.06906477029344377	0.04694776112050137	0.0639851779146155	0.020118679249766007	-0.0029698773784099007	0.014184857196258078	0.004827904019583577	-0.012011224654063665	-0.0011894311395212467	-0.01718858200558946	-0.011314820231010434	-0.007210295535386429	0.0006826189167484607	-0.004703988399495134	0.004150213548513961	-0.0031096864268661817	-0.013430588351500416	-0.008899993831864563	0.0020617645108742207	-0.009297991197151773	0.008486294765476852	0.015141731691039774	0.003979649142835881	0.006715017039249856	-0.007830131969700452	-0.004899857997210661	0.002531597027162609	-0.002820219296154559	0.006698584687263074	-9.012994909424419e-06	0.0032886649865880467	0.0018960756823351032	-0.002520675141743215	0.001965210288426047	-0.0004739184240980791	0.00031435703827692533	6.586263763118287e-05	0.00013341988338259287	-0.00018037370935773583	-0.00018349462640531166	0.0	0.0	0.0	0.0	0.0	0.0	0.0	0.0	0.0	0.0	0.0	0.0	0.0	0.0	0.0	0.0	0.0	0.0	0.0	0.0	0.0	0.0	0.0	0.0	0.0	0.0	0.0	0.0	0.0	0.0	0.0	0.0	0.0	0.0	0.0	0.0	0.0	0.0	0.0
SRR21280626	-0.06206502385650219	0.02872455017976053	0.029290214861461737	0.01279095740533011	0.02538376221166735	-0.020408005355701225	0.02513888218643956	0.0011961011877704157	-0.005615543106504107	0.02144707181948749	0.0007734758540165374	-0.00011945549557166655	0.0002708712564187084	0.012597585676676053	0.0032122810208948917	0.00316029774644333	0.004833870252300387	0.004758743962965043	0.0015343869424680639	0.00832036839178042	-0.0008958669406034155	0.0031223230129649275	-0.007744896921778039	-0.0002919154246649628	-0.003728168214789849	0.0031136280692917466	0.0009403960518869251	-0.0019308873407686573	-0.004306523496135269	-0.0019712112499370273	-0.0031254411995496533	0.00022109751095234094	-0.002010916951492369	0.00100746126972905	-0.0010188129915406313	0.00012866508000009634	-0.00025952541575351796	1.425897084026114e-05	-0.0002317200571219427	-0.00014847874553850055	0.0	0.0	0.0	0.0	0.0	0.0	0.0	0.0	0.0	0.0	0.0	0.0	0.0	0.0	0.0	0.0	0.0	0.0	0.0	0.0	0.0	0.0	0.0	0.0	0.0	0.0	0.0	0.0	0.0	0.0	0.0	0.0	0.0	0.0	0.0	0.0	0.0	0.0	0.0
SRR21280627	-0.062070258590073854	0.04113267417851827	0.05067236463892772	0.018198121347395527	-0.006838674190824696	0.01297351300797639	0.002717929661780793	-0.0009176457848578038	0.007480862726318952	-0.0014035609648927324	0.0017034246065791808	0.0016659633926450475	0.0015738303596206055	-0.007487064960607607	-0.007069666768135878	-0.0003714839299012438	-0.003444052904024759	0.0008435074333051702	0.005156116669984908	0.0027627533179659463	-0.0065255681862168785	-0.005958835239570234	0.00494046937250569	0.002215268672407391	-3.314999480716611e-05	-0.008609379114873217	0.004714275426600863	-0.0028338742594708724	-0.004533841180824363	0.002063179522429129	-0.0050318959359488425	0.004545163290216371	0.005118604797075077	0.002440216442458083	5.6189769283405946e-05	-0.0015958241250834339	-0.00011892381756282003	-0.0007303080546158762	-0.0003773252021022891	0.00034018285750624837	0.0	0.0	0.0	0.0	0.0	0.0	0.0	0.0	0.0	0.0	0.0	0.0	0.0	0.0	0.0	0.0	0.0	0.0	0.0	0.0	0.0	0.0	0.0	0.0	0.0	0.0	0.0	0.0	0.0	0.0	0.0	0.0	0.0	0.0	0.0	0.0	0.0	0.0	0.0
SRR21280628	-0.06273157435660955	0.02151426873491118	0.011635570125928989	-0.003864156821886453	0.013498636805649633	-0.03989371618961574	0.049084628120621886	0.001548168927368971	-0.01957227244020669	0.020669718037630933	-0.0060707514645370955	0.01138843467437863	0.008245422049131004	0.0026325800084122278	-0.0015471958340639758	0.0014084231979545698	0.006175723044946473	-0.0007538611172091435	-0.0028327045430800463	-0.0003897177578878039	0.0040426813160760675	-0.012545084576100757	0.007591477293820961	0.007647132787600428	0.004178400123634265	0.00657863541589681	-0.004285515088924564	0.0033889528345067755	0.008509498370148862	0.0014685884633023677	0.0038454564066775013	0.001819157003148702	0.0038451788367221957	-0.0021868319760153156	-0.00029430403401689754	-0.001440168235938256	0.0002473739924726116	-0.0005482221455484564	-3.6753267708146645e-05	-0.00015499534297822802	0.0	0.0	0.0	0.0	0.0	0.0	0.0	0.0	0.0	0.0	0.0	0.0	0.0	0.0	0.0	0.0	0.0	0.0	0.0	0.0	0.0	0.0	0.0	0.0	0.0	0.0	0.0	0.0	0.0	0.0	0.0	0.0	0.0	0.0	0.0	0.0	0.0	0.0	0.0
SRR21280630	-0.046290756074948376	-0.0550234159629722	0.024907403206088356	0.04375604646079406	0.06001226843049753	0.015655241779780595	-0.04462438202982354	0.015104430076997098	-0.012884686164532479	0.007913345051220044	0.008288078650019648	-0.0055648468298071865	0.0015706738101955238	-0.0007507493428136307	-0.02058463247440491	-0.0006184123894769573	-0.0032678202103165275	-0.00983548223687478	-0.017682051517603818	0.003161728081781645	-0.004940211112367962	0.0006489452071698933	-0.0007922125734685885	0.00537337339285367	0.0071422841957942745	0.002300252858746793	0.0012364933304191699	0.0030136736796988898	0.0006041004307207102	-0.003935044555124566	0.0016323358106682838	-0.0016183655750985865	0.001966287728230122	0.00010165135227658231	2.7453546148246083e-05	0.00012029372099528846	5.185203759152314e-06	-0.00021888096139237152	6.354238934097159e-07	7.374260394623624e-05	0.0	0.0	0.0	0.0	0.0	0.0	0.0	0.0	0.0	0.0	0.0	0.0	0.0	0.0	0.0	0.0	0.0	0.0	0.0	0.0	0.0	0.0	0.0	0.0	0.0	0.0	0.0	0.0	0.0	0.0	0.0	0.0	0.0	0.0	0.0	0.0	0.0	0.0	0.0
SRR21280631	-0.07022023063371548	0.01761993930397532	-0.0019118676827122537	-0.0215479874178332	-0.007017517114206153	-0.05494375495039941	0.07592458439579655	-0.009731233095796564	-0.03177978649963015	-0.002842540716846264	-0.021548887511911512	0.012531607440067835	0.01686879199551324	-0.012409860608951846	-0.0131519403057524	0.025581605868251405	0.002517049351217944	-0.01741719214998265	0.010416490098488414	0.010799500654827323	0.005990277811072642	0.0014169350383571747	0.0005896673485333688	-0.002452058323948853	-0.0012422019126980288	-0.006168708994771986	0.0009750510604401915	-0.0037144493922627304	-0.0037758623520939326	-0.001612715030931747	-0.0007798151238192666	-0.0018478592686294053	-0.00020296416062332874	0.0009417257835569081	-0.00032340955473153207	0.0003831466359581981	-0.0001679550148586123	0.00028124753031210037	0.00012117909754727009	3.826236786377508e-05	0.0	0.0	0.0	0.0	0.0	0.0	0.0	0.0	0.0	0.0	0.0	0.0	0.0	0.0	0.0	0.0	0.0	0.0	0.0	0.0	0.0	0.0	0.0	0.0	0.0	0.0	0.0	0.0	0.0	0.0	0.0	0.0	0.0	0.0	0.0	0.0	0.0	0.0	0.0
SRR21280632	-0.03672615615922481	-0.031085391949940977	0.0014998520780105848	0.02260345853299107	0.060297815373671085	-0.000957539431923302	-0.03216530644879329	0.013797272789243384	-0.042237730672747914	-0.001983806315716836	-0.0005838667186702775	0.007350315049366054	-0.005767780633033516	0.005399344783051536	0.01865484906550143	0.015129288634573777	-0.004210880108258337	0.013838199048647916	0.012974315837053012	0.008232309809535793	0.01731883904631928	-0.0061945489703330685	-0.0019591815205908286	0.0072963312651796305	-0.0007906432212873717	-0.0021932987221814997	-0.006085825312223735	-0.0029075338105586683	4.2502328596882825e-05	0.0031899333473111276	0.002687982356077833	-0.001085267066383888	-0.0009479031124204323	0.0006542891570560996	-0.0003414646887238712	-6.704759888925446e-05	-0.0001724926250588255	5.586009140718197e-05	-0.00010669528148840903	-2.1675595477409608e-05	0.0	0.0	0.0	0.0	0.0	0.0	0.0	0.0	0.0	0.0	0.0	0.0	0.0	0.0	0.0	0.0	0.0	0.0	0.0	0.0	0.0	0.0	0.0	0.0	0.0	0.0	0.0	0.0	0.0	0.0	0.0	0.0	0.0	0.0	0.0	0.0	0.0	0.0	0.0
SRR21280633	-0.05576195222390324	0.01519314137477108	0.016786118764262378	0.010539362834286161	0.034485755636669786	-0.004000542725504656	0.011244317321778179	0.004696941693572131	-0.005984308149401135	0.0033464878874875916	0.013090779523945502	-0.0016302189700826547	-0.016452565883134262	-0.009522096532242126	0.012956902686985156	0.010870932263451611	0.0025551589117820102	-0.004700902502088757	-0.008891005310361329	0.008043893828821976	0.0013610539650186202	0.008734807760521109	-0.005268593077683895	0.001189589075797174	0.006473951435480974	0.004285614806946005	0.005696723843068815	-0.002303390705009948	-0.0024612932945906702	0.0021770863896008676	0.0013571028916211478	0.007877342404209255	0.0020135325975506675	-0.00038274773138866715	0.00011115371172451186	-0.0006729196758572309	-6.45110217314677e-06	4.414266657147678e-05	0.0002900001371253384	3.453878871640562e-05	0.0	0.0	0.0	0.0	0.0	0.0	0.0	0.0	0.0	0.0	0.0	0.0	0.0	0.0	0.0	0.0	0.0	0.0	0.0	0.0	0.0	0.0	0.0	0.0	0.0	0.0	0.0	0.0	0.0	0.0	0.0	0.0	0.0	0.0	0.0	0.0	0.0	0.0	0.0
SRR21280634	-0.0606240347445033	0.027760526958162286	0.04251759151866196	0.016643791937442805	0.010560437142387342	0.010143556500279151	-0.012196541831689982	-0.004548308748188183	-0.007288561120619599	-0.023356737536814595	-0.005111616534112948	-0.0130775722466614	-0.011558249922383964	-0.008616525632527216	0.013571179778029067	-0.006797745899636688	-0.0005554998726624621	-0.012699981465394675	-0.012346604351302049	-0.00344762498191498	0.0010552740959109182	-0.0006091725864417534	0.005117718739033233	0.00021156466063692754	0.002562275611782989	-0.0013128000497977437	0.0027088114891662554	0.0036101090927860634	-0.00540396795823968	0.0026317598902198917	0.0014620869301794537	0.001444054855636357	0.0002891320426698511	0.0016216628005733993	0.0017642436074923864	-0.0007375763836013928	0.00017788678216361544	-0.0002670744661831494	7.342387597431764e-05	-0.00010603875748174362	0.0	0.0	0.0	0.0	0.0	0.0	0.0	0.0	0.0	0.0	0.0	0.0	0.0	0.0	0.0	0.0	0.0	0.0	0.0	0.0	0.0	0.0	0.0	0.0	0.0	0.0	0.0	0.0	0.0	0.0	0.0	0.0	0.0	0.0	0.0	0.0	0.0	0.0	0.0
SRR21280635	-0.05282831736769952	0.0049090739566099665	-0.007597978419399458	-0.011143217212236428	0.017873763664701406	-0.033312061853858634	0.03486134389006151	-0.007875898805830447	-0.019347332599192833	0.004043309695204268	0.006170192167313623	0.005279349168481258	-0.002675588724941303	-0.001944791685668092	0.014723998596623546	-0.0007925718410445854	0.005686484514761422	-0.0076948121097356725	-0.020593018799973543	-0.00890925786472535	0.00625650867158709	-0.003171013501921944	-0.004247539161364545	-0.0008507342991173886	0.0015037383225664919	-0.0055948363097172195	0.002872194954404052	0.007265741975288872	0.001003564480554036	-0.0029199616471994143	-0.0030546946577851447	0.00125633566894721	-0.00281222906602428	0.0028409187434148124	0.00042514483272037396	0.0005144909714508851	-0.0003094359771192122	0.0005686612157787817	0.00010272393380341217	0.00014113901545283997	0.0	0.0	0.0	0.0	0.0	0.0	0.0	0.0	0.0	0.0	0.0	0.0	0.0	0.0	0.0	0.0	0.0	0.0	0.0	0.0	0.0	0.0	0.0	0.0	0.0	0.0	0.0	0.0	0.0	0.0	0.0	0.0	0.0	0.0	0.0	0.0	0.0	0.0	0.0
SRR21280636	-0.050958711521556406	0.011289882863579393	0.019850340340951813	0.011604351666140435	0.029370278107727046	0.007305738540063924	-0.01180573164506286	-0.011364858557176153	0.007064353148153138	-0.009527914143464749	0.01496872663786967	-0.010385653171643005	-0.013286425763146498	0.0015256985000784578	0.01286571082939717	0.01159106195530219	-0.0018371480733249536	-0.005794004654952801	-0.017523012461343187	0.009815677615168772	0.0017543632875676872	-0.0026289051087815415	-0.0017758552321570792	-0.007632417097145991	-0.002835734431844153	-0.0021619299292058927	-0.0017604011312650873	-0.002095971046150897	0.0073953239380227355	-0.00430936536414113	-0.005545322182358164	-0.002792449610569388	-8.669589455467973e-05	-0.0011809241246382891	0.0007557834547069329	0.0008114857920079288	5.080704319590908e-05	0.00025222957568833	-7.849476998682858e-05	0.00010728981512525825	0.0	0.0	0.0	0.0	0.0	0.0	0.0	0.0	0.0	0.0	0.0	0.0	0.0	0.0	0.0	0.0	0.0	0.0	0.0	0.0	0.0	0.0	0.0	0.0	0.0	0.0	0.0	0.0	0.0	0.0	0.0	0.0	0.0	0.0	0.0	0.0	0.0	0.0	0.0
SRR21280637	-0.023734136863107432	-0.03023328075038183	-0.007932144623467268	-0.004436924662743295	0.06983194568172636	0.03832558650216499	-0.01729837821030047	-0.007344439890488132	-0.0278992416855367	0.03612020464778189	0.03082655611470803	-0.009290072143353355	0.003268400490983943	0.033227891503752265	0.009820006969848149	-0.0015709367599416506	0.013021520335164497	-0.012619379526627195	0.006491742394883355	-0.020236738087516536	-0.00673790024467124	0.013454028282543211	0.002779211059490416	-0.00482405505666267	-0.0030174411522867414	0.0015005746156722124	0.0008496573053807323	-0.003969886320286165	-0.0017764745812449757	0.000567800774918965	-0.0018526964036835677	0.0008152046282151099	0.0004704840200002399	-0.001054009189911943	-0.0005069383287896588	0.0002352943553590491	-6.491657597706987e-05	4.307086631161786e-05	7.081363334354649e-05	-5.938591741881041e-05	0.0	0.0	0.0	0.0	0.0	0.0	0.0	0.0	0.0	0.0	0.0	0.0	0.0	0.0	0.0	0.0	0.0	0.0	0.0	0.0	0.0	0.0	0.0	0.0	0.0	0.0	0.0	0.0	0.0	0.0	0.0	0.0	0.0	0.0	0.0	0.0	0.0	0.0	0.0
SRR21280645	0.030664908564997182	0.015036038089215737	-0.08165719349976715	-0.016804340402426798	-0.03426689687955694	0.011389371597072168	-0.007553960021292765	0.0007978211377121083	-0.015007686368291497	0.005991016204108348	-0.031570431635194636	-0.0006415284246634136	-0.022009762192077346	0.010166309080210958	-0.00973188551102384	-0.0142773189289261	0.014656759637507535	0.001944104268392487	0.004555697077825611	-0.0045629020930658916	0.0014081671582840303	0.00536701626307698	-0.004042494607163827	0.002368987024170481	0.014508042115468169	-0.01232136388104657	-0.007243294384281187	-0.00181866488513814	3.213856948753026e-05	-0.007062647053705191	0.0029601095395902287	0.0013776285676635337	-0.0004898461225471541	0.0005018803177345869	-0.0010657905673468182	-0.0006736798964947446	0.00015821933440097506	8.899843703865359e-05	0.00011741015514403416	0.0001588711437467222	0.0	0.0	0.0	0.0	0.0	0.0	0.0	0.0	0.0	0.0	0.0	0.0	0.0	0.0	0.0	0.0	0.0	0.0	0.0	0.0	0.0	0.0	0.0	0.0	0.0	0.0	0.0	0.0	0.0	0.0	0.0	0.0	0.0	0.0	0.0	0.0	0.0	0.0	0.0
SRR21280646	0.5202356208620706	-0.03514737561587349	-0.08632593673442844	0.04838063016888564	-0.06551192251693412	0.17627672505003267	0.15523021681277283	0.013736101924312258	-0.00032023363925689927	-0.018646703231699684	0.00936780885519809	-0.024454620723138278	0.006485246360420083	-0.005296224438948791	0.003599713494671635	0.006492196341105031	0.0019148118944176502	1.728469125201907e-05	4.628694234132273e-05	0.00228768659794481	0.002183552085366185	0.0011154937315909122	6.25815709949282e-06	0.0011715450524512048	0.0007766874042894894	0.0006414261779677887	0.0004622052304065259	-0.00031639275729304845	0.00031108125025323334	0.0003375204939628267	0.00022529154258843829	0.00011890386840266862	-5.069931291089221e-05	-0.00011387991861438139	8.502278474640437e-05	-5.3940816408073587e-05	1.6114861901940988e-05	-6.0871719444140785e-05	6.85465017325167e-06	-1.5219607418808866e-05	0.0	0.0	0.0	0.0	0.0	0.0	0.0	0.0	0.0	0.0	0.0	0.0	0.0	0.0	0.0	0.0	0.0	0.0	0.0	0.0	0.0	0.0	0.0	0.0	0.0	0.0	0.0	0.0	0.0	0.0	0.0	0.0	0.0	0.0	0.0	0.0	0.0	0.0	0.0
SRR21280647	-0.05346402033061648	0.04870143870385759	0.0478529022286656	0.01653527139591341	-0.006702947179716621	0.01456392275894655	-0.008896626512771889	0.000701695760959067	0.005216070742068611	-0.010597423707537587	-0.016825325409826196	0.00745939693849927	-0.0023796726320672104	0.002180247968943291	-0.0038051922624175107	0.0014413161209341672	-0.008818730257515579	0.014287615736140933	-0.005165352965933144	-0.008827305691887588	0.0025415407998275923	-0.009582127927126722	-0.0009119107679575394	-0.008533426333877188	-0.009165992486570504	-0.0002016226710410705	0.0013697554867721838	-0.0027839404814149803	-0.007161360638285025	-0.003982548000414647	0.002989857258182269	-0.0027187955348668847	0.0012570393621928668	0.00015414025409955494	0.0020002514025035576	-0.0008077950493069038	0.0009291985764208507	-0.0005015235798404665	-0.00015386532473110213	-6.084163182825395e-05	0.0	0.0	0.0	0.0	0.0	0.0	0.0	0.0	0.0	0.0	0.0	0.0	0.0	0.0	0.0	0.0	0.0	0.0	0.0	0.0	0.0	0.0	0.0	0.0	0.0	0.0	0.0	0.0	0.0	0.0	0.0	0.0	0.0	0.0	0.0	0.0	0.0	0.0	0.0
SRR21280648	-0.16108888555882372	0.18202460921113206	-0.31974811056335994	0.010969637960678276	-0.08338553934204966	0.012427373073303327	-0.10121974671391903	0.07200087588675548	0.001318852257625713	-0.007095792359905747	0.013674628084077118	-0.01848834795200206	0.0025673859259724157	0.007351827620983199	-0.00020544283448889264	0.005860085338142746	0.0029539258504593362	-0.0030163618414476546	-0.0029072780666703326	-0.002395307274320125	-0.00034979093666555734	-0.002080389818404197	-0.001079123874058554	0.0006154646953873335	-0.0012361660307306321	0.000858125086596606	0.0008637409718083212	-0.0003768024586201763	-0.00036692091983308217	0.00034161587523505314	0.00023975823742054984	0.00011219175142171636	9.358209084113586e-06	8.935588228868681e-05	-7.01747374207564e-05	4.0929775592401956e-05	-1.5808835318012075e-05	5.651684218665924e-05	-1.4781133904283058e-06	-3.4994393592601323e-06	0.0	0.0	0.0	0.0	0.0	0.0	0.0	0.0	0.0	0.0	0.0	0.0	0.0	0.0	0.0	0.0	0.0	0.0	0.0	0.0	0.0	0.0	0.0	0.0	0.0	0.0	0.0	0.0	0.0	0.0	0.0	0.0	0.0	0.0	0.0	0.0	0.0	0.0	0.0
SRR21280649	-0.030292497503891264	0.07195523945525674	0.03859098402242493	0.03615083575531321	-0.01642749540186385	0.027850964483610654	-0.02208678381192224	-0.023842170889505326	0.011464449256152103	-0.0158608081185461	-0.0421605564061429	0.010057783550724023	0.0042138150159070015	0.006779215422713752	-0.0028720170765964997	-0.012063141370686934	0.005457928929477818	0.007196234204075374	-0.006732782061578758	-0.0036284872739905834	0.01758117276450083	0.013431114446235673	0.005244572511380781	-0.005266948327478139	-0.005125793347783265	0.007962045071205098	-0.0035186372723918606	0.0001466701231754835	-0.0017835959644023909	0.0007427252998918515	0.0009743490290998003	0.0017749435718088834	0.0016557339759276902	0.0009219817422513748	-0.0005843222523863906	0.00025478661202968855	-0.00010456712128732486	0.00045084619236703655	4.245440377309562e-05	0.00014257866191125031	0.0	0.0	0.0	0.0	0.0	0.0	0.0	0.0	0.0	0.0	0.0	0.0	0.0	0.0	0.0	0.0	0.0	0.0	0.0	0.0	0.0	0.0	0.0	0.0	0.0	0.0	0.0	0.0	0.0	0.0	0.0	0.0	0.0	0.0	0.0	0.0	0.0	0.0	0.0
SRR21280650	-0.034891729406406904	0.047145663365660916	0.04192623936955589	0.011439818080050975	-0.011637988463979801	0.03415601874836819	-0.021931932194977015	-0.009768074722440413	0.007811095235555232	-0.039789872055242155	-0.025746459883200488	0.0030263218141269753	0.004957124784722033	0.015093834554672367	0.021818499252311413	0.010180616442594381	-0.017256815652135583	0.004079898937985484	0.009305625218717669	-0.0025401819859163237	-0.0005844932315899633	-0.009789681255709585	0.007890313045058467	0.012623252280557919	0.007085085445619397	0.0027274398595873595	0.0023481028266590233	0.0017766138453544286	-0.0009140646055050836	-0.0056378702117307455	-0.001668202016416058	0.0006451083119858227	-0.0015903629054386833	-0.001187304541080264	-4.252530808152899e-05	0.0008639192520893211	6.223483835732436e-05	-5.080349320767909e-05	0.00013993174965068364	4.340988781330305e-05	0.0	0.0	0.0	0.0	0.0	0.0	0.0	0.0	0.0	0.0	0.0	0.0	0.0	0.0	0.0	0.0	0.0	0.0	0.0	0.0	0.0	0.0	0.0	0.0	0.0	0.0	0.0	0.0	0.0	0.0	0.0	0.0	0.0	0.0	0.0	0.0	0.0	0.0	0.0
SRR21280651	-0.028059042976606188	-0.017817877644868817	-0.027112717183321585	-0.033394400947219335	-0.030244858984551346	-0.019097173357613115	0.009152745560124164	0.0017599125509961283	-0.02306287722222309	-0.010933667482369208	-0.00692198352449241	-0.0016571054880550912	-0.025355653350333286	0.0063208206556373365	-0.006413841658674123	-0.006319670552515142	-0.02837649137758213	-0.009330676963442357	0.009233207172567733	-0.005796225065653551	-0.008744148009255683	0.008233160572699067	0.004778844568798592	0.009291165282252942	-0.0006114176667072506	-0.0010164740850663828	-0.001885620072520313	-0.004374381261266291	0.005644198447852598	-0.0008158582255634442	-0.008236569948246982	0.0019572297637244457	0.0009612019067258505	-0.0003033360774946498	0.00011434285394742015	-0.0002663211580315628	-2.9787280825987618e-05	0.0001859019831108018	-0.00019901778252800405	0.00010735273625648494	0.0	0.0	0.0	0.0	0.0	0.0	0.0	0.0	0.0	0.0	0.0	0.0	0.0	0.0	0.0	0.0	0.0	0.0	0.0	0.0	0.0	0.0	0.0	0.0	0.0	0.0	0.0	0.0	0.0	0.0	0.0	0.0	0.0	0.0	0.0	0.0	0.0	0.0	0.0
SRR21280652	0.2098442629098019	0.0810418377934234	-0.010445998302437507	0.04983590340515932	0.02660586037852076	0.026566424071756196	0.021706306531509977	0.01945992601649474	-0.0370696130135274	-0.0156161763553309	0.042935115264149504	0.02334492974791286	-0.02497890417353482	0.024874254238163893	-0.0008396443125113763	-0.020891443318045978	-0.013049848705500591	0.00032591084860481684	0.008106256502864007	0.013653240881254655	0.00032818120408771784	-0.002463954370399486	0.005477481494266993	-0.00439618685032609	0.001321811405335142	0.001501660062830195	-0.0010340571900584225	0.00017653259453258684	-0.0008560837296370304	-0.0013864938143153148	0.0007156920005581917	-0.0010305813796169959	-0.0007494666684890112	0.00014689915226782176	0.0002633982441336377	-3.4010978073044784e-05	-3.500161203487856e-05	-0.00015395270432105545	2.4114985237752845e-06	1.1177349380024344e-06	0.0	0.0	0.0	0.0	0.0	0.0	0.0	0.0	0.0	0.0	0.0	0.0	0.0	0.0	0.0	0.0	0.0	0.0	0.0	0.0	0.0	0.0	0.0	0.0	0.0	0.0	0.0	0.0	0.0	0.0	0.0	0.0	0.0	0.0	0.0	0.0	0.0	0.0	0.0
SRR21280653	-0.05396229942459631	0.03226897131849659	0.03993599361602393	0.014408847580211742	-0.0070766808932140515	0.005731167680799823	-0.005431383956289602	0.010936959270805967	-0.014073350675507681	0.002418730328215612	-0.003994026142426675	-0.0010818117380721047	-0.008728284783616806	-0.0035804837720077465	-0.0005722010900390367	-0.005821045544545493	-0.016146263479143056	0.00639080285415808	-0.0019505772673604584	0.003402075102704041	-0.008828297719697042	-0.0006581345615983892	-0.00479853124318506	-0.010051356652554312	-0.007537564551360061	-0.0003344157944891708	0.003014673651442651	0.0007776541274646353	0.0019398277389540725	-0.0004045038234530558	-0.0006434410281560878	-0.002084995346300014	0.000905538902720995	-0.0029765124230040642	-0.0019918233494668302	-0.0009139423997065758	-0.0020850146859288745	0.0005858790861163465	0.00045015271061829646	3.796327509876129e-05	0.0	0.0	0.0	0.0	0.0	0.0	0.0	0.0	0.0	0.0	0.0	0.0	0.0	0.0	0.0	0.0	0.0	0.0	0.0	0.0	0.0	0.0	0.0	0.0	0.0	0.0	0.0	0.0	0.0	0.0	0.0	0.0	0.0	0.0	0.0	0.0	0.0	0.0	0.0
SRR21280654	-0.02837600597288593	-0.632246135471	0.07785248902045587	0.04659074216970062	-0.15148165497254568	0.024457392524577303	-0.05059093981267363	-0.0061785277522324305	-0.0359038062688601	0.01707093443978716	0.005898345298993831	0.008645930157895703	-0.0027240635290744736	0.0068846266225756955	0.005100920252972884	0.0011976035867051979	0.005088159604558167	-0.0019114058122513184	-0.0013210962980366612	0.0029335624782485968	0.0003343020700415453	-0.0015034450783177472	-0.00186574643816519	0.0001544245572228255	-0.001031114380981265	0.000500943334362452	0.0005459628256434023	0.00032219441967010724	-0.00027758759216192934	-4.442518625853584e-05	-1.8889057976944106e-05	9.615895774820893e-05	-0.00015271655928751412	5.84787925371861e-05	8.13778280093014e-05	2.6353250147552567e-05	1.0762620810106584e-05	-6.786433306255832e-06	4.530018708923494e-06	1.2996501206742163e-06	0.0	0.0	0.0	0.0	0.0	0.0	0.0	0.0	0.0	0.0	0.0	0.0	0.0	0.0	0.0	0.0	0.0	0.0	0.0	0.0	0.0	0.0	0.0	0.0	0.0	0.0	0.0	0.0	0.0	0.0	0.0	0.0	0.0	0.0	0.0	0.0	0.0	0.0	0.0
SRR21280656	0.06058265247952345	0.00761875423740941	-0.058492010943510135	-0.01910491888468421	-0.04082934512826816	-0.0071549826318721135	-0.014959516196598834	-0.007464192195462	-0.021902346550760857	0.025374979748212005	-0.03870469724450564	-0.012534164349179998	-0.009101702998670667	-0.011007446642217186	-0.01029319528012505	0.011966769113344489	-0.015748503196062382	-0.0052038978821716125	0.001791538295165569	-0.005564083946612739	0.0018454311280941746	0.00033328661475695034	0.0034688745105810126	-0.0038443221135069207	0.003780527993069652	0.008942017661743467	0.004185273461596464	-0.002267408635092572	0.0003960973056722359	0.0039854497715121175	0.0013009081048003736	8.093400967246492e-05	0.00011571415958287519	-0.0012001452775269542	0.0013127063404379275	0.00027662846448075573	-0.00018620400438147254	-0.0001726467011713275	5.7920926172002956e-05	-0.00012130942541451197	0.0	0.0	0.0	0.0	0.0	0.0	0.0	0.0	0.0	0.0	0.0	0.0	0.0	0.0	0.0	0.0	0.0	0.0	0.0	0.0	0.0	0.0	0.0	0.0	0.0	0.0	0.0	0.0	0.0	0.0	0.0	0.0	0.0	0.0	0.0	0.0	0.0	0.0	0.0
SRR21280658	0.004567981967177874	0.04342080970826867	-0.008682559270954262	0.02142076882726527	0.0006959155644937908	0.02264162684739783	-0.024086692078915693	0.005747508890062572	-0.00027514507700587165	0.02798635476014745	-0.024215468584473043	-0.0008609520638363237	-0.0016412782717997744	0.014716999757344564	0.009805106757326841	0.014011255889563114	-0.00903106356015445	0.005079525176441056	-0.010058335792815168	0.018480805842272015	0.0020115278874572864	0.010163051889515981	-0.00201712206947763	0.00893074689711804	0.0034487680065578372	0.0015681073705789204	0.002967793081798903	0.004943913428213873	-0.005198395108259327	0.001243925368065422	-0.001974235787993197	-0.0013470098094481332	-0.0006470327461218042	0.000722515511408148	-0.0010720730246952372	-0.00024743590186597616	8.606750318482157e-05	4.4751111226007e-05	2.3997997169559673e-05	-5.706013269502431e-05	0.0	0.0	0.0	0.0	0.0	0.0	0.0	0.0	0.0	0.0	0.0	0.0	0.0	0.0	0.0	0.0	0.0	0.0	0.0	0.0	0.0	0.0	0.0	0.0	0.0	0.0	0.0	0.0	0.0	0.0	0.0	0.0	0.0	0.0	0.0	0.0	0.0	0.0	0.0
SRR21280659	-0.03743872600221376	-0.005390531906361031	-0.013606366291669846	-0.028442219197077664	-0.0333813763440102	-0.02723256959460615	0.01592863226959599	0.011336293402505025	-0.017946321775844393	-0.010220091365896997	-0.007836130506369166	0.002149720874936349	-0.011171176228984283	-0.007255288026166088	-0.010596308387191432	-0.0004056257473149741	-0.012669199471279561	0.0006033811632903324	-0.006766282631110527	-0.003389472641752436	0.00034224120833245666	0.01097325903448154	0.0011249979549862491	-0.011533698148225432	0.005098057021029019	-0.005231886922630616	0.007959096760400092	0.005338577443296756	0.0028870624617105957	0.0034525451202674306	0.002118739063878463	-0.0021374823111052427	0.0003734194712404089	-0.002251563092907538	0.0012587892266515475	0.00011228581875013121	0.0005102372794822071	-0.0002786632629676852	-0.00014855697092099415	6.885013972296113e-06	0.0	0.0	0.0	0.0	0.0	0.0	0.0	0.0	0.0	0.0	0.0	0.0	0.0	0.0	0.0	0.0	0.0	0.0	0.0	0.0	0.0	0.0	0.0	0.0	0.0	0.0	0.0	0.0	0.0	0.0	0.0	0.0	0.0	0.0	0.0	0.0	0.0	0.0	0.0
SRR21280660	-0.03010375627368418	0.022596102886058095	0.01415487599830818	-0.0026685859553606354	-0.011722118296802232	0.0005018958883041585	-0.003617563171799012	0.024761067934567834	-0.005633426227208818	0.0215626471731238	-0.0006072813354752875	0.015073435026083916	-0.008428935222488037	0.016153977286117966	0.0006044495923473087	0.008419114473513617	-0.018913610951324055	0.013617248569469487	0.004882874616933945	-0.011250257103960201	0.017190504049338834	-0.008531537056172107	-0.00200425246334138	-0.007180524545892184	0.0014735192868648081	-0.004610042763312263	0.0009579313979092089	-0.0031434639480289197	0.0026451755488035864	0.0005976756830816117	0.0017029630740574573	0.0027322248245942567	-1.633078738792213e-05	0.00011507412903767291	-0.0003215530476905989	-0.00012084976744283168	0.0001229093126855004	0.00046000932624522684	-0.0002233286807357087	-4.801750157615225e-05	0.0	0.0	0.0	0.0	0.0	0.0	0.0	0.0	0.0	0.0	0.0	0.0	0.0	0.0	0.0	0.0	0.0	0.0	0.0	0.0	0.0	0.0	0.0	0.0	0.0	0.0	0.0	0.0	0.0	0.0	0.0	0.0	0.0	0.0	0.0	0.0	0.0	0.0	0.0
SRR21280661	0.007369383931339901	0.024562711796346854	-0.05648062333542187	-0.021028930139595746	-0.04153964454641118	-0.0006415671419841025	0.005356828457268586	0.011095596673433614	-0.0009033430719453823	-0.008696404629985983	-0.02993585218155538	0.010300662053334183	0.005894503425155524	0.008524721965712809	-0.009044638520916184	0.0024777027313607094	0.007560468250606384	0.013915294906945524	0.003631303762531052	0.012946585429426026	0.007478056731581422	0.005625176454287159	0.007034758376281722	-0.003135334903457171	-0.005190059702158485	0.0031257557198979594	0.0027423850322276355	0.010238189323053851	0.002500296389976665	0.002553808458881495	-0.004428226766468775	-0.0009160831839334613	0.00046868494639035804	0.0010812816864376753	0.00018606785133638525	0.0008131058826489812	-8.369581947938015e-05	-0.0001150984968149617	2.9372239792683247e-05	-1.5174488139055509e-05	0.0	0.0	0.0	0.0	0.0	0.0	0.0	0.0	0.0	0.0	0.0	0.0	0.0	0.0	0.0	0.0	0.0	0.0	0.0	0.0	0.0	0.0	0.0	0.0	0.0	0.0	0.0	0.0	0.0	0.0	0.0	0.0	0.0	0.0	0.0	0.0	0.0	0.0	0.0
SRR21280774	0.015084405014633713	0.035114368883569474	-0.044558295150604124	0.000873825269882045	-0.0035215275509036894	0.008681366659869157	-0.007506645824659761	-0.002246890241064621	-0.0008523059538641077	0.02190176062376578	0.009932873860114452	0.04714295928150858	-0.015910369177312707	-0.05302596749490817	0.01458169719033616	-0.027167740705455825	0.0017986937035658305	-0.006080244258955237	0.00748311591822764	-0.001493770301913239	0.009039359054912913	-0.004795176214593526	-0.003785473089990012	-0.00036540013930937723	0.01089913181905974	0.006572208545603639	0.0019061268680967162	-0.0015676777071740968	4.249112315067236e-05	0.00030840970494309093	-0.0026918742300612707	-0.001970027827372566	-0.00044587069491932435	-0.00019525465710595983	0.000654617793624179	0.0005522490243551914	-1.859381435416684e-05	-0.00029849847062665507	4.9370396047624715e-06	-5.143490512547738e-06	0.0	0.0	0.0	0.0	0.0	0.0	0.0	0.0	0.0	0.0	0.0	0.0	0.0	0.0	0.0	0.0	0.0	0.0	0.0	0.0	0.0	0.0	0.0	0.0	0.0	0.0	0.0	0.0	0.0	0.0	0.0	0.0	0.0	0.0	0.0	0.0	0.0	0.0	0.0
SRR21280775	-0.07139204986825229	0.0460736702571615	0.061300685532779724	0.02032690293332096	0.002019044076229554	0.0033109153264985446	0.004682168753407502	-0.010421390781930794	0.00543182204644632	-0.005877558458562941	-0.008721667682599665	-0.005286084628775411	0.009620480546545102	-0.0016930310798505082	-0.003977150705725282	-0.004855829772613544	0.0007464789032714796	-6.305298360246957e-05	-0.0010887907129170445	-0.0034699977574228135	-0.0004129451862971636	0.0005595791576691788	0.007500899728914406	0.007041028112992182	0.0017159109715654893	0.002685650610907947	0.0017084524926524517	0.0002569024151295556	-0.0028593505354649828	-0.007632354926880091	0.00022287870371458075	-0.0041192721448330165	-0.0021646438801652505	-0.0010584181438060747	0.0015908090782920463	-0.0012826755943003533	-0.000606448101101636	-0.0005917664785526689	4.873191189892364e-05	-2.064153247412834e-05	0.0	0.0	0.0	0.0	0.0	0.0	0.0	0.0	0.0	0.0	0.0	0.0	0.0	0.0	0.0	0.0	0.0	0.0	0.0	0.0	0.0	0.0	0.0	0.0	0.0	0.0	0.0	0.0	0.0	0.0	0.0	0.0	0.0	0.0	0.0	0.0	0.0	0.0	0.0
SRR21280819	0.17727645647591053	0.058636797498692925	-0.022313165993256993	0.02504739443874899	-0.036887638125487746	-0.014978268371996676	0.022437349660768092	0.0038936292200224664	-0.04024725227523917	0.04144606677975533	0.008180158816406992	0.011444171158880485	0.01711776077682914	-0.014822402887671683	0.0010367499554236822	0.0025806583649588	-0.015883281085499794	0.017723048133969202	-0.017440343744901908	-0.0153707349491356	-0.007204886788436084	-0.002881156489746207	-0.0014357260526818647	0.0020276674279221525	-0.0072445211099444	-0.0022151874733585095	-0.0017460145091851501	-0.0003781324234002786	-0.00041420222115268624	0.00022816826134667575	0.0003291510408902409	0.00025667538173032106	0.0005153330959941895	-0.0001761570508105413	-0.0004139877955442414	-0.0001352392414573629	0.00016747837860287386	0.00012838289317020134	-8.638317892095275e-05	9.969934248876498e-06	0.0	0.0	0.0	0.0	0.0	0.0	0.0	0.0	0.0	0.0	0.0	0.0	0.0	0.0	0.0	0.0	0.0	0.0	0.0	0.0	0.0	0.0	0.0	0.0	0.0	0.0	0.0	0.0	0.0	0.0	0.0	0.0	0.0	0.0	0.0	0.0	0.0	0.0	0.0
SRR21280873	-0.05260727934926176	0.02489412920177052	0.021108042718830714	0.007790462118017875	0.00706037662791946	0.0030250303211870207	0.009265714012768227	0.005212752375619298	0.019969336798775324	0.014688059074534075	0.01826867224406538	0.015105802013781503	-0.008644979436434944	-0.0028815969824422245	-0.0021837219574885173	0.013546720697014474	-0.0017662577028788467	-0.0024998085037922584	0.00899060756080971	-0.007317039538546688	-0.004975055175443518	0.005300773419537165	0.0056572246638517815	0.00043694645525561875	-0.0006935360562297369	0.0016124027335727297	0.006007485889437318	0.001042940669397214	0.002489170239767588	0.0013630080378652125	0.002087618240979309	-0.003932058936613562	-0.0011961257578293704	0.005609316351232267	-0.0006895569865522799	-0.00043543694440586133	-0.00047623996029274137	-0.00034864808664128856	0.0002045624688985784	-0.0003892103739170871	0.0	0.0	0.0	0.0	0.0	0.0	0.0	0.0	0.0	0.0	0.0	0.0	0.0	0.0	0.0	0.0	0.0	0.0	0.0	0.0	0.0	0.0	0.0	0.0	0.0	0.0	0.0	0.0	0.0	0.0	0.0	0.0	0.0	0.0	0.0	0.0	0.0	0.0	0.0
SRR21280874	-0.050353359353671454	0.028619667078825104	0.036791279961782296	0.009986873241128043	-0.003991390159834538	0.002197164606963086	-0.006045780954653722	0.01194500095947266	0.0011166943693176267	0.009569616659735975	0.006535606754306825	-0.0052765734438568615	0.0028513899292955005	0.0013695883289272677	-0.007604702651168321	0.009666828445150972	0.0034081881165005266	-0.001919446537212798	-0.002243166097342694	0.006764607852004861	0.0016117616708791666	0.002624752566687986	-0.004023159737182074	0.0040470534929765815	0.00038707245104685375	0.0006715660360340078	-0.003095964100810654	-0.002336377147258573	0.003754525624006539	0.0008102374530248386	-0.0014734093378906466	-0.0008029886109233494	0.0001328870901943824	-0.0017385277152448014	0.0035537443639253575	-0.002985232841314841	0.0013399528896468477	0.0008030272729350287	0.0006884925836912302	0.0008223027604713376	0.0	0.0	0.0	0.0	0.0	0.0	0.0	0.0	0.0	0.0	0.0	0.0	0.0	0.0	0.0	0.0	0.0	0.0	0.0	0.0	0.0	0.0	0.0	0.0	0.0	0.0	0.0	0.0	0.0	0.0	0.0	0.0	0.0	0.0	0.0	0.0	0.0	0.0	0.0
SRR21280875	-0.03482018246878981	-0.004064000138347597	-0.002483038578319783	-0.025518772636539205	-0.039116873275071753	-0.02517102472979447	0.003891442658068291	0.011479779732505378	0.00853051222135584	-0.012331623669007329	0.0013075376649466014	-0.003358205276845084	0.0033734707727905685	0.0030690039007921694	-0.008895380425858615	-0.002632477951922941	0.005136659713164151	-0.0010667543018410787	0.0036483868047674137	0.0024824842831927896	-0.007098830582441521	-0.0008692062099445004	-0.0050207273067628035	-0.0026730839286987257	-0.004438752848855266	0.006078146766315893	0.0005418509863642867	-0.0026653358170836083	-0.002774276438378684	0.0009086229992015028	0.0014684741544811711	0.004881605061225439	-0.000956481749191346	0.0016744667345029243	0.001503766793408311	0.0008921236552135971	0.00046855166990095816	-0.0006771575822174673	0.0003108594998856081	-0.0004598738394835086	0.0	0.0	0.0	0.0	0.0	0.0	0.0	0.0	0.0	0.0	0.0	0.0	0.0	0.0	0.0	0.0	0.0	0.0	0.0	0.0	0.0	0.0	0.0	0.0	0.0	0.0	0.0	0.0	0.0	0.0	0.0	0.0	0.0	0.0	0.0	0.0	0.0	0.0	0.0
SRR21280876	-0.04748142895493942	0.014589596686658908	0.0015762514920052188	-0.015105562783838487	-0.019937502997781218	-0.005649942934454996	0.02019412335400392	0.01766437637988773	0.0189095032251435	0.014457951415561462	0.016144438183650304	0.021049099244730574	-0.0037791496226579884	-0.021307911606955637	0.0031151098944289875	-0.0015621041393729526	-0.006480221907086186	-0.0007633433832772028	0.010090139742927851	-0.010653966553780812	-0.00927826318948408	0.0066070580017015745	0.003886678841527943	0.005227458567836879	-0.012815761310986416	-0.003895993356581397	-0.007477298039821456	0.0052737875116759	-0.0015698015359948388	-0.0014062931131073667	0.002508048730287444	0.002791028843419901	-0.0007133416798722778	-0.0011272054682937556	0.00111464953027269	-0.00026822111871014194	-7.451742205717386e-05	0.00031603106419616757	0.00032675987857482284	-6.0320071757389105e-05	0.0	0.0	0.0	0.0	0.0	0.0	0.0	0.0	0.0	0.0	0.0	0.0	0.0	0.0	0.0	0.0	0.0	0.0	0.0	0.0	0.0	0.0	0.0	0.0	0.0	0.0	0.0	0.0	0.0	0.0	0.0	0.0	0.0	0.0	0.0	0.0	0.0	0.0	0.0
SRR21280912	-0.05339739054400662	0.0324730143719313	0.040872134623376584	0.011972762796313709	-0.006731397276655048	0.004172941385371925	-0.006810196512549735	0.011126634291330444	-0.0010076409643201662	0.00603423263411385	0.003922318085523366	-0.004399582072299496	0.002364974161596171	-0.0003623076154359476	-0.008522204983573197	0.003544504958009448	0.000905889955376403	-0.001735146108030149	-0.0017621020313068757	0.005600543429558827	-0.005394213025002763	-0.005057201382254268	-0.003105783957508934	-0.002027870087902148	0.00012821859670644233	0.0027867938527071107	-0.005697058791486102	0.002542785592555885	0.0041983031589649	0.0005057977905796279	0.0006714155726133777	0.00037392442480029193	-0.001956262099887008	0.002438078203616961	0.003333591317853272	0.0014889623339563959	-0.0006390414112424547	0.0009933152313088515	-0.0016028589294403734	0.0002645206641690345	0.0	0.0	0.0	0.0	0.0	0.0	0.0	0.0	0.0	0.0	0.0	0.0	0.0	0.0	0.0	0.0	0.0	0.0	0.0	0.0	0.0	0.0	0.0	0.0	0.0	0.0	0.0	0.0	0.0	0.0	0.0	0.0	0.0	0.0	0.0	0.0	0.0	0.0	0.0
SRR21280913	-0.03393892369236118	0.0013962857364498787	-0.002092850949541763	-0.020432630421719465	-0.03150135494844656	-0.01126734426478359	0.009066571230076773	0.017419153244481914	0.007793456817473157	-0.0021584724082799192	0.0022251056541949085	-0.006432743289978209	0.009022112299466227	-7.757213729826513e-05	0.00012634531603211444	0.0004863257212994509	0.005954889686338727	0.0016577972755365917	-0.0003042141596478973	0.0022221094641070075	0.0018913785451704947	-0.0033386882938337527	0.0008334380876058521	0.0007334172328999548	-0.004330088346774205	0.0014563043568357385	0.0015609841507570514	-0.005912147785199488	0.0014612791476212596	-0.004259408702843205	0.0021905278434967987	-0.0044682040999363595	-0.0018505887854328087	0.0008192930339609033	0.0025287457818271805	-0.000520414939097226	-0.0010569529153116595	-9.909313629134516e-05	0.0008989199364230418	0.0001425336620851755	0.0	0.0	0.0	0.0	0.0	0.0	0.0	0.0	0.0	0.0	0.0	0.0	0.0	0.0	0.0	0.0	0.0	0.0	0.0	0.0	0.0	0.0	0.0	0.0	0.0	0.0	0.0	0.0	0.0	0.0	0.0	0.0	0.0	0.0	0.0	0.0	0.0	0.0	0.0
SRR21280916	-0.04971714070534613	0.02592630377673618	0.02717546031529778	0.009875351936729643	-0.0020182180625357387	0.006455964591648083	0.0014512660364456014	0.014961706122437161	0.012853474083798545	0.006752565213069272	0.01660567514263747	0.008458398746990612	-0.00814783862472007	-0.009715338263249548	-0.00716751852719995	0.015921222009862096	0.005266953359876667	-0.0002573508875891803	0.0035168584106973337	0.0006289189524848208	0.0024727843741190613	0.0030690067961198593	-0.002942405709448949	0.0030483365807715684	0.0040885461778333	0.003509729984913005	-0.0008997859369397064	-0.002391457807705255	-0.004247102178083089	0.0027564281972720307	-0.001063334967978907	-0.0010547019925777762	-0.001912045846175474	-0.003571027743976592	-0.000994821552828377	-0.00042595327194963454	-0.0008427574464826507	-0.00048262922280353684	-0.0008090445422801021	-7.271739409348198e-05	0.0	0.0	0.0	0.0	0.0	0.0	0.0	0.0	0.0	0.0	0.0	0.0	0.0	0.0	0.0	0.0	0.0	0.0	0.0	0.0	0.0	0.0	0.0	0.0	0.0	0.0	0.0	0.0	0.0	0.0	0.0	0.0	0.0	0.0	0.0	0.0	0.0	0.0	0.0
SRR21280917	-0.03553499286935488	0.0025871116426681635	-0.002393823426362828	-0.01872933904588808	-0.02877293370265476	-0.008735107602459637	0.01211481406337249	0.012426805634632835	0.015659913346938434	-0.001162898391486233	0.0076856554521924705	-0.003486157027746892	0.012613495859865724	-0.0035928545230918606	-0.0007313735264980999	0.0031090625789487983	0.009025499460435111	0.0017582192125287798	-0.0006794975702705484	0.0012409199375705419	-0.002052104481600658	-0.00474943455724498	0.0035268416247673322	-0.0006611974882946127	-0.0016103729967587618	0.0005869296985777445	0.006080905753391515	-0.0020278083651209308	0.00046751585246300074	-0.009117376526511616	0.001768353244665829	0.0015163179944006153	0.006374868731069962	0.0009027465523851528	-0.0014257144526393828	0.0008816650560944843	0.000590630680067818	8.929942384876597e-05	-0.0006021557239190732	0.0002803393110415382	0.0	0.0	0.0	0.0	0.0	0.0	0.0	0.0	0.0	0.0	0.0	0.0	0.0	0.0	0.0	0.0	0.0	0.0	0.0	0.0	0.0	0.0	0.0	0.0	0.0	0.0	0.0	0.0	0.0	0.0	0.0	0.0	0.0	0.0	0.0	0.0	0.0	0.0	0.0
SRR21280919	-0.05477049608720751	0.03377555078701132	0.038789428331469755	0.014328035921465346	-0.00606821325140307	0.00958907219222773	0.0020408830505658027	0.012177737796786624	-0.004678184645237372	0.002787681403737299	0.0046649125548795835	0.003323721454951583	-0.003917484375160529	-0.010636943986417933	-0.00594341974061337	-0.0013085704497287401	-0.011811765147401308	0.0026504346711933974	-0.0003242796287295477	0.010051614023086193	-0.010040661861554855	0.00040925508445675975	-0.003960576389019262	-0.006811089378991674	0.004317583928509748	-0.0019382333366180194	-0.004385307989572517	-0.0010208638305722786	-0.001870454842533234	-0.0013962895006633081	0.002763728095626303	0.00074474574197759	-0.0011919827584944357	0.001380227910060336	-0.0013755317559739006	0.0006180235855526508	0.0006819840353341712	0.0006959606517084662	1.810307739848148e-05	-5.1963344044229877e-05	0.0	0.0	0.0	0.0	0.0	0.0	0.0	0.0	0.0	0.0	0.0	0.0	0.0	0.0	0.0	0.0	0.0	0.0	0.0	0.0	0.0	0.0	0.0	0.0	0.0	0.0	0.0	0.0	0.0	0.0	0.0	0.0	0.0	0.0	0.0	0.0	0.0	0.0	0.0
SRR21280920	-0.006655595060145745	0.055592968677246536	-0.007154101368051086	0.024318578443002052	-0.00015733494870766437	0.032490590069162356	-0.02384510577234175	0.00023166970640156565	0.021575475399887637	0.011245282963971672	-0.009605586356534208	0.03229627223146474	-0.01836635058202124	-0.01270094215025014	-0.0008418120801940348	0.011361477845857426	0.01822178474025367	-4.3388342447099396e-05	0.010544382769903249	0.012433205251967908	-0.008761986845474454	0.011175185987545987	-0.004356738745354016	0.0015452577261338726	-0.010187437703467339	-0.0020462053157414618	-0.0051196250284407056	0.003824987867431942	0.002462669542247259	-0.0020518008948863823	0.0003781413109790476	0.001383531797337761	0.0006138157324394499	-0.0006917083169280128	0.0009918543322203373	1.9157016274992198e-05	0.00029544481993075194	6.105114997549654e-05	5.168099788054775e-05	8.146002638454472e-05	0.0	0.0	0.0	0.0	0.0	0.0	0.0	0.0	0.0	0.0	0.0	0.0	0.0	0.0	0.0	0.0	0.0	0.0	0.0	0.0	0.0	0.0	0.0	0.0	0.0	0.0	0.0	0.0	0.0	0.0	0.0	0.0	0.0	0.0	0.0	0.0	0.0	0.0	0.0
SRR21280921	-0.038152925690247703	-0.003978015511509263	-0.00458966911520571	-0.024611258147410053	-0.0299476197058444	-0.02974889217027142	0.009617992958964075	0.009363994931791136	0.008871454250145504	-0.00783640865775223	-0.004130125315104722	-0.0019277977710590209	0.0018791558355738692	0.004494728112846667	-0.008062422105746248	-0.005505137850981639	0.001733501520089294	-0.0023041260079729193	-1.4837590084108492e-05	0.00626345533030097	-0.009140324789114489	0.0018837968510716468	-0.0022565849056062947	0.0019530200036523184	-0.00046812187723768424	0.0047980808176601875	-0.0014426690326662058	-0.0009033648992113529	-0.007801350182508213	0.0023142496257869184	0.0013018219820601156	-0.0008126200573963726	-0.0016717028226092571	-0.0005570210445085972	-0.0009780155194206426	-0.0015656724418298036	0.0007299327519540272	0.00019064900179349372	-0.00022123211370306029	0.0003407636154391788	0.0	0.0	0.0	0.0	0.0	0.0	0.0	0.0	0.0	0.0	0.0	0.0	0.0	0.0	0.0	0.0	0.0	0.0	0.0	0.0	0.0	0.0	0.0	0.0	0.0	0.0	0.0	0.0	0.0	0.0	0.0	0.0	0.0	0.0	0.0	0.0	0.0	0.0	0.0
SRR21280922	-0.03788514496745601	0.001646347980036777	-0.004604911313252883	-0.01995000958527139	-0.02745375199344966	-0.016245322640711955	0.016759118302918676	0.016573088194904786	0.0027936574371020357	3.50542054513893e-05	-0.000528541273732906	-0.0028644026324632977	0.0068385571240270684	0.0006142749566481045	0.000530940622313831	-0.00521245601467619	0.0014054229408032683	0.004864574542368774	-0.002430834602049396	0.002072450313745263	-0.0034655305048451497	0.0031311868869132497	-0.0009331584422894124	0.004083878072749991	0.006583631088051801	-0.0016140850022930554	-0.0035630234872709838	-0.0033913448383759925	-0.0027101967960581814	0.0010937419961264227	-0.001653326312038858	-0.0042128878621494	0.002466262128877688	-0.0003666047248453895	0.0006259617175239044	-0.0004882431042390473	-0.0004815444334644972	0.0012573705106397012	-0.00025297726319087614	-0.001368218297895729	0.0	0.0	0.0	0.0	0.0	0.0	0.0	0.0	0.0	0.0	0.0	0.0	0.0	0.0	0.0	0.0	0.0	0.0	0.0	0.0	0.0	0.0	0.0	0.0	0.0	0.0	0.0	0.0	0.0	0.0	0.0	0.0	0.0	0.0	0.0	0.0	0.0	0.0	0.0
SRR21280923	-0.03796402096223905	0.00841314376523605	0.006820394947989558	-0.012303778441268445	-0.023427469736220407	-0.011433748571063886	0.008599505999720494	0.017659431243929838	0.005957390262413757	0.00841799093449849	0.008842825429576377	-0.002362683292330969	0.008160459555539635	-0.0012239451019196142	0.0006562850840772837	-0.005793715613164571	0.0033383843067717497	0.001854957134624033	-0.0009075904367331056	-0.004730835545554491	0.0034563029107734706	-0.005893371847297638	0.001906136040990054	0.0022679589210964587	-0.0030423264179067536	0.002768713680552156	-0.0026716313127250857	0.005226914422432741	0.00012896507948226675	-0.0005082944507921816	-0.003589175295405079	0.0002119127739605082	-0.0015966645382617679	-0.0007253657979122487	-0.001002898705818076	-0.0007417089783629592	0.0034388187053682193	0.0007697599614681222	-0.0001785299864364552	-0.0003224550484029742	0.0	0.0	0.0	0.0	0.0	0.0	0.0	0.0	0.0	0.0	0.0	0.0	0.0	0.0	0.0	0.0	0.0	0.0	0.0	0.0	0.0	0.0	0.0	0.0	0.0	0.0	0.0	0.0	0.0	0.0	0.0	0.0	0.0	0.0	0.0	0.0	0.0	0.0	0.0
SRR21280924	-0.05158351220026542	0.005335193473739472	-0.006464796051529112	-0.018384858256828385	-0.0006971225024562221	-0.03295580944342394	0.03659851302114982	-0.004553517473681739	0.009046119904432316	0.006874739436352036	-0.001878840600643423	-0.0006732410463175927	0.013510132313499342	0.003663545537964434	0.0031423719267255476	-0.002017587835297488	0.00708828962291124	0.01076111777571985	-0.0076493272343809435	0.0006926378257815039	-0.009630577291373038	0.005541435058733366	0.001254490731715728	-0.0007154046023293177	0.0046573908666888006	-0.000847347545281678	0.0029681563313546594	-0.005732772686966922	-0.0003928350915071332	-0.00020325994884993657	-0.0016770214346608274	0.00150754613448859	-0.0031188505190950107	-2.811730678153464e-05	0.002492787138943218	0.001011525541530306	-0.00030646337048546824	-0.00031971831229225985	-0.00016308927248818232	8.889216904057441e-05	0.0	0.0	0.0	0.0	0.0	0.0	0.0	0.0	0.0	0.0	0.0	0.0	0.0	0.0	0.0	0.0	0.0	0.0	0.0	0.0	0.0	0.0	0.0	0.0	0.0	0.0	0.0	0.0	0.0	0.0	0.0	0.0	0.0	0.0	0.0	0.0	0.0	0.0	0.0
SRR21280926	-0.06110642417409596	0.04028009666146283	0.05571036693126326	0.016164442385563086	-0.00938496442563862	0.006347273771010822	-0.0030567547772937255	0.0017152166225532616	0.0012941320615006645	-0.0038827338442930107	-0.0008057417620538252	-0.004919640860793469	0.005619597724041237	-0.0014988817005844224	-0.006515290715549937	-0.004054752264980653	0.005790027291464512	0.0007645878289551878	0.0008631672499693506	0.002719121395309226	-0.002568552438277457	-0.008434286863898525	0.0016214719163125477	-0.0009918733962548541	-0.0004337158469444476	-0.0002485280232347973	0.001740457830140762	-0.0004011672533718595	0.0029029291811319335	0.0019684603742651002	-0.0013601991865112631	0.004326287866334196	-0.0054211987072365336	-0.0011309138668673757	-0.0004117559199716414	-0.0010252534030022057	0.0001502514408039983	-0.002066081290693494	-0.00012673134837115556	-0.0004736795020005498	0.0	0.0	0.0	0.0	0.0	0.0	0.0	0.0	0.0	0.0	0.0	0.0	0.0	0.0	0.0	0.0	0.0	0.0	0.0	0.0	0.0	0.0	0.0	0.0	0.0	0.0	0.0	0.0	0.0	0.0	0.0	0.0	0.0	0.0	0.0	0.0	0.0	0.0	0.0
SRR21280927	-0.036786406572067484	0.0045961937895558904	0.0008286922926249109	-0.017877302359277075	-0.028451036941078693	-0.013254552827620473	0.011334429934274805	0.0171350432802325	0.005500892964019344	0.003053659918232802	0.0061801858137400375	-0.004364042052468083	0.008305295495609249	-0.0018953924891858545	1.4540888097623682e-05	-0.004802136052016722	0.002999819272479422	0.0046568113104422364	-0.00036922185222113934	0.00015930183247295877	-0.0009200206856969991	-0.002292055666518179	0.0013381648876460571	0.00022560878384572563	0.00012929301003553875	0.0022167586655461114	-0.001949937080962259	0.0046949411734856245	-0.0010311163345661557	-0.002757389663296437	0.0007627189167934274	0.002390036039077769	-0.0010881274477618638	-0.00047998473077785395	-0.0023171549615908665	-0.0008206521760601819	-0.0037479518603045817	-0.00025405823904757355	-0.00025318945606264	0.000584968827695291	0.0	0.0	0.0	0.0	0.0	0.0	0.0	0.0	0.0	0.0	0.0	0.0	0.0	0.0	0.0	0.0	0.0	0.0	0.0	0.0	0.0	0.0	0.0	0.0	0.0	0.0	0.0	0.0	0.0	0.0	0.0	0.0	0.0	0.0	0.0	0.0	0.0	0.0	0.0
SRR21281059	0.29480004115118646	0.02564411492831171	0.05634119479361933	0.10612429252185965	0.08695461742795836	0.037191788260272134	-0.07972049400761606	0.011391359681449532	-0.029755875067044656	-0.010359300725355878	0.01918086960865613	-0.014947329722115744	0.003056021401503337	-0.021763310174810698	-0.010641403942962556	0.015036193498233423	-0.002527736235572496	0.010535149679536707	-0.0073803206551869525	-0.001063103588455707	0.0053552106664882	0.005161923130368197	-0.003411269746672767	0.0005093646216329362	-0.001091333394394632	-0.0005965607693436521	0.0008623088044659423	-0.001453475404832428	0.0001381006937566716	-0.00018173252150048815	-0.000215032612379542	0.00042933141526563294	0.0002334509814551642	-0.0003781120552578626	-0.00010511408627351676	-0.0001297823835548542	-1.0855872954046542e-05	2.3253012337627223e-05	-3.595122813576698e-06	-4.6906927244572395e-06	0.0	0.0	0.0	0.0	0.0	0.0	0.0	0.0	0.0	0.0	0.0	0.0	0.0	0.0	0.0	0.0	0.0	0.0	0.0	0.0	0.0	0.0	0.0	0.0	0.0	0.0	0.0	0.0	0.0	0.0	0.0	0.0	0.0	0.0	0.0	0.0	0.0	0.0	0.0
SRR21281081	-0.0003536148950887248	0.06379694608104747	0.01802820610722061	0.03235707551663898	-0.012350524978111257	0.031107435120970237	-0.029386274906015145	-0.017341994229648272	0.006237659505738048	-0.004545828324583704	-0.029831535153823103	0.0014739208601723668	-0.0064665161063539225	-0.0033595554044228023	-0.004343648761322694	-0.012730043067223758	0.019407358531249374	0.006334753079344876	0.0003398228412873106	0.002357310686335969	-0.001078278727766143	-0.006052980726237407	-0.004116396146730794	-0.0009914558554891208	0.0013230714457860891	-0.010122664606708864	0.005361658829695391	-0.00554647609755375	0.003667951702514369	0.001969178277290967	-0.0024830940929311558	-0.0003696927249053974	-0.0001005047589688032	-0.0010938148027595904	0.00020665545806066666	-0.00017966100842616196	-0.0003601939210772621	-0.0004371033811715708	3.0142282510399623e-05	-0.00027263701803296705	0.0	0.0	0.0	0.0	0.0	0.0	0.0	0.0	0.0	0.0	0.0	0.0	0.0	0.0	0.0	0.0	0.0	0.0	0.0	0.0	0.0	0.0	0.0	0.0	0.0	0.0	0.0	0.0	0.0	0.0	0.0	0.0	0.0	0.0	0.0	0.0	0.0	0.0	0.0
SRR21281124	-0.05016590207967295	0.0296363039495851	0.037336406619390236	0.01032847942707494	-0.008149532909434348	0.0035522294639074884	-0.007553294301703141	0.015496009866022852	-0.00544529634454817	0.0075774320213060865	0.008749776908342135	-0.0032486732823967224	-0.0002754990102915732	-0.0006650319120836279	-0.0065754226848003	0.005924374883712052	-0.0020879747516018587	0.0006093171145546792	-0.004199978284107973	0.008121281210234699	-0.0017710339742241798	0.00288755798141592	-0.006979046547437091	-0.000928140394946458	0.00023515587961834552	0.0010662612059939278	-0.005576438970495206	0.0006367955066988376	0.0036499510044292922	-0.004722830202204051	-0.000501076210260951	-0.0002591489004422306	0.0019827690277221077	0.0010309764308395922	-0.0016404408087115345	0.001981652552458742	0.0011755705246815473	-0.002423866091437479	0.0005591395298889405	-0.0005346235180303266	0.0	0.0	0.0	0.0	0.0	0.0	0.0	0.0	0.0	0.0	0.0	0.0	0.0	0.0	0.0	0.0	0.0	0.0	0.0	0.0	0.0	0.0	0.0	0.0	0.0	0.0	0.0	0.0	0.0	0.0	0.0	0.0	0.0	0.0	0.0	0.0	0.0	0.0	0.0
SRR21281125	-0.04148610853541408	0.013025640160577927	0.012251001181120876	0.000988261652284675	0.0014813503472837159	-0.005311472394430836	0.007364268050942886	0.02005680936478807	-0.0006367135499713485	0.00946388443706793	0.009343680432646578	-0.0023227634198804644	-0.005914726511568379	0.011243954157122647	0.01193559847698951	-0.003980273699875217	0.0020834040952076326	-0.01779690688271999	0.009400163451457945	0.004263741214612843	0.004177936949428106	0.004303032539637422	0.00236918660394993	-0.003296459474306003	-0.0015158532817600432	-0.005992246267493597	0.0038728625577392154	-0.0005197036265384427	-0.0032616797510581393	3.247211473354636e-05	0.004851622543031957	-0.003158553593904672	-0.0004613915994270563	-0.004126983419869587	4.515212019664123e-05	0.0014731988272766762	0.0013810323619478837	-0.0006964467805288089	-0.0005753313074800156	0.0003698102000863635	0.0	0.0	0.0	0.0	0.0	0.0	0.0	0.0	0.0	0.0	0.0	0.0	0.0	0.0	0.0	0.0	0.0	0.0	0.0	0.0	0.0	0.0	0.0	0.0	0.0	0.0	0.0	0.0	0.0	0.0	0.0	0.0	0.0	0.0	0.0	0.0	0.0	0.0	0.0
SRR21281126	-0.073644847947954	0.05041555214628596	0.07230930383728561	0.024615724603441563	-0.013290623701455579	0.007321576747040825	0.007936308326506178	-0.010906568065756546	0.0020581163192872507	-0.019298199885681912	-0.006640048337610677	-0.002313216720077961	0.008520386953453495	-0.0005440427350906138	-0.001934363470018008	-0.007271185939447348	0.0033547827568985605	0.002582295328272417	-0.00121802890240035	-0.004488247733677832	0.0009156610716505309	0.004953619697769212	0.0008017433780245974	-0.0009076351826532091	0.00417125788224723	0.008367254800567759	-0.005698901119464126	-0.00831832233262979	-0.0009050586472323265	-0.0004945316263136739	-0.0003183272203807114	0.0017068150034948476	0.0017754189797122366	-0.0009033155035183088	0.0006386878611359119	0.0021211683820401054	-0.00037066301439741856	0.001464991879071188	0.0001849320880189271	-0.00017695962905426684	0.0	0.0	0.0	0.0	0.0	0.0	0.0	0.0	0.0	0.0	0.0	0.0	0.0	0.0	0.0	0.0	0.0	0.0	0.0	0.0	0.0	0.0	0.0	0.0	0.0	0.0	0.0	0.0	0.0	0.0	0.0	0.0	0.0	0.0	0.0	0.0	0.0	0.0	0.0
SRR21281127	-0.06973415057735666	0.044230200876787355	0.06232984552971387	0.023669331512169746	-0.00801775346663511	0.01209450139547528	0.006427314033430665	-0.013547881667093606	0.003432224690765437	-0.01846511722746795	-0.008076958057800796	-0.0035873340399064316	0.0021036239325360733	0.003952010257823772	0.00846585548532678	-0.0026340481578841423	0.005543744302555077	-0.0014838445491024155	0.0028577445928764894	-0.012178997299791751	-0.00036049729340903756	0.005228094658733401	-0.008218593320064789	0.00542098697505025	0.0006947918241341542	-0.003663201624239259	0.0005574116755716463	0.010199733795100372	-0.001973955873366327	0.00014288554107481048	0.0007810225668245485	-0.0007113736853264709	0.0028351710882266	-0.003562208583475535	0.0016131048644311711	0.0014690512512981313	-0.0009323401059137444	-0.0003409827855807665	-4.051211861026813e-05	-0.0002804063882936506	0.0	0.0	0.0	0.0	0.0	0.0	0.0	0.0	0.0	0.0	0.0	0.0	0.0	0.0	0.0	0.0	0.0	0.0	0.0	0.0	0.0	0.0	0.0	0.0	0.0	0.0	0.0	0.0	0.0	0.0	0.0	0.0	0.0	0.0	0.0	0.0	0.0	0.0	0.0
SRR21281128	-0.06070210456952042	0.03899007288694411	0.05104480213199924	0.016348361116027523	-0.007202344961672536	0.013906153322915966	0.003204094944258105	-0.0029101953461044537	0.007870864035049888	-0.008009776484151354	0.001791970791877309	0.0004836451974429962	0.0018076911019823726	-0.006625951509585122	-0.0053701314286161575	-0.0014110705960059119	0.008963232267561475	0.0004646050388341479	0.005993488736234012	0.0067048966675761585	-0.0050591023457138085	-0.008221772929934588	-0.00073934704758568	0.00426667954767115	0.002761830276259262	-0.0037276781930152335	0.00972231251241823	0.0021121874605940644	0.0008570536960334477	0.002466136024166929	0.002785299098980898	0.0012460302988218843	-0.0012645813472056773	5.7390769056043604e-05	-0.0016658877238496538	0.0011420101271471354	0.0011189105250443685	0.0022896933055301595	0.0004737127342752714	0.00019959474329561073	0.0	0.0	0.0	0.0	0.0	0.0	0.0	0.0	0.0	0.0	0.0	0.0	0.0	0.0	0.0	0.0	0.0	0.0	0.0	0.0	0.0	0.0	0.0	0.0	0.0	0.0	0.0	0.0	0.0	0.0	0.0	0.0	0.0	0.0	0.0	0.0	0.0	0.0	0.0
SRR21281129	-0.04704202862885164	0.022683271558997967	0.024036790766545597	0.0037682814316082843	-0.0036638563870151964	-0.007212287964000058	0.0045680975683037	0.011309044652625042	0.0063443540021832934	0.0212462558766116	0.020777983571189765	0.0060057723357477225	0.0023378285774746355	0.0157014379873879	-0.002500737822572313	-0.004147406863877224	-0.0012837431000951166	0.005334163471869305	0.0075323433374830245	-0.00033678336391997635	0.00020196647699112312	-0.0032940879274335807	0.007281163398453521	-0.011354194658873596	0.00796323023051597	0.005110009041997791	0.0019081316351142298	0.0037510869708233356	4.3675841356915627e-05	-0.002519487211112083	-0.0016649902645792677	0.003487343987256806	-0.0012540490044007516	-0.0009152530068743607	0.00022776799959056186	0.0009146585700367486	-0.0001519514801463367	0.0004941475909712562	0.0007148186174214858	0.000158772961993365	0.0	0.0	0.0	0.0	0.0	0.0	0.0	0.0	0.0	0.0	0.0	0.0	0.0	0.0	0.0	0.0	0.0	0.0	0.0	0.0	0.0	0.0	0.0	0.0	0.0	0.0	0.0	0.0	0.0	0.0	0.0	0.0	0.0	0.0	0.0	0.0	0.0	0.0	0.0
SRR21281130	-0.04370202463280685	0.007279314245545995	0.0019933797893049105	-0.012902724866642108	-0.009873896963980291	-0.01685633300609501	0.017492931761574994	0.005004088615971043	0.01494552307591871	0.008763569607622822	0.007879830928324385	3.906175750166354e-05	0.011338055987612977	0.004749560780418195	-0.00032017562040776516	-0.0004721007241270645	0.005202257814444219	0.001135264137132363	-0.010484574308583402	-0.009596078509213393	-0.004768424705382951	-0.0012259737196590782	0.009071587854163407	0.003562299433090632	-0.001279337317374718	-0.00011216192865956824	0.001979670260764077	-0.0015687311875203496	0.0009298825628432743	0.0021924509182751056	-0.0022207913686732284	-0.002808730722471568	-0.0009224730210324276	-0.001164555000490067	-0.0015598274601658806	0.00015230034132292824	0.0009246094357099256	0.00019304478928037182	-0.00012644108784885293	1.851465623315271e-05	0.0	0.0	0.0	0.0	0.0	0.0	0.0	0.0	0.0	0.0	0.0	0.0	0.0	0.0	0.0	0.0	0.0	0.0	0.0	0.0	0.0	0.0	0.0	0.0	0.0	0.0	0.0	0.0	0.0	0.0	0.0	0.0	0.0	0.0	0.0	0.0	0.0	0.0	0.0
SRR21281131	-0.03377953936377267	0.0011896911808373309	-0.002128875666269194	-0.015230804580753017	-0.017327925199635403	-0.010955303240539276	0.0009620694040323811	0.022718383169044277	-0.009463510385368004	0.0014767154438903559	0.009460865372193112	-0.0020685404229030015	-0.006232283886552495	-0.005110526803110984	0.010428866399144948	-0.008513532768669651	-0.004372591763073616	-0.005742701381331098	-0.012555125076062525	-0.0057435222887269035	0.004293860763542043	0.0009727160929110248	-0.003851326345420061	0.0013277814871155299	0.001323125277165156	-0.0015809898071865098	-0.002544406216728928	0.0010030802952860883	-0.004087009296732044	-0.0015890598090041283	0.0010463522115760646	-0.000800831602676945	-0.0009705746786266761	0.0019730250144883495	-0.001995921463703888	-0.0009887767860403917	-4.543735951107426e-05	0.00037839865418931953	8.193416532822113e-05	-0.00017136200302320808	0.0	0.0	0.0	0.0	0.0	0.0	0.0	0.0	0.0	0.0	0.0	0.0	0.0	0.0	0.0	0.0	0.0	0.0	0.0	0.0	0.0	0.0	0.0	0.0	0.0	0.0	0.0	0.0	0.0	0.0	0.0	0.0	0.0	0.0	0.0	0.0	0.0	0.0	0.0
SRR21281132	-0.03971063769320848	0.006559587306641509	0.0016915338830731108	-0.01620028154390356	-0.023106919050495372	-0.01563061282875064	0.015677390355477386	0.017005981694501324	-0.00019327125657979662	0.009583069908289154	0.0026942037194813166	0.0027726051408543053	0.0071193663735766525	0.00034148616184894755	0.00012350566204927165	-0.005011555982931897	-0.005221683973706196	0.004641272474327697	-0.004876037746515789	-0.005250728814588085	0.0016895337046629211	-0.002190028034914432	0.00046741355487187085	0.006384883262897261	0.001489193820335736	-0.0024821487065364114	-0.005292494201290875	-0.003059659532287493	-0.002541532863342806	0.006803693730562381	-0.0004817764385541463	-0.0021792204057419777	0.0009666299024678567	0.0017513475611915248	0.00045561722875063146	0.0030600207177845337	5.0043346315805096e-05	-0.0013758425575501516	0.0003905117771152411	0.0010389928501098671	0.0	0.0	0.0	0.0	0.0	0.0	0.0	0.0	0.0	0.0	0.0	0.0	0.0	0.0	0.0	0.0	0.0	0.0	0.0	0.0	0.0	0.0	0.0	0.0	0.0	0.0	0.0	0.0	0.0	0.0	0.0	0.0	0.0	0.0	0.0	0.0	0.0	0.0	0.0
SRR21281133	-0.038435004531590836	0.014419162204610621	0.019220274228323543	0.0005206525484738417	-0.017527208004576345	0.00010908236380652546	-0.001178241051183974	0.020289056836379535	0.0038124648168018256	0.0103137446571822	0.017563088996000828	-0.000787552978993878	0.002562322163928872	0.019057582547729584	0.005227649755652387	-0.0008270483179758716	0.00962641928682059	-0.009885006350894529	0.011709004189134647	-0.0014093960437611013	0.005027692954842529	-0.0036294916287436647	-0.004279580749932418	-0.0013709004567635829	0.0021530616314990128	-0.0012881732359321938	0.0011377241486780461	0.002219658369694917	0.0021183448493497874	0.003317761087296516	0.0001339478255863084	-0.002111896389135884	0.003629624426852326	0.002948728828833589	0.0024773762576770033	-0.001272781143104679	-0.001148340621015765	0.00017688913917758044	4.238145069044192e-05	-0.0003282741083613772	0.0	0.0	0.0	0.0	0.0	0.0	0.0	0.0	0.0	0.0	0.0	0.0	0.0	0.0	0.0	0.0	0.0	0.0	0.0	0.0	0.0	0.0	0.0	0.0	0.0	0.0	0.0	0.0	0.0	0.0	0.0	0.0	0.0	0.0	0.0	0.0	0.0	0.0	0.0
SRR21281252	-0.005054517853283497	0.012643019761280537	-0.023674166153951934	-0.016063606844716166	-0.029695825020108264	0.006819061365075991	-0.01590272011999172	0.009401369557660714	0.021564690301347215	-0.015092277997874435	0.003045590528012322	0.013448787132103004	0.02016446148077389	-0.002759928443462696	0.009740885796945768	-0.009787815558039465	0.01311239386011966	-0.02257741687669947	-0.011821272537842832	0.005319144525437503	0.016623605130630464	-0.003220864382973208	-0.002369118587653487	0.0004150898790487974	-0.011985341283758751	0.00044292823690028437	0.0010457423371972659	-0.005483688832137751	0.002802888358056467	0.000766047734903918	-0.0001512466670231216	0.0018698907182986772	-0.0005308596866678663	-0.0014744093662033418	-0.0017131380277276122	-0.0002970850138770815	-0.0005541352795809214	7.200057105731967e-05	-7.586511981412784e-05	-5.189895449376212e-05	0.0	0.0	0.0	0.0	0.0	0.0	0.0	0.0	0.0	0.0	0.0	0.0	0.0	0.0	0.0	0.0	0.0	0.0	0.0	0.0	0.0	0.0	0.0	0.0	0.0	0.0	0.0	0.0	0.0	0.0	0.0	0.0	0.0	0.0	0.0	0.0	0.0	0.0	0.0
SRR21281264	0.1361546252965282	-0.017227073155188174	0.07517305987174358	-0.4222627208802728	0.052576262018562116	0.09120634955318616	-0.02944959739143881	0.024326962322526288	-0.00812344502202489	0.008673019818257743	-0.004222471756596372	-0.0028153854446053544	-0.002362688910110965	-0.0014343113961629032	-0.001720726742659239	-0.0005310021661133929	0.003737361445304384	0.004476714560622779	-0.00263931268163812	0.0015286500288174852	0.0013521107189280544	-0.0008249875342970678	-0.0009913554606334554	0.00017642088945886338	-0.0005526423101842479	0.00032134564135165826	3.1323232782579824e-05	0.00038197487006142843	1.3422651277195513e-05	0.00017415454903941442	0.00015762352404224926	-0.00020909428295969883	0.00015793911002554036	9.202653191361996e-05	-1.330234298592262e-05	-2.26744649441846e-05	8.321511158422471e-06	-6.598772251440082e-06	-1.6390183408252033e-05	2.9267385953206166e-06	0.0	0.0	0.0	0.0	0.0	0.0	0.0	0.0	0.0	0.0	0.0	0.0	0.0	0.0	0.0	0.0	0.0	0.0	0.0	0.0	0.0	0.0	0.0	0.0	0.0	0.0	0.0	0.0	0.0	0.0	0.0	0.0	0.0	0.0	0.0	0.0	0.0	0.0	0.0

Biplot	0	0

Site constraints	0	0
