Eigvals	78
2.757234368062319	1.234089967643961	1.0911572324645424	0.8793431218032274	0.7392337379572645	0.5433867180845098	0.4678621351604242	0.44302981099475724	0.39327678280544737	0.36234620717663063	0.3273885455420281	0.2756709803743277	0.25419622690153404	0.2084940036529747	0.19719707181012625	0.18897782169955585	0.1794956524600047	0.1651551917646628	0.14618136122570508	0.13139629453383467	0.11631643428470005	0.11175389277903115	0.10798625321864543	0.08857158898242516	0.08203651372174663	0.07456432111886331	0.0661042098370435	0.06379518919187417	0.059513726537115966	0.05579139778702348	0.04795634720103621	0.046303480415498297	0.04375654240191794	0.03888261239373837	0.0338759355885606	0.03227938772895496	0.02317526602400226	0.022176233254635122	0.01848957043944499	0.014774911753167475	0.011317546293398914	0.009326598008717435	0.007850047453414763	0.006545718204038084	0.004491908057975003	0.0034918520742236447	0.0018786086261124157	0.0013093783209119358	0.0	0.0	0.0	0.0	0.0	0.0	0.0	0.0	0.0	0.0	0.0	0.0	0.0	0.0	0.0	0.0	0.0	0.0	0.0	0.0	0.0	0.0	0.0	0.0	0.0	0.0	0.0	0.0	0.0	0.0

Proportion explained	78
0.2263845402862306	0.10132576803518677	0.0895901818549717	0.07219904506093229	0.06069527199790973	0.04461512368919702	0.03841412816135077	0.03637525386194406	0.03229024877679411	0.02975067353225693	0.02688045174396816	0.02263414705879879	0.020870948308264196	0.017118537225613007	0.016190995210501172	0.015516148277163886	0.014737608538548708	0.013560175586307791	0.012002316757263301	0.01078837913741107	0.009550237298754073	0.009175626829197371	0.008866282306395145	0.007272228536850332	0.006735661886673139	0.0061221526010904635	0.005427529602955166	0.005237945945024982	0.004886413639292387	0.004580789390354815	0.003937487411540949	0.003801777697585315	0.0035926596777243053	0.003192482450474519	0.002781405960194718	0.0026503203486745804	0.0019028204514010573	0.001820794209147665	0.0015180983352406213	0.0012131038419345732	0.0009292345781254013	0.0007657664604412216	0.0006445333064723462	0.0005374404960379778	0.00036881106390216804	0.00028670080995913863	0.00015424439616973257	0.00010750736777183005	0.0	0.0	0.0	0.0	0.0	0.0	0.0	0.0	0.0	0.0	0.0	0.0	0.0	0.0	0.0	0.0	0.0	0.0	0.0	0.0	0.0	0.0	0.0	0.0	0.0	0.0	0.0	0.0	0.0	0.0

Species	0	0

Site	78	78
jr1098	-0.4987265303699964	-0.06483142582751546	0.04567286366045319	-0.15675193538811977	0.0653793267642883	0.0334506007732763	-0.08004811743303841	-0.010927182415234106	-0.14981062606207027	0.08966353866176187	-0.02972414298497574	0.0086962387517394	0.045635416353580774	-0.026422066390844285	0.037909211375860286	-0.054146890311795995	-0.07278861580037597	-0.10523185053929382	0.07129587592779855	-0.029678223022887043	-0.005885068000934912	0.039261891384987396	-0.005749667640859375	-0.030822398422525845	0.02169134095936766	-0.054932993376251314	-0.0102229451992047	0.009480703793672638	0.07401919579363525	-0.05380516460208637	-0.0038044542929965884	-0.026117681655052932	-0.01811895050756992	0.04337636087637383	0.04875243510418801	0.0070747691406664835	0.014703199768525075	0.011103327624382526	-0.0034577432474237418	-0.00019933216874192132	0.005972032955260496	-0.011909485448184418	0.004039961955130661	0.0018110323148360459	0.008452522164260476	0.0009947881376333276	0.0039788662718278165	-0.003955839639642998	-0.0	0.0	0.0	0.0	0.0	0.0	0.0	0.0	0.0	0.0	0.0	0.0	0.0	0.0	0.0	0.0	0.0	0.0	0.0	0.0	0.0	0.0	0.0	0.0	0.0	0.0	0.0	0.0	0.0	0.0
jr1099	-0.4841475494349702	-0.001346114248987356	0.02806919952772057	-0.008252170890152316	-0.18720282578825226	0.14571857367518815	-0.11060490231168393	0.016520333208956243	-0.04406518975643471	-0.024668629143410982	-0.029287480355593816	0.028676850611672116	-0.08491680632557079	-0.024039355699535445	-0.008586786993334835	-0.08234025507472034	-0.029058751653575913	-0.01780335677247066	0.026976431684122653	-0.0004061547500334183	-0.036423728391934446	0.04444414215482909	-0.01508154570140626	-0.028974351318270742	0.10046651372995687	0.032335791530470906	0.08703060692185242	0.06536461243708037	-0.08303747858841169	0.037186743757112214	0.020259271679209004	-0.029969554053492886	0.04082492869050142	-0.0022599910600821444	-0.011706376522838952	-0.007915654849879284	-0.018296774966006894	-0.0036660864412458244	0.017812040649649724	0.011530707568180802	-0.0036240549046468733	0.012952001755657975	0.005103887047563607	0.006488094013407017	0.00021087810398315028	-0.0017103417542730056	-0.003122775310296919	0.0008672015885383315	-0.0	0.0	0.0	0.0	0.0	0.0	0.0	0.0	0.0	0.0	0.0	0.0	0.0	0.0	0.0	0.0	0.0	0.0	0.0	0.0	0.0	0.0	0.0	0.0	0.0	0.0	0.0	0.0	0.0	0.0
jr1100	0.06314060097828979	-0.07017710714262733	-0.13119077264001436	-0.05335292137524134	-0.07366116828991229	0.057208390528609036	-0.0648014671646929	-0.08130108120962025	-0.06812916543743314	-0.07475275548114532	-0.07401683264825848	0.01702201755763864	0.08534146146979328	0.026969571455939086	2.507509329523421e-07	-0.0062410414451818125	-0.020362242751397693	0.06315012915161716	0.05260054198026586	0.007366073836636565	0.029367984177496646	0.00010705132040934745	0.06134751214452054	0.011041959046299005	-0.002742645471345993	-0.015051513389934584	-0.07031525614980028	0.045464606527976355	-0.023851388934113798	-0.05229848635847748	0.04201370295094272	0.040800383678912144	0.026047936252097573	-0.011284530230716008	0.0010258079054403324	0.04454365823401341	-0.02436707399645857	-0.024651564397004787	0.013839090695786349	-0.018317571039732864	-0.0012209278166243685	0.006674978829959437	0.00342519564268172	0.008184906843366242	-0.003207953476224732	-0.008752106991512593	0.006232565234092665	0.0035531370601189255	-0.0	0.0	0.0	0.0	0.0	0.0	0.0	0.0	0.0	0.0	0.0	0.0	0.0	0.0	0.0	0.0	0.0	0.0	0.0	0.0	0.0	0.0	0.0	0.0	0.0	0.0	0.0	0.0	0.0	0.0
jr1101	-0.011776426685481565	0.1630199343141228	-0.1584871677336776	-0.06910581382105019	0.11989116528490205	0.03424151613703514	0.01890293825265019	0.00260565833187728	-0.023011276291244755	0.11193815356455611	0.08378370735203625	0.02380473153140636	0.03723511638012249	-0.06845063182625868	-0.01762315974173256	0.03678800470843228	0.0070175718768290965	0.014256480423324676	-0.0022734330167326275	-0.00434567432671749	0.10247286211077113	0.011696681981946703	-0.05442525844751268	-0.034804002638577705	0.03621759436294579	0.06660593256596822	-0.00917665411360488	0.017166039938365123	-0.006199185019807506	0.04747060809990458	0.007374382462111428	-0.01623156358256142	0.050670898531229414	0.039402263545924965	-0.0009666655634699815	0.020367710265939438	0.0038093621361817006	0.03477785608992941	-0.01082983091093369	-0.015928791573449935	-0.0018990564102056423	-0.020455463825086957	0.0035921263361086146	-0.01252951773150706	-0.009930906724171736	0.004971301508767675	0.00356500375885061	-0.001055654809734087	-0.0	0.0	0.0	0.0	0.0	0.0	0.0	0.0	0.0	0.0	0.0	0.0	0.0	0.0	0.0	0.0	0.0	0.0	0.0	0.0	0.0	0.0	0.0	0.0	0.0	0.0	0.0	0.0	0.0	0.0
jr1113	0.1324929403657418	-0.06353139257333858	0.053899640063472025	0.019540065326884192	0.0839975078951742	0.11926483262696588	-0.022569938468913295	0.13764587522760127	0.03153298902670105	0.07484728025543207	0.05005728047387139	-0.04253921105884357	-0.004642282601101208	0.061583123594374165	-0.04591691750786802	-0.005579577670990024	-0.03900582724192743	-0.04149302615254293	0.04611309935646702	-0.03810695456699831	0.007309204674841335	-0.0818164500101484	-0.020919092593798164	0.02353633175353191	0.033180035997904415	0.005443538194972375	-0.005841460939863846	0.010529042322079537	0.0306960675740218	0.0024769216789110498	0.005875953068153903	0.012165280904061718	0.0057238946778545	-0.009265710919888129	0.019975702646855418	-0.01061396698772677	0.0026938247745723143	-0.0312240625453405	0.011927231682868439	-0.004740059199115205	0.0019575296762480016	-0.00025298133978645667	0.014279603765619256	-0.004408012023379353	-0.007995352790701493	0.009135500988727478	0.003628455027660335	0.0006929368076971946	-0.0	0.0	0.0	0.0	0.0	0.0	0.0	0.0	0.0	0.0	0.0	0.0	0.0	0.0	0.0	0.0	0.0	0.0	0.0	0.0	0.0	0.0	0.0	0.0	0.0	0.0	0.0	0.0	0.0	0.0
jr1114	-0.2792504320848026	-0.1582764731466484	0.060898138023478335	0.08072815148948426	0.12475318373336335	0.11698294529993607	-0.13469569369004472	-0.006840795116729702	0.16745783107269493	-0.012732688293957387	-0.0024441857965656548	-0.08185607197236543	0.01927877108295832	-0.03684941905748059	-0.027494550857154364	0.07792345431884798	0.023554309121549093	0.0051245182861434655	0.032898164840961926	-0.024753695182037162	-0.08427877696338978	-0.05226409135148878	-0.004060314435266898	-0.019511473821454215	-0.006846926484863413	-0.02730651148100255	-0.025722689154826252	-0.02979779209702637	-0.012099481775044905	0.044760070195568886	-0.03273204643379289	-0.01101601794591067	0.013372923022801023	-0.01621428369638602	0.01810299896652093	0.0005289431251100493	-0.017936220242460922	0.0079916861745877	0.0017947184502001027	0.023055299873670485	0.0006550647984462818	0.005460935300242199	0.006464046525493233	-0.007064667486333183	-0.0036000500881949084	0.00433586161641457	0.0053482977147385246	-0.002774640286484473	-0.0	0.0	0.0	0.0	0.0	0.0	0.0	0.0	0.0	0.0	0.0	0.0	0.0	0.0	0.0	0.0	0.0	0.0	0.0	0.0	0.0	0.0	0.0	0.0	0.0	0.0	0.0	0.0	0.0	0.0
jr1115	0.17140521311827858	-0.018515944263812527	-0.07979308901295704	0.04993590390504772	0.0049287935644594895	0.025764452539190144	-0.0025627065936740696	0.010343550014629237	-0.007636671430166662	0.01668965035741427	0.03504177474303594	0.04287327975910515	-0.009235107766103298	-0.03974949240098547	0.021989710891150913	0.008633158837093553	0.003606188109707674	0.007819128614920609	0.013767064521450928	0.02364238974450037	-0.014583142520740902	0.011538143008085392	-0.026986511239894546	-0.016191786140659543	-0.04016368589775365	0.02000524753853936	-0.005017391586384064	0.005967537632824802	0.003890193670711287	-0.04838508958665785	-0.009864475054716704	-0.007066417397788531	0.022129742178669982	0.0032701307076961786	0.0012974242621010767	-0.0015014264007503198	0.03825614322719441	-0.010697671955068159	0.022238871290911545	0.01526454029769629	0.02552230909438129	0.007978119412854522	-0.007009648896414191	0.001126399492482095	0.008859946328977101	0.008847705948763123	-0.010851770291799576	0.006564526519155558	-0.0	0.0	0.0	0.0	0.0	0.0	0.0	0.0	0.0	0.0	0.0	0.0	0.0	0.0	0.0	0.0	0.0	0.0	0.0	0.0	0.0	0.0	0.0	0.0	0.0	0.0	0.0	0.0	0.0	0.0
jr1116	-0.3567071651808227	-0.16028568447644245	-0.052512221537075465	0.057421734268525905	-0.05201491881854342	0.04115405711654746	-0.14376640564700935	0.00707444791364852	0.062310713574607296	-0.05516129194212191	0.02557052297238311	0.016757667234217344	0.08406941726059357	-0.04529797586994226	-0.03413376786058319	0.1317974842283071	0.12827866647390104	-0.02422441008347332	0.040444120229681094	-0.025880911490530553	0.012182716164849196	0.04054214641788515	0.02496267782627347	0.04836456040277435	-0.013555784943958808	-0.05185820443106209	0.04234260806263618	0.004607360717988179	-0.023167956730324745	-0.011568052456558193	0.01455722102968357	0.016894753990221834	-0.03304535189131168	0.010805621058873114	-0.04773513670241769	0.03377530636578733	0.03671386958327309	0.014541210207523119	0.004983323587318104	-0.019301277563020577	0.0034650901376874453	0.0013183792249701924	0.01647108067942882	-0.009648368434654471	-0.0011383894325683582	-0.0036463031032048523	0.0015065720944901831	-0.004606069885016756	-0.0	0.0	0.0	0.0	0.0	0.0	0.0	0.0	0.0	0.0	0.0	0.0	0.0	0.0	0.0	0.0	0.0	0.0	0.0	0.0	0.0	0.0	0.0	0.0	0.0	0.0	0.0	0.0	0.0	0.0
jr1117	-0.04612451874707141	-0.10888530764512513	0.20452643819144672	0.0296348122687869	-0.02236644131839607	-0.03816225197088282	0.23961743831398258	-0.07527634701683694	-0.0789307537773798	0.08713158479732401	-0.08200114899289533	-0.05266040583850712	0.005241815648268248	0.11183462137931481	-0.04901579811087977	0.12301748623657131	-0.06552155895755986	0.08381866880669446	0.038349289574546204	-0.0042741033215700054	-0.05533585694739957	0.009156023323346101	-0.04182499064592049	0.06944792096686532	0.023276973517969448	-0.020002819062713204	0.01626833793445687	0.03336048101723955	-0.007581185718838714	0.05784241874545379	0.04654633411169559	-0.05093108463634634	-0.03584439720672142	0.0014389687768867022	0.021231263438395126	0.04110626647895508	0.02719288082409378	-0.0032138219746501782	-0.0002618506644084301	-0.0007805411392835674	0.0006156815040728958	0.0003618402413100498	-0.007941419180255689	0.0006446238331675938	0.0018106852745690513	-0.0010138792968281357	0.0002240474025266242	0.004433777707544644	-0.0	0.0	0.0	0.0	0.0	0.0	0.0	0.0	0.0	0.0	0.0	0.0	0.0	0.0	0.0	0.0	0.0	0.0	0.0	0.0	0.0	0.0	0.0	0.0	0.0	0.0	0.0	0.0	0.0	0.0
jr1118	0.09320184764060971	-0.03773334883883632	0.0373830712939943	-0.07860965433422167	-0.0037194046027070665	0.127528538959164	-0.015676124260504676	-0.036114915836279037	0.14674753422865353	0.05446678050492522	-0.019005921732200184	-0.11824494678878088	0.07134044705416831	-0.09839653894915588	-0.012848735239296544	0.12167206275579126	0.09091287032584085	-0.08274572300671754	-0.04122000327400897	-0.05447230381906042	0.01007842355733541	0.035469034281222195	0.026021866891264386	0.011464953585268367	-0.0020021615536561736	0.01448633739619794	-0.036009128340938966	0.01852360207123722	0.00033519900901715795	0.014341300165962956	0.020049246455470196	-0.019783484507709573	0.032037528488702345	0.003242942837845006	0.033161027081970836	-0.009117752928254579	-0.006832641416263102	-0.005940510719156895	-0.0018032077441395293	-0.003770315630419487	-0.009024111469626866	0.0014665351064821115	-0.01749499640854952	0.016318864361849594	0.00774898606750974	0.0012597896765301308	-0.006380276562485871	0.0053152131353358814	-0.0	0.0	0.0	0.0	0.0	0.0	0.0	0.0	0.0	0.0	0.0	0.0	0.0	0.0	0.0	0.0	0.0	0.0	0.0	0.0	0.0	0.0	0.0	0.0	0.0	0.0	0.0	0.0	0.0	0.0
jr1119	0.16061881484882892	-0.01083521551817258	-0.10191236203830757	0.05098079528359442	-0.006039761244747896	0.0009341025843097393	0.0009617752005845395	0.011842956664736691	-0.015178687272426284	-0.014147877001074147	0.030120537746005822	0.022729808445030673	0.0007878861458010621	-0.00842055379754797	0.00518528938346116	0.040871011180625055	-0.006344731709412151	0.01664960075040025	-0.01166627917141337	-0.0036778227444176992	-0.0032062087008274845	-0.01779576046051622	0.02319722587721674	0.013597363128095372	0.02883376314009615	-0.015666990975542146	-0.020020436141298323	0.019567456552176697	-0.022817080762846935	-0.006860030999437466	0.03319159593370074	0.019481126707568654	-0.038749317785908434	0.02393227149231441	-0.000683995991093652	-0.006228651382802561	-0.010841991789112215	-0.03256743733938288	0.0251012527661858	-0.0037197366439184025	0.022476542920036376	-0.014244664000609707	0.002267786203455713	0.0014368069731363902	-0.012348209060424283	0.006828896329088634	-0.01621171451012265	-0.010967622314911435	-0.0	0.0	0.0	0.0	0.0	0.0	0.0	0.0	0.0	0.0	0.0	0.0	0.0	0.0	0.0	0.0	0.0	0.0	0.0	0.0	0.0	0.0	0.0	0.0	0.0	0.0	0.0	0.0	0.0	0.0
jr1121	0.17412808702758478	-0.008045115648341886	-0.08419506162887236	0.05409235586904293	-0.00587518618483766	0.011954382723898541	0.00021485419048620895	0.0035976091169101143	-0.019297060296788546	-0.00023152130091955476	0.015641975495654104	0.02896130320524153	0.013561776494095137	0.0008310785473479732	-0.004039471298629453	0.01800975300531156	0.0020669920700204084	0.015346602053957445	0.009161294106986793	-0.00946906001902085	-0.010670559172659742	-0.005231535342479838	-0.012387698641456535	0.0006574848185545006	0.0029094128091367694	-0.008028648865790468	-0.02150657272331323	0.000130552725558449	-0.0156487180020433	-0.012215844952356211	0.008184227567792296	-0.0024426801992914866	0.014369751100507177	0.0055261829891859095	-0.005444523256114843	-0.010324715708268671	-0.0022396738674015162	-0.009540911433005552	0.0025034308711192883	-0.006082011747065355	7.393065049355466e-05	-0.023251728058579398	0.014241282561076408	-0.004804068762548574	0.0026365947345566645	-0.0028514029826754686	0.0030969424631908465	-0.0013322656599152932	-0.0	0.0	0.0	0.0	0.0	0.0	0.0	0.0	0.0	0.0	0.0	0.0	0.0	0.0	0.0	0.0	0.0	0.0	0.0	0.0	0.0	0.0	0.0	0.0	0.0	0.0	0.0	0.0	0.0	0.0
jr1122	-0.25723105606336305	-0.20470533651614012	0.09421289401680952	0.054634443254261617	0.039697907558167156	0.05697644148404716	-0.1487557002946475	-0.13893351672882517	0.07545212677470553	-0.02848893036350886	0.01134126299403427	-0.004993490339476772	0.10374458023792818	0.08822148514985487	-0.01857951166251376	-0.01377473721567662	-0.0476201598550739	0.023305990155238814	0.07454233568345275	0.08532546901357473	0.05541807795953375	0.01863658308035633	-0.05104129084794091	0.03874538223761289	-0.06957419733754897	0.08116148607014805	0.01687998118552365	0.02690694448191464	0.00842794000854566	-0.038870772445333525	-0.005544833992646866	-0.019450441880631962	-0.0004227016945624079	0.014332207818574659	-0.02491578131789926	-0.041258107481940594	-0.011360827970491446	-0.004630334280402723	-0.001753218532125818	0.0015562159911750963	0.017599231659085744	-0.0029940037402465323	-0.020877932500603113	-0.008757043294198647	-0.0032116147218471535	0.00947430930311731	-0.0004090947797733262	0.0013463576769921107	-0.0	0.0	0.0	0.0	0.0	0.0	0.0	0.0	0.0	0.0	0.0	0.0	0.0	0.0	0.0	0.0	0.0	0.0	0.0	0.0	0.0	0.0	0.0	0.0	0.0	0.0	0.0	0.0	0.0	0.0
jr1123	-0.48742098026266417	-0.07350951777963004	-0.07604105814450612	-0.09030225818363248	0.0027318237911406187	0.116354620644956	-0.061824936056051105	0.01597694652989186	-0.11681857431451025	0.0034813159205743086	0.032439684811446025	0.15231187638017588	-0.17787223717874673	0.049460082069039096	-0.000843022884838089	0.11830056606465396	0.050145734741588684	0.04713179175353117	-0.13502694247969704	-0.0012603531612379577	0.06013295293177598	0.0070448998823796445	-0.06283547163629005	0.04081405315150504	-0.01869099362236738	-0.034047421510534	0.027280018722328436	-0.027355995097259573	0.05116364551184166	-0.013902355567172023	-0.013566188269727579	0.012794816897166567	0.019473311344017075	-0.0518075326807941	0.006795336338855524	-0.011431667815793183	-0.005308799944143156	-0.021930001917073116	0.001314036848082597	-0.014981655313942573	-0.005335653081117339	-0.0015086278052160967	-0.00782214044086208	0.0037043603701588782	0.0017263513480586141	0.0011760295874395437	0.0005097932840561755	0.002793929169905449	-0.0	0.0	0.0	0.0	0.0	0.0	0.0	0.0	0.0	0.0	0.0	0.0	0.0	0.0	0.0	0.0	0.0	0.0	0.0	0.0	0.0	0.0	0.0	0.0	0.0	0.0	0.0	0.0	0.0	0.0
jr1124	-0.43242552850195803	-0.21975866312618797	-0.046945355813253334	-0.019139303847419537	-0.13530787377041825	0.09449821192979838	-0.09395468762846816	0.00950824003307602	-0.076090597052582	-0.006350539095921029	-0.00018502424034419428	0.022567574890886476	-0.09524067619407785	0.03499691964385604	-0.01981386200986819	-0.023516609511886433	-0.05308438406948211	0.0027233904202389556	-0.021150050994181824	-0.011341952320401688	-0.03987216202354434	-0.027012569299752785	0.01865218884165197	-0.027156721623853946	-0.02756666278394098	0.04583787100640518	-0.11026636014867107	-0.03849430732490107	-0.03926359584813324	0.03257126014593664	-0.005738631793949599	0.04258246945848674	-0.048586445566589045	0.03251976556365995	0.017137840685989874	0.003667197936447708	0.013605019420982656	0.0187699308655837	-0.027169273393337034	0.016548054307535892	-0.007855998335514855	-0.012597427797715739	-0.0057373917256786765	0.0034521449503291425	-0.0036489219702513275	-0.004037204634640452	-0.005461910922143807	-0.00032761310087412647	-0.0	0.0	0.0	0.0	0.0	0.0	0.0	0.0	0.0	0.0	0.0	0.0	0.0	0.0	0.0	0.0	0.0	0.0	0.0	0.0	0.0	0.0	0.0	0.0	0.0	0.0	0.0	0.0	0.0	0.0
jr1125	-0.21720588705585278	0.1778154511971689	0.0367747078528599	0.14359787774536345	-0.14715354877131745	-0.08262172889104481	-0.025228556320519187	-0.16822854386191982	0.06265902065428704	0.01600968981465387	0.030472455006115742	-0.015023050170479038	0.008032154333327041	-0.04482160743815556	-0.022400967197454505	-0.05060971872823281	-0.004786347386816379	0.020442936467194917	-0.0062851082313007635	-0.011702047179262733	0.025773881154740743	-0.006413169310466127	-0.02799216937901188	0.013622897184810832	0.0584032602714198	0.006597440147721169	-0.027630291143201233	-0.025462597529443347	0.038329738888961504	-0.005835986657684022	-0.02457907939214877	0.007427299141953908	-0.02795301076241186	-0.017282897854079243	-0.009196906625245097	0.017940344164317706	0.006092917014025475	0.0030794548513766325	0.00783114698542723	-0.0038455157886635497	-4.054858891744794e-05	-0.00032565335691432716	0.0008015072231328934	0.0014440098820389584	0.002399044126906458	-0.007110640406299719	-0.0036620579903617577	0.00044675444506716227	-0.0	0.0	0.0	0.0	0.0	0.0	0.0	0.0	0.0	0.0	0.0	0.0	0.0	0.0	0.0	0.0	0.0	0.0	0.0	0.0	0.0	0.0	0.0	0.0	0.0	0.0	0.0	0.0	0.0	0.0
jr1126	-0.27960055195998157	0.07399170115393759	-0.12813912398698943	-0.006936598877082306	0.09333981674337687	-0.22859254168172238	-0.01027667015702447	-0.051383906392883996	0.031020206772828178	0.0562543360756332	0.06722998128035208	-0.05383044643044106	-0.05793476210058248	0.07018358626352773	-0.018155869978037288	-0.0160014721828311	0.0714324235842599	0.030637692176751368	-0.053829872232439756	0.030099645289926997	-0.044003987814380974	-0.031345523437463906	0.04435300274525502	-0.021124586948031945	0.02251001890720661	0.0036715645805721676	0.006041291297594299	0.023802635354462583	0.004956013356639444	-0.044963908608688076	0.03637365189922243	-0.03792702896805187	0.048693720872372635	0.0027501642582180384	0.00983260424504621	0.01810414404395132	-0.016533855183380148	0.004293650660490422	-0.002906158316054993	-0.0008690994644489075	-0.008452802457166125	-0.014968301466398654	-0.011032186172459765	-0.005298445489003427	-0.007070839627216171	0.007579931746444964	0.0018907016511958655	-0.006371886339910286	-0.0	0.0	0.0	0.0	0.0	0.0	0.0	0.0	0.0	0.0	0.0	0.0	0.0	0.0	0.0	0.0	0.0	0.0	0.0	0.0	0.0	0.0	0.0	0.0	0.0	0.0	0.0	0.0	0.0	0.0
jr1127	-0.0004552570110598387	-0.08539344578651901	-0.05443081360095248	0.09484200004926449	-0.08095281873199635	0.02156131037811719	0.18322185499743243	-0.1422494938558031	-0.036283465088029265	0.05820880390568356	-0.05098618641525153	-0.0014043819731192882	0.003972921948094668	0.006523190893966421	0.006990810359051622	0.04497262381496126	-0.025281923309270784	0.04829187643856636	-0.01613153044933416	0.007874489409734396	0.03146554439221293	0.0003674938393959802	-0.04642308626505919	0.023408364239081988	0.03596914919247922	-0.07069962989230785	-0.04045886696576539	0.00045133999420527457	-0.014205400686648061	-0.03659039552641816	-0.007309364592242585	-0.011040039210275751	0.05095120365738803	0.010512470784660576	0.003942559987277804	-0.06504349179678605	0.003756734868287817	0.013735101964424113	-0.02634889840362727	0.02245590631692071	0.01122938166676215	0.01420375524783825	0.02574792033601003	-0.001355958634482469	-0.004243856954113956	-1.3051873180099891e-05	-0.0028436363559328198	-0.0033500809726435877	-0.0	0.0	0.0	0.0	0.0	0.0	0.0	0.0	0.0	0.0	0.0	0.0	0.0	0.0	0.0	0.0	0.0	0.0	0.0	0.0	0.0	0.0	0.0	0.0	0.0	0.0	0.0	0.0	0.0	0.0
jr1128	0.042681838282161474	0.29202217526586	0.12194852734855631	0.052449455377538735	-0.006060653990835831	0.068834975776325	-0.05704279363863809	0.03233485474006021	0.036612546631109806	-0.014393415335264972	-0.01387840914782012	-0.01674878338173246	-0.008005293351419213	0.0053652768376744	0.0222206791848378	0.010125170243070216	-0.025063822422061312	0.018144073544886116	-0.021129214028500928	-0.03476788163783089	0.0029328019864580156	-0.016039248880821266	-0.02936317561626912	0.01140995573988732	0.0199222085424249	-0.005102810727026551	-0.015246507841872361	0.00967458018548494	0.0010779708561018395	-0.01781884795366699	-0.010873608183816984	-0.013526988941017769	-0.0032799889144362842	0.018022971437663363	-0.01275155997815286	-0.008572075668328802	0.0014031782826638762	-0.023359302387038063	0.014183205892058801	0.004389279302651652	0.015974838596483458	-0.026983953513853607	-0.0010052361056136958	0.012770970603771246	0.0036980545382266465	-0.013040013713345	0.0083440632585869	-0.0009073468935296355	-0.0	0.0	0.0	0.0	0.0	0.0	0.0	0.0	0.0	0.0	0.0	0.0	0.0	0.0	0.0	0.0	0.0	0.0	0.0	0.0	0.0	0.0	0.0	0.0	0.0	0.0	0.0	0.0	0.0	0.0
jr1249	0.12076212168446762	-0.042605865683699166	-0.08423157386159703	-0.011664037448596995	0.06787279207527605	0.014578570886816059	-0.05049360799443139	0.05007708955065685	0.05771343261420637	-0.04043365022754324	-0.05711787423897944	-0.058495016938964924	-0.05137021437547513	-0.033455598901592824	0.053572812711778134	0.019992064343022344	-0.027940864540362202	0.0800125162584248	-0.010985010468377725	0.049434870072337905	-0.08017634761254286	-0.02290369089345148	-0.0009562806750528313	0.011456005119187073	-0.013129616706137897	0.024252041258068752	0.03445751625773074	0.03481254412751906	-0.0012095212714887207	-0.020261671903319893	0.012612447017553876	0.03889125709444404	0.01659825785747347	-0.008892709091957916	0.011855431813434658	-0.008087363162167486	0.011844796935221898	0.019455379345526186	-0.021039246109781015	-0.007001427486653651	0.012573011190315774	-0.0062820211341217775	0.0018593956688044088	-0.003864300284731909	0.012869434315304488	-0.004920761147163348	0.007568155215340351	-0.0011373358204495203	-0.0	0.0	0.0	0.0	0.0	0.0	0.0	0.0	0.0	0.0	0.0	0.0	0.0	0.0	0.0	0.0	0.0	0.0	0.0	0.0	0.0	0.0	0.0	0.0	0.0	0.0	0.0	0.0	0.0	0.0
jr1250	-0.11652846851060113	-0.1204032893721502	0.07887694351617724	0.09490036125372892	-0.04273437549380409	-0.17227300800590908	-0.07308016764017028	0.016996766206415118	0.05394244588799824	0.000381061588419455	0.015272554134430665	-0.010441125413180275	0.10108305795103374	0.06204180722910058	0.05969188961355936	0.03900818269240517	-0.08902930405773705	-0.024610503821945396	-0.05399405593733409	0.0074598218388064385	0.05088996822394444	-0.04186206026603479	-0.044055901002187904	-0.07688261847461601	-0.06236422180848306	-0.022668666926641254	0.020197675601937793	-0.03323571788839056	-0.025704300506300713	0.013393345338381265	0.04866972868286574	-0.013880602179144379	0.011733033324673577	0.020072727517801436	-0.0016346144387843374	-0.009794632882492047	-0.004215322647018228	-0.007359538167535046	-0.00984821035824483	-0.007654839305503044	-0.008853782180052021	0.02369807993514435	-0.0037182820517406884	0.0045792695845759445	-0.0016038745521457477	-0.01128565862247942	0.0012720651275499443	-0.0040002795358505564	-0.0	0.0	0.0	0.0	0.0	0.0	0.0	0.0	0.0	0.0	0.0	0.0	0.0	0.0	0.0	0.0	0.0	0.0	0.0	0.0	0.0	0.0	0.0	0.0	0.0	0.0	0.0	0.0	0.0	0.0
jr1251	0.1886711706114335	-0.006474229794240221	-0.07319648791635416	0.047159222132473144	-0.0017599488260538914	0.004511225302727399	-0.009706222377661557	-0.0039054029847980106	-0.004011070340705972	-0.0002107602815846735	0.0214918458939452	0.04035184703323066	-0.023020446647920564	-0.021922174310478645	0.03282419653406222	-0.005938360910468286	0.013198151676711047	0.0003575178774349728	0.003913941436912333	-0.0038891814633967717	0.0017732621139997062	0.027427928259106827	-0.01906666786747116	-0.03937786848551249	-0.0029622090438850895	-0.014716888477236595	-0.0038902040687541196	-0.03359091465767315	-0.006382444168397865	0.007638712522931006	-0.013559740794630543	-0.024222552560954548	-0.00859775795274852	0.01106039090227354	-0.011568658085504398	0.02823807355246718	0.01168427827922564	0.0036855967134139956	0.011460759396770654	-0.02300870492147714	-0.00579207537156085	0.022969480343148357	0.00765591020436243	0.002829881477314133	0.010528434035149673	0.0017444682354016987	-0.004701297025465252	-0.004176406961316593	-0.0	0.0	0.0	0.0	0.0	0.0	0.0	0.0	0.0	0.0	0.0	0.0	0.0	0.0	0.0	0.0	0.0	0.0	0.0	0.0	0.0	0.0	0.0	0.0	0.0	0.0	0.0	0.0	0.0	0.0
jr1252	-0.1372017409061142	-0.12666735861865291	-0.08369275118559735	0.1429449297947544	0.024640200882617414	0.1279069564814626	0.1383254366925284	0.10262191675842683	-0.09195986625572224	0.0029540352098041487	-0.11390832790283457	-0.05184474763444755	-0.01929804406010255	-0.03663138323112212	-0.04349199382814571	-0.06182436863983772	-0.05816889455567283	-0.0434939910928076	-0.07220123700116983	-0.008577796797251905	0.01583519878744395	-0.028947669378536395	0.06505750629073488	-0.0333252062315681	0.009373396942888133	-0.0007675353493115063	-0.02203116233398813	-0.02184367234735761	-0.031108090911630682	-0.01966234176685591	0.028061375685369178	0.01346031885845584	0.02905363785175371	0.006901364966070884	-0.036213457732065	-0.001324115823505427	0.016470294985394096	0.005073912530800615	-0.0007370592651887515	-0.027205234050107743	0.013876592114412369	0.009108683952200615	-0.007228735148581815	-0.00724902413847134	0.0014205799613180086	0.009059787226600913	0.0019926466726141487	0.006410867368751546	-0.0	0.0	0.0	0.0	0.0	0.0	0.0	0.0	0.0	0.0	0.0	0.0	0.0	0.0	0.0	0.0	0.0	0.0	0.0	0.0	0.0	0.0	0.0	0.0	0.0	0.0	0.0	0.0	0.0	0.0
jr1254	0.10154543969861753	-0.07405362121255571	0.005183576699966662	-0.15134568396933168	0.023487160183058006	0.00978309708692453	-0.03110960837878723	-0.06163513523740473	0.15204004275263153	-0.08598772882682248	-0.135799966417481	-0.049899958379642784	-0.1561949163746857	-0.041886399179683655	0.10341390779644588	-0.031180197693202464	-0.08434340852341503	0.05694134187979707	0.041890727822098635	-0.006738253627432293	0.04487358050766459	0.04290475279387452	0.08874865850444534	0.03473893496320386	-0.011857176962519743	0.0014403047615858273	0.04601287419772123	-0.08530670441374759	0.04757986193945289	0.023303642596277915	0.03318396358463828	-0.025355906467563298	0.025994389840959177	0.024056663517555227	-0.002734871758364857	0.01245239663688098	0.018381864574713927	-0.01047277469190404	-0.011653425209959399	-0.004679690482422694	-0.0012030999634679857	-0.01001433970864392	0.010044733134653192	-0.007396732175393356	-0.010320457160041168	0.0033064929961453935	-0.003784101584053577	-0.00016619851989962733	-0.0	0.0	0.0	0.0	0.0	0.0	0.0	0.0	0.0	0.0	0.0	0.0	0.0	0.0	0.0	0.0	0.0	0.0	0.0	0.0	0.0	0.0	0.0	0.0	0.0	0.0	0.0	0.0	0.0	0.0
jr1255	0.2101705139284523	-0.025696292057401055	0.07962465473489136	0.0015463425552081646	0.06963383415180363	0.015165913835299053	-0.041796683522154314	0.01783305817800828	0.0246652314855778	0.0013228777258719746	-0.004758167126708394	0.025440789292464322	-0.025378136518426627	0.016502805451165097	0.05915788056677	0.01860073393158418	-0.008566069370027447	-0.01852979021330248	-0.009284142750647264	-0.040348566334976216	0.0037836067103420284	0.0019274468398314854	-0.05756461534363246	-0.030321706005154693	0.012355680658079357	-0.004449661610684144	-0.00752174754643798	-0.015175206568928627	-0.0006690082941654491	-0.02091366333315257	-0.014647825487260577	-0.014574453272786305	-0.002276558739491773	0.033592666454078546	-0.013258975740356135	0.01900075782186392	-0.009310144291672389	-0.011060382730457712	0.02427458123420896	-0.004253118971847244	-0.0034433331063424134	0.0036919365578530236	0.0050647074937474525	0.011975385302770723	-0.005281335744172057	0.002448017042623168	0.0006067345309367223	0.0023342556023867407	-0.0	0.0	0.0	0.0	0.0	0.0	0.0	0.0	0.0	0.0	0.0	0.0	0.0	0.0	0.0	0.0	0.0	0.0	0.0	0.0	0.0	0.0	0.0	0.0	0.0	0.0	0.0	0.0	0.0	0.0
jr1256	-0.07333396128823225	-0.09509514792132574	-0.062375293818056385	0.21799105564922117	0.054650439309941706	-0.08001593922277901	0.020680420190912246	-0.10864294205285475	0.05603900906884725	-0.025249211513335458	0.04703543843771411	0.03953157928398578	-0.029976191711234623	-0.05875150555745081	0.0652403423666814	0.008323774282459739	-0.014276332896645243	0.024452958986062714	-0.02681347525549437	0.01652514562897132	-0.04262321667995157	-0.0630547044409818	0.047369011623779544	-0.014937846262070127	0.05089593221696187	0.012553404535990444	0.006531318801505943	-0.002216489848398081	0.0011037234747869012	0.010708167906433108	0.023780931421646397	0.009009335997652903	-0.03839664462198588	-0.009655501830558242	0.019038687023544144	-0.028273875446923582	-0.0045749173553968885	0.0019409525673406217	0.02998444655702757	-0.028451029589656094	0.012365192180694786	-0.01132012310827324	-0.0026714318014394475	-0.0018600555625833952	0.006736594485950685	0.005594821289355582	0.0001954512718780335	0.0042017277942824555	-0.0	0.0	0.0	0.0	0.0	0.0	0.0	0.0	0.0	0.0	0.0	0.0	0.0	0.0	0.0	0.0	0.0	0.0	0.0	0.0	0.0	0.0	0.0	0.0	0.0	0.0	0.0	0.0	0.0	0.0
jr1257	0.17991820171922668	-0.008892168945001666	-0.07978312387687352	0.05519600583285584	-0.0025151193161628924	-0.008786401082307561	0.0016974658934523557	0.012957356106285935	-0.007617106267168494	-0.0018617921798042563	0.020529882297986413	0.03324214723676184	-0.025254272144896176	-0.02221203989445051	0.004254431063044161	0.02333908666035068	0.009659703166197657	-0.0068220643667148894	0.009424280811454964	-0.01976587133402088	0.001917845368692589	0.010797118361602917	0.023728378755955234	-0.010414966569548751	-0.011611320913722568	0.0025684421109871108	0.01639243603252612	-0.0041679675326446	-0.02653404545882766	-0.010922457805521748	0.009075937811712982	0.0035222927048157424	0.00511903618645563	0.011168668270733824	0.02296362869288249	-0.0052618084970933385	0.01283568376703557	-0.0026904228136267394	-0.0120134984895762	0.004713071821712615	-0.0037441150716533344	0.018778000447475435	-0.016738157489500433	0.03542507959910703	-0.015360276937662174	0.007482891979974965	0.013650839697596324	-0.0009925689518498824	-0.0	0.0	0.0	0.0	0.0	0.0	0.0	0.0	0.0	0.0	0.0	0.0	0.0	0.0	0.0	0.0	0.0	0.0	0.0	0.0	0.0	0.0	0.0	0.0	0.0	0.0	0.0	0.0	0.0	0.0
jr1258	-0.03654603518280641	-0.11447682501641471	0.2013947644052696	0.19525730140819406	0.15184284616102892	-0.11637238546168326	-0.0010703162936588934	-0.08440780447889866	0.008939848542825927	0.003941001797964454	0.03674773931478109	0.04903575400403639	-0.0035642828582225193	-0.0015535221656032517	0.01775132558210722	0.0015319879724014942	0.04437972949967311	0.029311339375665137	0.015887211611254004	0.007299725992559191	-0.01658989064183376	-0.008253548598237518	0.00019085028556987935	-0.01272476973893217	0.04005213422469459	0.02157933449655912	-0.012512318917424896	-0.02661450678478546	-0.004992967997371549	-0.011706662907961804	-0.01088153907257826	0.011753543833448168	0.012059538272485773	0.008895662036943136	0.006528676613277288	-0.008888513062776935	0.0007977989443435359	-0.004270829456405504	0.004919729518353512	-0.0005104377981796687	-0.008878083294257594	-0.004660268233028094	0.002991828149840926	0.01002307753925871	0.004034774618773713	0.001085962666269943	-0.0015580266958293441	0.0023535191785474616	-0.0	0.0	0.0	0.0	0.0	0.0	0.0	0.0	0.0	0.0	0.0	0.0	0.0	0.0	0.0	0.0	0.0	0.0	0.0	0.0	0.0	0.0	0.0	0.0	0.0	0.0	0.0	0.0	0.0	0.0
jr1259	0.024735038558431233	-0.06562265482891587	-0.1458283833582851	-0.018447105155339125	-0.011149490635450612	0.0007555520513187333	-0.03519616054173291	0.15250090578865935	0.03700379008361229	0.026332195643463688	0.0372436907785145	-0.09451506292555752	-0.014757442752910173	0.007033255497830924	-0.11002155786100586	-0.04750061559766017	0.005227010453431243	0.07480789151405914	0.06185913950183746	-0.004368576837403658	-0.03731679887361422	-0.04360705067154228	-0.009148441750736912	0.0013609237059150668	0.03954204912627535	-0.04056882776389839	-0.012803720779911956	-0.04539489297693931	0.018062480271560995	-0.06086056011157656	-0.0022560826313402548	-0.0352638556641693	0.017696260011176666	-0.04447863047035187	-0.028988027555201364	0.02521437511550611	0.010679254386562694	0.01511904788400844	-0.001521550442566746	0.016046842462026766	-0.0037933090259810276	0.003364987967005219	-0.02943039919652104	0.0015859178846645771	-0.001545438103256085	-0.005305264171476716	-0.005128652920862602	-0.002606880817813516	-0.0	0.0	0.0	0.0	0.0	0.0	0.0	0.0	0.0	0.0	0.0	0.0	0.0	0.0	0.0	0.0	0.0	0.0	0.0	0.0	0.0	0.0	0.0	0.0	0.0	0.0	0.0	0.0	0.0	0.0
jr1278	0.18577345380697885	-0.026998066452331094	-0.06671805239462912	-0.01788090757908633	-0.06859842147136094	0.02689436840970188	0.008365426242829814	-0.09528975491827416	-0.005731130995180658	0.020887800790843236	-0.0011096824883064095	0.004672399448647663	0.013001266271540133	-0.011271472376959716	-0.005343434006172402	-0.03034942819536928	0.00887450511487729	-0.0023326574670050203	-0.015584718454447519	0.008171200420941214	0.01185988593307233	0.0008737424050342865	-0.0021260062099522853	0.006141455582225692	-0.0029312359880156484	-0.009156048240676938	0.003915903749117001	-0.006213776900726196	-0.02282636368357541	0.021324796825349254	-0.010710559619417463	-0.017450817256206584	0.0026918818976115534	0.002981732413313277	0.019744593631560184	0.011042000725386487	-0.00853787904317878	-0.006855192559967346	-0.0067698094340724	-0.00467050598656817	-0.0032503214666475223	-0.01628971013550888	-0.015182455429295113	0.01032145588112348	0.025569330336809325	0.010758665005730349	-0.0027165051767882352	-0.00942322181206808	-0.0	0.0	0.0	0.0	0.0	0.0	0.0	0.0	0.0	0.0	0.0	0.0	0.0	0.0	0.0	0.0	0.0	0.0	0.0	0.0	0.0	0.0	0.0	0.0	0.0	0.0	0.0	0.0	0.0	0.0
jr1279	-0.26692822078157785	0.15861238591204316	0.26203082366931174	-0.018790884903644025	-0.17542219471870107	0.018767420278164356	0.1020234496157446	0.06390347468071964	-0.004297007081004699	0.07491688544523786	-0.07838293017030505	-0.13249113178592392	0.07860824923294825	-0.08702178394651874	0.033757486909309464	0.04335938875669949	0.058151401680835546	-0.008961230024342156	-0.07278387076020332	0.0922782874574575	-0.03374333560153636	0.0581171546527453	0.029236141310816956	-0.024648605477668516	-0.010949253945397655	-0.015110445869219717	-0.004441615386593188	-0.039291849716223126	0.004183571611299542	-0.018842797132235703	-0.015845354921489963	0.026427528534922494	0.009678873449897436	-0.0013717516205671773	0.004643078759688116	-0.007126583205652065	-0.026956753554414743	-0.00884128536185031	-0.0002758667165355191	0.0017434553318125732	0.009603388576508361	-0.00582710342742678	0.0021317578534828683	-0.008491258463257672	-0.005505851348480234	0.005659382299822979	-0.0005169938982620562	0.0026711870577728865	-0.0	0.0	0.0	0.0	0.0	0.0	0.0	0.0	0.0	0.0	0.0	0.0	0.0	0.0	0.0	0.0	0.0	0.0	0.0	0.0	0.0	0.0	0.0	0.0	0.0	0.0	0.0	0.0	0.0	0.0
jr1281	-0.061822947938342566	-0.12135537165539188	0.09518061618185573	0.1060887458574159	0.11736049970374113	0.070016127138989	0.07346471959236055	0.07431407020910966	0.12357661195051746	0.09556263097407867	0.09094239812963884	-0.06843149308601736	0.010484649349219478	0.03376908002668839	0.03790710537254497	-0.15843738376548994	-0.05851336219672853	0.022866662028520644	-0.06060165745866312	-0.048939561904321804	0.060203848473145104	0.030627309431351418	-0.028411589539906155	0.06010348033235091	-0.06304394712325892	-0.07756485799602116	0.02684463613225979	0.028384283110601084	-0.055991459246229024	-0.00661848671886836	-0.025072686083820867	0.03530920197611733	0.0024232917992412515	-0.016089523238859777	0.02739060228564012	0.028440694176909153	-0.013819837943116638	0.03618957285647275	0.016745173462632004	-0.011830716002895338	-0.005398325074433161	-0.011330316574646934	0.0006580465839269556	-0.001229518450820018	-0.0014241729051183382	-0.00012306617783306494	-0.004849906350169306	0.001459355455402064	-0.0	0.0	0.0	0.0	0.0	0.0	0.0	0.0	0.0	0.0	0.0	0.0	0.0	0.0	0.0	0.0	0.0	0.0	0.0	0.0	0.0	0.0	0.0	0.0	0.0	0.0	0.0	0.0	0.0	0.0
jr1282	0.16178179095273565	-0.06767656118738864	0.08375501758859333	-0.0913239293249769	0.011297474381093874	0.1023965149087093	-0.03303753407677082	-0.07125854781198675	0.053793194496586635	0.03508005174790648	-0.03794466385402339	-0.016240488143101913	-0.0362722159429187	-0.057586442643436875	0.07669162553670643	-0.027536547890010955	-0.055969189165967444	0.0015405387825168303	-0.08438040504448656	0.02117300692544585	-0.07466036881858873	-0.055041342137319135	-0.05875285726340977	0.011089990119821836	-0.009395350334429203	0.02389675456957275	-0.025377349134877648	0.034444929348643016	0.022675256908274006	0.031114527744900897	-0.01625940636946984	-0.0031040287375680995	-0.013029211053735409	-0.022286236093533484	-0.04002516880277098	0.012706325751023005	-0.004937048269022728	-0.004857410620193753	0.004009836615778615	-0.005312217075345808	-0.008156417212330132	0.0053420506438832715	0.004239640106180057	-0.0008458890962217388	-0.001231998333835974	-0.002332344816524485	0.005742922211825672	-0.0017263179990495096	-0.0	0.0	0.0	0.0	0.0	0.0	0.0	0.0	0.0	0.0	0.0	0.0	0.0	0.0	0.0	0.0	0.0	0.0	0.0	0.0	0.0	0.0	0.0	0.0	0.0	0.0	0.0	0.0	0.0	0.0
jr1283	0.14401385706555916	-0.010393851778807223	-0.11162673160863351	0.04502310016397994	-0.03773541963539856	0.027895094612077218	0.016977445287190543	0.03601744450605276	-0.02982969100509198	-0.02927487444997596	0.01435637690339389	0.07630974474390148	0.06201950330221495	0.05253909589318358	0.07404308499647637	-0.0034480085773206325	0.04877340505930204	-0.06500055301042257	0.014137782012207051	0.03665451845570475	-0.0043413379400477166	-0.018489063010023375	-0.041941792339184256	-0.010823190007272117	0.014606199697418547	-0.019576754300055343	0.04021102939657617	-0.05068879761455092	0.0068028512620380505	0.031675904873881854	0.030409183841309525	0.01484519716876266	0.0014949489324679306	-0.010093661004298803	-0.014373831597130328	0.04468509512630729	-0.02657247994870348	0.02396805344640183	-0.02270821089591997	0.03188530803858801	0.046752420503414535	-0.017321009841923515	-0.0015892734967486136	0.010327681785766303	0.0006930859737925876	-0.002144675509652084	0.0005222079092839696	0.010463840695490709	-0.0	0.0	0.0	0.0	0.0	0.0	0.0	0.0	0.0	0.0	0.0	0.0	0.0	0.0	0.0	0.0	0.0	0.0	0.0	0.0	0.0	0.0	0.0	0.0	0.0	0.0	0.0	0.0	0.0	0.0
jr1284	0.14509828693747667	-0.06100110395929962	-0.08086775293935186	-0.00588803393706204	-0.050611821825457634	0.1006421159143987	0.011886479241575343	-0.03012905329504405	0.00452354201336674	0.07934934043122714	0.04626963933038213	-0.037080203472184034	0.01134131799173322	-0.018180250381685387	-0.06203753307829214	-0.04612846886584481	0.0037298447563467764	0.0019554213597882605	0.028356818847390653	0.020450593515598855	0.05342931498098349	-0.016464225568778818	0.0305433696164343	0.01931213916543408	-0.01392282319842776	0.013963015814782473	-0.004004633087311205	0.014159346406353971	0.020696706194770355	0.020939321341975292	-0.012918242216924513	-0.01220882125288783	-0.016378457867284008	-0.020881816099730416	-0.02160879869728111	-0.010226785460258729	0.013312950027583696	-0.0026184096642783224	-0.005533939908652045	-0.0030297446794474553	0.003062559326769271	0.006955741968367476	0.01710678114271825	0.01244385805717394	0.02030903974807903	0.009174336521419196	0.0070420001108266305	0.0009006883413442443	-0.0	0.0	0.0	0.0	0.0	0.0	0.0	0.0	0.0	0.0	0.0	0.0	0.0	0.0	0.0	0.0	0.0	0.0	0.0	0.0	0.0	0.0	0.0	0.0	0.0	0.0	0.0	0.0	0.0	0.0
jr1285	0.17965377179881817	-0.039959863023655395	0.16386824367791603	-0.0070581150735753734	0.11027623873008766	-0.0157630611670449	-0.0009731626863461449	0.07217534597645754	0.00715770895247786	-0.014855181086921977	0.04240482436748935	0.08259393967952151	-0.05309551874505768	-0.0031566582849521046	0.0459936071600586	-0.035444511401831184	0.026655750706382552	0.040499735735576546	0.018405177694513622	-0.058368003621084553	-0.012942991724277982	0.15655815255418917	-0.009766623628452233	0.015407732410978427	-0.006319780871937048	-0.027880909390943967	-0.06104649712171323	0.005892865224499616	-0.0038127390746599743	0.029436843857293133	0.03539333983148462	0.014080086210666662	0.0043721705239688526	0.007709363950335271	-0.009375450257554239	-0.004596305827618906	-0.023861115618506682	-0.012253609098748366	-0.004666329358118641	0.011770327770305926	0.011054783973412611	0.007085576805527082	-0.02124943967361762	-0.009200798533170197	0.0036238569456616136	0.0014079805090851001	0.003911850039724267	-0.0034433852020331794	-0.0	0.0	0.0	0.0	0.0	0.0	0.0	0.0	0.0	0.0	0.0	0.0	0.0	0.0	0.0	0.0	0.0	0.0	0.0	0.0	0.0	0.0	0.0	0.0	0.0	0.0	0.0	0.0	0.0	0.0
jr1286	0.13296678095393605	-0.030773886166164992	-0.034045017193828374	0.001487085388169029	0.12513680192646642	-0.025469444407140492	-0.04365476729724943	0.05720924575152462	0.027292182538243066	-0.12147442266035473	-0.1524884989774646	-0.07368225787280529	-0.021433240583609955	0.019056817129947834	-0.05140876001325517	-0.001896904651586653	-0.011142732201583181	-0.020753320993858047	-0.04000524010157515	0.0033851064129329024	0.033039474869943124	0.008365986155210895	-0.02988335112177858	-0.013369357676120991	-0.005522369190796466	0.00281879806195761	0.023522842054606665	0.005935423026508588	-0.0024518079867142284	-0.004700492444463621	-0.0044568362600666345	0.00470431699779522	0.0002310835778550481	0.014755094869420367	-0.006048021497850274	0.007115770587803521	0.0031158459432687937	-0.03142195710026759	-0.006394348464809715	0.023819213626009996	-0.010374959002524792	-0.0070818472173561	-0.0005146854587761043	0.0025759403213442156	0.014071793839007246	-0.002373657086513951	-0.004359144958965271	-0.0005747867459493764	-0.0	0.0	0.0	0.0	0.0	0.0	0.0	0.0	0.0	0.0	0.0	0.0	0.0	0.0	0.0	0.0	0.0	0.0	0.0	0.0	0.0	0.0	0.0	0.0	0.0	0.0	0.0	0.0	0.0	0.0
jr1287	0.12942087850876902	-0.045211761690318694	-0.07499827145998962	-0.036850379061599124	-0.09400426740564824	0.07207617020584771	0.013213315405838574	-0.053617086585345114	-0.02908834397511132	0.03051686765588747	0.012311531123122554	0.0010479628732121978	0.08065320855671025	-0.05685701520769992	0.06353185793953524	-0.06409237810336268	0.0431831592187848	0.0008566446868542783	-0.05005924347756868	0.12083713369975627	0.00875569895828394	0.011048319587643601	-0.017049052799605183	0.02890258280143458	0.02218318521712713	0.002545193361571594	0.03713104968911886	-0.004056995788573241	0.002183516208839093	-0.017016766295280063	0.03313586808453677	0.025278383129797414	-0.03400435432778401	-0.005377435171306316	0.03863357930797025	0.01438771387727478	0.002473943267229363	-0.01649730955796186	0.007986589475546807	0.025320121192784945	-0.02746982952591175	0.002649877581291499	-0.004293454180337021	-0.0034968413883253897	-0.00857975880078125	-0.005470334415170714	0.0010207736445113612	-0.005451489595221355	-0.0	0.0	0.0	0.0	0.0	0.0	0.0	0.0	0.0	0.0	0.0	0.0	0.0	0.0	0.0	0.0	0.0	0.0	0.0	0.0	0.0	0.0	0.0	0.0	0.0	0.0	0.0	0.0	0.0	0.0
jr1288	0.19151250735157585	-0.02869781064117744	-0.07560923866200232	-0.013361126384088429	-0.07446085985668471	0.02706229258532744	0.010726462362588788	-0.1138625644026869	-0.005899234789920657	0.014152467273700058	-0.006425957293290823	0.01917142224254319	-0.012576989565750886	-0.026804622189060764	0.0083440188873594	-0.019254487637030162	0.008632165359150698	-0.01179910858895327	0.01773187897677973	-0.00739041501843777	0.016083461434992254	0.03678374427143492	-0.025324681977367786	-0.019730475234373636	0.015909074074149356	0.009440526921125323	-0.03876038692956671	-0.0145853674717844	0.016848361115279847	-0.00693455131793256	0.0023670587538673574	0.0021946541429231584	0.002961626784506973	-0.010136954617330569	0.020080429943535	-0.005846247975006396	0.015148598428125624	0.0033381703654144367	0.025390066007247955	0.004025570683666701	-0.012629569514606911	0.014153070101124416	-0.012492695052662789	-0.019182207554876998	0.001099059602424887	-0.005637345463562656	0.005312690148484921	0.005213913442204942	-0.0	0.0	0.0	0.0	0.0	0.0	0.0	0.0	0.0	0.0	0.0	0.0	0.0	0.0	0.0	0.0	0.0	0.0	0.0	0.0	0.0	0.0	0.0	0.0	0.0	0.0	0.0	0.0	0.0	0.0
jr1289	-0.0693902115017595	0.16774553037372486	-0.15940013894490193	-0.11087903779758472	0.17199720815396402	0.021111104042951984	0.000700694392054747	-0.029704113438687518	-0.09136096386447054	0.07868233349443796	0.041794139547606426	0.07759979456356253	0.05232500449626521	-0.13374397082180792	0.06134838354829785	0.02243147026149042	-0.10016616938799337	-0.019132610854468705	-0.0052367492491171164	0.011351342188773374	-0.06377544552633971	-0.05110236961268883	0.015427828982962417	0.030471311029312453	-0.0534534072437218	-0.025018345084464575	0.006398904673808662	0.010490510830938216	0.02126083674884577	0.028487631412312517	-0.005711850407556915	-0.03082770465154648	-0.000844938581207011	-0.0013173722276264585	-0.02261138827065773	0.007379473128394127	-0.019335134542880036	-0.0013515346698277813	0.005536278447075627	0.004810687720516478	0.009867862844204203	0.022359618874235373	-0.012300079227406708	-0.005973898322440424	-0.0014490690337680835	-0.0032548942389805566	-0.00517156385959557	-0.0034271657732891717	-0.0	0.0	0.0	0.0	0.0	0.0	0.0	0.0	0.0	0.0	0.0	0.0	0.0	0.0	0.0	0.0	0.0	0.0	0.0	0.0	0.0	0.0	0.0	0.0	0.0	0.0	0.0	0.0	0.0	0.0
jr1291	0.11464769927535788	-0.05649827076760415	0.17052702850179263	-0.06884373583128486	-0.010746331265969127	-0.14287870456695298	-0.05369242431335996	0.14708764893089862	-0.04058965058616449	0.04856672808339991	0.05425216148367705	0.0024771319614577854	-0.02287260670126556	-0.04811597390607235	0.010920568768625256	-0.007120977828117376	0.023647134562343707	0.02650974898337477	-0.03797695935738495	0.039880309131713164	-0.0749843274382821	0.02074407900575258	-0.05627547801143672	-0.04720786863900794	-0.022139095804914525	0.012020740049675809	-0.0037618455918421645	0.04337233507108247	0.0024213925716681014	-0.027331636143725784	0.005169657007629229	-0.0017143507693990184	0.003973244966958039	0.01676552787186969	-0.0068164377920066814	0.019865339357918163	0.03838118564598379	0.0021021408906908737	-0.005478192802553789	-0.004663404896486438	0.0028853054495999357	-0.002338238567584205	0.015629872695172548	-0.0001885157283686557	0.00017493216379887855	-0.000724079616725098	-0.0035575012074651204	0.003994932729189573	-0.0	0.0	0.0	0.0	0.0	0.0	0.0	0.0	0.0	0.0	0.0	0.0	0.0	0.0	0.0	0.0	0.0	0.0	0.0	0.0	0.0	0.0	0.0	0.0	0.0	0.0	0.0	0.0	0.0	0.0
jr1292	0.20872341595979782	-0.07507092641431543	0.21533062037253975	-0.10740029754873881	0.021906486123298152	0.022609304756601674	-0.016796344589430835	-0.04797775905938848	-0.048909019887828635	0.05501596718327781	-0.014427528224657572	0.030306513789647157	-0.04461984454796757	-0.06172661155518331	-0.003595464530584752	-0.027661318205858765	0.046248613006805474	0.03172622230607385	0.013444052109417438	0.06876877862145937	0.0057933125756004416	-0.009610372299894546	0.020663454394333196	0.033236693733676166	-0.03198399979961018	0.02280549225592668	0.011990643101921541	0.025856213571275887	-0.01711016190449244	-0.02716913391722977	-0.019140089290560915	0.0071810714023926156	-0.0048147042956449716	-0.005661219102399678	-0.002645238206267445	0.006270019371022139	0.02797601883151426	0.014550584228229616	-0.013559185971416518	0.0062981945680353	-0.010306926986856722	-0.006278284015052091	0.005299799454812844	0.015297614161322366	-0.010346070763519668	0.0025231184334250103	0.0021929939894797476	-0.0009204289552029782	-0.0	0.0	0.0	0.0	0.0	0.0	0.0	0.0	0.0	0.0	0.0	0.0	0.0	0.0	0.0	0.0	0.0	0.0	0.0	0.0	0.0	0.0	0.0	0.0	0.0	0.0	0.0	0.0	0.0	0.0
jr1293	0.09511006458072611	-0.08343645993447724	0.13766930023398924	-0.023485636222226873	0.09126500438901566	0.1241364876053462	-0.028911473308669493	0.17662377798006593	-0.05134016939459983	0.05830203085904197	0.0563889131983593	-0.016554273177093234	0.08533749943886369	0.028542286618229596	-0.002978416508696076	-0.07625874453930956	0.059892265966665206	0.020639707889343262	0.0250838152960136	0.05655658850494344	0.029006074359852793	-0.029896982952424076	0.0006396333026559704	-0.0033812795388394523	0.07179464823612067	-0.001261524849999367	0.025058848042375768	-0.06526169816415694	0.02774917074244602	0.022870755616811747	0.0318354487841142	-0.0035234371752623176	-0.02746464488868036	-0.003003029024572143	0.015974974318530157	-0.03074697896745476	0.0018457441448118085	-0.02410623044225156	-0.013257162032618855	-0.016588725121639874	-0.0023932489810116714	0.011867680139120434	0.001331848499790192	-0.0020555458714607085	0.0001819201166319431	-0.003457334122355923	0.0002156483045814706	-0.0010771990469144422	-0.0	0.0	0.0	0.0	0.0	0.0	0.0	0.0	0.0	0.0	0.0	0.0	0.0	0.0	0.0	0.0	0.0	0.0	0.0	0.0	0.0	0.0	0.0	0.0	0.0	0.0	0.0	0.0	0.0	0.0
jr1296	0.1652063293036918	-0.011028369813717381	-0.09831029886145067	0.052183193495297105	-0.007931830907740453	0.002972084664250509	0.0034409544710198242	0.01313432572189095	-0.012594480008631182	-0.0075207460103895755	0.02412783588761056	0.029023831966116576	0.007068455260579849	-0.015567545017858172	0.007898771404575023	0.027546770976900153	0.004026126560775811	0.00673080800784223	-0.013467124735188924	-0.003297945088996448	0.00564603897309024	-0.009237151238021196	0.01624425649651583	-0.0015053198903152555	0.024659239418368693	-0.038619838545839225	0.02066243636772301	0.01881770960393088	-0.0011568039921708232	-0.00796964600513383	0.013886154639109192	0.0048034344264959805	-0.04007121558065023	0.04299273415575228	-0.036865430418184304	-0.0317438337180326	0.0022528429398889064	0.019752452695854576	0.0055531813194041576	0.023704902938229758	-0.035364538441783146	-0.0047234260323429636	-0.015840261738624	-0.027787021255823986	0.00405992575559395	0.003250329686773965	0.003447541858386498	0.01035428479143134	-0.0	0.0	0.0	0.0	0.0	0.0	0.0	0.0	0.0	0.0	0.0	0.0	0.0	0.0	0.0	0.0	0.0	0.0	0.0	0.0	0.0	0.0	0.0	0.0	0.0	0.0	0.0	0.0	0.0	0.0
jr1298	0.14314697733279855	-0.03747989370211617	0.010381446205812382	-0.013796272776635062	0.03186960401027331	-0.0023043197491490774	-0.025834244677578784	0.08196494090805347	0.024421463244203436	-0.058429340364281886	-0.012497037616028122	0.047243732351787006	0.08174029109886803	0.06799585817677416	0.08603579957364789	0.05951273681686921	-0.06382947831536337	-0.028981571976027066	-0.09582443056225227	-0.02378869248866328	0.04072814565995298	0.016400060818852147	0.09706232695355793	0.017619758504164692	0.09025245924553461	-0.0003262502069287331	0.01118278677311063	0.02253756111027942	-0.013522149761968964	-0.011959205013994117	-0.07936403592885818	-0.027509908419359356	-0.019509569608711322	-0.0016326391464351914	-0.009973726974439703	-0.006428222869184036	0.030857795725021474	0.020732012240264712	-0.0043471291348316675	0.010900093679357035	0.000631389070783498	-0.003106527023287966	-0.014822732060140462	0.006573383758933133	-0.004848475910195383	0.0001996593549210861	0.0012676207930367872	-0.0018772346756773296	-0.0	0.0	0.0	0.0	0.0	0.0	0.0	0.0	0.0	0.0	0.0	0.0	0.0	0.0	0.0	0.0	0.0	0.0	0.0	0.0	0.0	0.0	0.0	0.0	0.0	0.0	0.0	0.0	0.0	0.0
jr1299	0.08531992955695433	-0.01471560145773098	-0.17466820092920204	0.034841319133755586	0.06599560062572059	-0.02368116159820917	0.005515683190495984	0.04494370125322856	-0.00578144552853669	-0.1647309197536307	-0.13677540634539823	-0.04475261107531865	-0.031302211894235404	-0.018486026770879065	-0.06318023947239584	-0.03435170315000198	0.04132795535003553	-0.01450803210581905	-0.01930195400775673	0.009885805081803594	-0.012674610004603277	0.062432083301725456	-0.05174971079871807	-0.02587756869985205	-0.025082417017728204	0.0038126784311141976	-0.0011201253366592923	0.018280535613329766	0.028519437814493565	-0.003150409630228842	0.005942926960584751	-0.0545575788678545	-0.06435715589716748	-0.027072058953432485	0.041341637551152784	-0.03495317350096567	-0.019256392236652955	0.048874497868118205	0.022120986801260817	-0.021307992995565458	0.012929840018653056	0.003882671215455203	0.004555976574408842	0.007487527988706609	-0.015899270743553337	-0.001758688791536733	0.0015426717796392954	0.0010061636207880228	-0.0	0.0	0.0	0.0	0.0	0.0	0.0	0.0	0.0	0.0	0.0	0.0	0.0	0.0	0.0	0.0	0.0	0.0	0.0	0.0	0.0	0.0	0.0	0.0	0.0	0.0	0.0	0.0	0.0	0.0
jr1300	0.1749276786951448	-0.025290541199480886	0.12952040925963368	0.03555610551031262	0.13649397401987207	-0.012393994033372595	0.013914556136412008	0.0757992282471577	-0.08788589833707143	-0.08382138632626193	-0.08772772681959223	0.03739567005935981	0.0038412560958115773	-0.0030843754155836884	-0.10836921674502248	-0.007046207446552219	0.033781599934814034	-0.045611093477040045	-0.046818860508948304	0.008868972894936957	-0.010899107178617482	0.007387275703033715	-0.020369285207719863	0.016820256537224087	-0.005038999382562112	0.014737298362218246	-0.01661996943902221	0.015802594611958716	-0.001103232899926916	0.0045778819238977446	0.013442780655863566	-0.004508158318877778	-0.008424418892191697	0.011656453012806347	-0.02535836877592272	-0.01217544926370256	-0.010161191274973927	-0.0031555859262658464	-0.014581203151144589	0.0006158169566773726	-0.011634407657756626	-0.0076532302446121	0.0017181732644627797	-0.004529440310724384	-0.0004381467371207709	0.004603774140451072	-0.003150749126454823	-0.003904290334966315	-0.0	0.0	0.0	0.0	0.0	0.0	0.0	0.0	0.0	0.0	0.0	0.0	0.0	0.0	0.0	0.0	0.0	0.0	0.0	0.0	0.0	0.0	0.0	0.0	0.0	0.0	0.0	0.0	0.0	0.0
jr1301	-0.16194631079113658	-0.1300852244030228	-0.03408522231234203	0.1590150236100201	-0.032713797219819575	-0.17174746988234757	0.023380660828737364	0.05136220427905478	0.07800721312867781	0.060464053113505126	0.13966867962903048	0.004536673908637601	-0.04011651824934957	-0.054279388040837775	-0.003033066470179377	-0.05616042757219658	-0.01151196449900987	-0.02403463079055146	0.008172234480618074	-0.04341394690354171	0.004645680024315769	0.09553972739035511	0.05378370366550075	0.0046108442902872285	0.0039274017653414504	0.012031081829838742	-0.01493324237964944	0.04984621501113244	0.04711552034862084	0.022860415384195365	0.019256502032366084	-0.0010364812671841874	-0.016605462473230945	-0.04312014165295009	-0.022919897686186796	-0.01966694055090661	-0.0008928667168999456	-0.02661681721326176	-0.025425428648177806	0.01945461172586915	0.0060075980437126015	0.0024731448079962828	0.010858244091013073	0.0016931212078702613	-0.0010934651448924336	-0.0022591279522035912	0.002164036811600522	0.0012564685653613302	-0.0	0.0	0.0	0.0	0.0	0.0	0.0	0.0	0.0	0.0	0.0	0.0	0.0	0.0	0.0	0.0	0.0	0.0	0.0	0.0	0.0	0.0	0.0	0.0	0.0	0.0	0.0	0.0	0.0	0.0
jr1302	0.18696991060503335	-0.0014497411418715794	-0.07258657751077355	0.06150945273935904	-0.013531456989067199	-0.005054428026812002	0.011091113832515709	0.014593403313537862	-0.020679908268000074	0.0044650898263692874	0.021224870410956272	0.055158487352936277	-0.0285745935144142	0.011278831805214747	-0.003557757206577413	0.0316979315804882	0.0009699795615164618	-0.024318048640670577	0.054601891696446914	-0.007469940390501411	-0.010325999986536565	-0.008173086481023809	-0.0011983251080754482	-0.0010759462701758805	-0.015169791333407968	0.00672066747167084	-0.00020535458913446255	-0.005311934888481459	-0.0029856238900891874	0.006343374801787258	-0.011904594802921657	0.029175643427245955	0.01965408866993539	-0.007371374665505887	0.02828593346833108	0.02339981730501141	0.0024685981869725857	0.0044576455451585196	0.01201773784495448	0.008428152445962336	-0.006416670733854473	0.014769502429444855	0.0075258289031841065	-0.011955179326472935	-0.01334169094233272	0.01354611799725403	0.00208774890173902	-0.0011237474504164494	-0.0	0.0	0.0	0.0	0.0	0.0	0.0	0.0	0.0	0.0	0.0	0.0	0.0	0.0	0.0	0.0	0.0	0.0	0.0	0.0	0.0	0.0	0.0	0.0	0.0	0.0	0.0	0.0	0.0	0.0
jr1303	-0.08144470343036511	-0.09334754836193361	-0.056011724744394524	0.15543636746799058	-0.03130011660311618	0.07410853372415158	0.23419510187593495	0.05508991876332056	-0.06743558183596583	0.11043560131827751	-0.0005933140466294809	-0.05447615569989656	-0.03472560805232872	0.03223965267071946	0.013851941314530521	0.09478544938663862	-0.05128306395348327	-0.00362713923241883	0.07277346512529431	-0.001242158593624528	-0.010959810214089417	0.06542330800823185	0.03135738485383954	-0.07263933248333466	-0.041158870280745496	0.0722484061816514	0.0473836481990229	-0.024830216623824022	0.024705970048789255	-0.028255862881477026	-0.04124746604637155	0.015679676412842895	-0.019904717851612914	-0.007309935617104786	-0.03501113829536062	0.013836102964341289	-0.03162937452129649	-0.004334654768154455	0.022306819713165088	-0.0010619585968474083	-0.015062694562048857	-0.010911093035053306	-0.00179113359865514	0.006552100672005381	0.00021085896761156484	-0.005594483893741277	0.002598125231718636	-0.005778298947088426	-0.0	0.0	0.0	0.0	0.0	0.0	0.0	0.0	0.0	0.0	0.0	0.0	0.0	0.0	0.0	0.0	0.0	0.0	0.0	0.0	0.0	0.0	0.0	0.0	0.0	0.0	0.0	0.0	0.0	0.0
jr1304	0.18706106844397624	-0.014929795736972618	-0.03704456354893269	0.044039223922519063	0.016296726398944528	-0.014050219777688765	-0.0009621615258219528	0.03461606324133522	0.005333389315441937	-0.010063951012558098	0.0019975187891389337	0.019301356805200388	-0.029774080385821845	0.02570012498917071	0.02146542882306814	0.06554432314910827	-0.019640155022910742	-0.0448941112380204	0.015843584375929438	-0.028491449378119628	-0.013794559567830562	-0.011288241713286884	0.01573351077814848	-0.0058343393911399356	0.011968378565666833	0.028089557153335044	0.032404991382962954	0.027631990609352775	0.019003451961033715	-0.03454017679157128	0.03448984723154044	0.042027022902918126	0.004229580694308954	-0.013290437745803959	0.028147502389261732	-0.012475049549977371	-0.0172128445891661	0.035505247430272495	-0.03627762966445625	-0.010284650743915628	-0.004157682113535573	0.013603363891992704	0.004828647731368954	-0.004182288570612025	0.020031090904677046	-0.00813874413796616	-0.00533123459671819	-0.006069373404061761	-0.0	0.0	0.0	0.0	0.0	0.0	0.0	0.0	0.0	0.0	0.0	0.0	0.0	0.0	0.0	0.0	0.0	0.0	0.0	0.0	0.0	0.0	0.0	0.0	0.0	0.0	0.0	0.0	0.0	0.0
jr1305	-0.13746996300783723	0.22899010278975282	0.25771874281372337	0.1927588583589428	0.05350521538354801	-0.03901429431088649	-0.009592875778546192	-0.04287590834457745	0.022026024036962057	-0.007590783934842636	0.011191219871073129	0.010094039069234001	-0.012555077190021288	0.004126172264974183	0.020792682057864907	-0.015011077472206334	0.011038982107122298	0.05980424315987573	0.0122009195646785	-0.00237287102229113	0.022152855231666446	-0.016513761204907315	0.014193187218529024	-0.009649510230127731	0.0057645547378384985	0.0018543849797116212	0.00930121111580523	-0.01886862756046323	-0.011773859059629025	-0.006817607961086054	-0.018869166689384567	0.006440009522594167	-0.004056019715023686	0.018172048728850275	-0.000980579780637656	-0.009933005427797851	0.009095985331719078	0.010874253339567878	-0.010592515380254398	-0.011292555507137205	0.002713300043019232	0.015061554542480482	-0.003939715792022618	0.006273225558735273	-0.0015876610686733782	-0.00704431865931538	-0.0004824931069766248	0.00143393035650851	-0.0	0.0	0.0	0.0	0.0	0.0	0.0	0.0	0.0	0.0	0.0	0.0	0.0	0.0	0.0	0.0	0.0	0.0	0.0	0.0	0.0	0.0	0.0	0.0	0.0	0.0	0.0	0.0	0.0	0.0
jr1306	-0.05311936520734522	-0.07769643675987427	-0.045513351428015776	0.26497650355799307	0.08036053874540791	-0.09992847691067831	0.043365393146102826	-0.09218929585486993	0.009187431379669162	-0.057354687411474446	-0.028123999619364758	0.05227157721156465	-0.021103490471811193	-0.008815280642922469	-0.055415522926993706	-0.0365998985078119	0.026683234836422223	-0.10296499348479626	-0.008454234525350244	0.029804157817911348	0.012939028404207051	-0.011859107966046443	-0.02225551305375121	-0.01633187775550646	-0.012462499195091075	0.011056707399152084	0.009056387640946326	-0.019520766654275334	0.006151617756549188	0.024686994957154002	-0.015394442394306896	0.007145913219471291	0.01539903542511316	-0.014238770401686673	0.015349896565011222	0.04028016116355518	0.015965031098212283	-0.013210257519491375	-0.005340004157508002	0.014244378175733116	-0.010009422566053788	-0.0022471718740056643	0.0029238464252304276	0.0006732718528501307	-8.421023780079308e-05	0.006388358197933817	0.0004032959416261998	0.00035968118102873707	-0.0	0.0	0.0	0.0	0.0	0.0	0.0	0.0	0.0	0.0	0.0	0.0	0.0	0.0	0.0	0.0	0.0	0.0	0.0	0.0	0.0	0.0	0.0	0.0	0.0	0.0	0.0	0.0	0.0	0.0
jr1307	-0.2843503109414466	0.07337843484970119	0.03925309634051485	0.00609618143029241	0.32438724651690576	-0.13373766735745668	-0.001654826615854935	-0.05044865168295121	-0.11972241330524494	-0.03857954793033748	-0.1034798917143778	0.011433944546896033	0.07225598017679767	-0.04672117003281145	-0.04033071879475166	-0.030664905829014308	-0.013758163950820827	-0.035880757602002274	0.013180745117497466	0.005783266924818404	0.0016514483907512049	-0.010708613647655746	0.046418283465873664	0.060012077123910906	0.008334818622214546	-0.0043531440103059095	-0.0047972694981453425	0.009809824020014778	0.02163282125813868	0.010626841106488656	-0.007708979123238007	0.019501112959511284	0.0198401376670096	-0.0056206825521727295	-0.013226933873407301	0.012985566198596817	-0.017678282005451962	-0.0030539913829933287	-0.00013432845356872963	-0.0015125282158847658	-0.012741800695611484	0.0019291002826997128	0.003486855656305055	0.008751900935745986	-9.96457153367893e-05	-0.0070393257434482924	-0.0014383955480393202	0.007138123278319568	-0.0	0.0	0.0	0.0	0.0	0.0	0.0	0.0	0.0	0.0	0.0	0.0	0.0	0.0	0.0	0.0	0.0	0.0	0.0	0.0	0.0	0.0	0.0	0.0	0.0	0.0	0.0	0.0	0.0	0.0
jr1308	-0.08585167556305423	0.2736195318197128	-0.0074643450384717655	0.036839298009296834	-0.20342686702545731	-0.07180966066855926	-0.03742098210225777	0.1416997622701641	0.0059807408145754245	-0.03041411689040643	0.039975532916218075	0.015060202855555836	0.029797621992307722	0.01927850128444838	-0.004247262827928608	0.01492060274855975	-0.06529655246559268	-0.02920378510379116	0.008819401210271409	0.03200113418179271	-0.0015181448662191202	-0.003690161262473725	-0.004473891139434274	0.07730955737054739	-0.04421515022505436	0.007528370349551914	-0.032834572332163546	-0.03872444967742913	0.022480085523985966	0.027953758653645997	0.06825333776064005	-0.002361976857562701	0.02371887464925355	-0.004594380289071615	-0.017948086844687832	-0.029484360061140035	0.007711073034533966	0.038794615841325666	0.03777784947773647	0.00819634913340663	-0.025956325888357543	-0.012110271618505017	0.008943908883674315	0.01902703280856918	0.007313548687680273	0.0069507281637197875	0.00034545849854914645	-0.0006100881585045076	-0.0	0.0	0.0	0.0	0.0	0.0	0.0	0.0	0.0	0.0	0.0	0.0	0.0	0.0	0.0	0.0	0.0	0.0	0.0	0.0	0.0	0.0	0.0	0.0	0.0	0.0	0.0	0.0	0.0	0.0
jr1309	0.17715081173488936	-0.008338245575896651	0.045590936386460994	-0.09802293462755952	0.0011960940888923292	0.04186879349805789	-0.0057201069324011025	-0.13353455436005707	0.03577326353638867	0.04154656799039592	-0.018010041907575023	-0.03382204262631945	-0.0191592886367237	0.19274381440352045	0.04865159048369785	-0.04420440839258506	0.060639777489805424	-0.135989757564285	-0.03356337110097355	-0.022256189231588838	-0.0671467310514662	0.009166016183921115	-0.011410008532331926	-0.013174601599649368	-0.0012227395954074857	-0.012679017823718431	-0.009602799008777457	0.008644462238051064	0.015623676075568662	-0.006510771098615785	0.010295604307134347	-0.0027935373131915964	0.003753439856899393	0.0006651763881910548	-0.03722515032147091	-0.002672712978266161	-0.0006120071482327171	-0.005495037052152521	-0.004721562099054305	-0.01709272930096463	-0.010083804787081123	-0.0006372935472085277	0.006454825729519437	-0.004632618620557111	-0.005336391578893674	0.0022261152062702885	-0.002101746965678137	0.0008539933767919493	-0.0	0.0	0.0	0.0	0.0	0.0	0.0	0.0	0.0	0.0	0.0	0.0	0.0	0.0	0.0	0.0	0.0	0.0	0.0	0.0	0.0	0.0	0.0	0.0	0.0	0.0	0.0	0.0	0.0	0.0
jr1310	0.17810053438900628	-0.004813942033618278	-0.07754983239228731	0.05234528666400156	-0.004459887379662034	0.004772844258143228	5.914532738471068e-06	0.008885348356048775	-0.01615707423218799	0.002380229776033299	0.016686972380029474	0.027504133832079065	0.00809376716791743	-0.004959489764326326	-0.0019823572633170723	0.008440631606754215	0.004444521728933733	0.008664779128780343	0.00020312054164035645	-0.01034104870182357	-0.009920345733819844	-0.0056923964873967035	-0.005270424643355775	-0.0008401139157936037	-0.007219853080481443	-0.009230270862326676	-0.007994990355195153	-0.014402616948387856	-0.01963022063818833	0.010251937157725155	-0.007133453790431853	-0.012024850440116653	0.008100359769271164	-0.006437768519977363	0.0014177750653252912	-0.010080918599489088	-0.007140781164549581	-0.0063624994317647236	-0.007135371392986989	-0.005068757903447526	0.003592849801366569	-0.017361167905133767	-0.0021905193576900583	-0.00971720040613024	-0.0008608683630531901	-0.01179066948143519	0.016516409164607275	-0.002517727156097002	-0.0	0.0	0.0	0.0	0.0	0.0	0.0	0.0	0.0	0.0	0.0	0.0	0.0	0.0	0.0	0.0	0.0	0.0	0.0	0.0	0.0	0.0	0.0	0.0	0.0	0.0	0.0	0.0	0.0	0.0
jr1311	0.046230943210372896	0.2939249502356443	0.12579233563596828	0.0640681582161751	-0.012828993001483784	0.05355504513121004	-0.039798132312499394	0.047145468293383334	0.02709595022011111	-0.012776502577936166	-0.014228033222558438	0.00047239140327416413	-0.03344469620807566	0.02938004549373089	0.013197786711032097	0.038675422226052025	-0.03514128969344403	-0.02708441972554368	0.023720170908212584	-0.04114057731993071	-0.0002239101089983837	-0.03013433398542918	-0.004572611767863674	0.027908057498033625	0.012292835682879602	0.015945650103973103	0.006924687644109545	0.023513426778162372	0.028509180063954757	-0.03354724976178948	-0.005076903014709854	0.03126108426042527	-0.0032505387892374903	-0.0020632624214613443	-0.005993965955242665	0.0027418500477859355	-0.02282964573150006	0.007839222837236693	-0.005516603693123506	0.01143596723449518	-0.009156323747980264	0.01106053506380719	0.003369173303674645	-0.002977780611656303	-0.005779996893729932	0.0031650994622184118	-0.005401395722620967	-3.422255675714129e-05	-0.0	0.0	0.0	0.0	0.0	0.0	0.0	0.0	0.0	0.0	0.0	0.0	0.0	0.0	0.0	0.0	0.0	0.0	0.0	0.0	0.0	0.0	0.0	0.0	0.0	0.0	0.0	0.0	0.0	0.0
jr1312	-0.0454796116573832	0.2716756944682772	-0.007541365160855298	0.17978568545320123	-0.022125433281081696	0.03134102713532316	0.04193404325954457	0.009630296046258344	-0.008730031222284966	-0.06607162873249164	-0.07747959257602224	-0.0074923473779189955	-0.01674982887500034	-0.027230041890680647	-0.08494614714948748	-0.029350434014996665	-0.014861336463203392	-0.032943159979789624	-0.03510399535388365	0.014665242664312019	0.041549294851254026	-0.0018333834798642536	-0.01468492390952004	0.007350036026026982	-0.033626915106878374	-0.0070903954776513015	0.0072515346096746255	0.008861821845004253	-0.011150557105440115	0.01795331414655159	-0.011316620540904395	-0.0025497319546468806	0.0033058135532338826	0.00037421938682841453	0.00965895401480314	0.0078085331046820255	0.026214215143405228	-0.020137624130715584	0.005542943164920234	0.014733479820741852	0.015930532623910726	0.004371300099285553	-0.0022508681657094753	-0.016183792055152628	0.0018965219313803582	-0.006564042366720543	0.004277525587119345	-0.01023907805681526	-0.0	0.0	0.0	0.0	0.0	0.0	0.0	0.0	0.0	0.0	0.0	0.0	0.0	0.0	0.0	0.0	0.0	0.0	0.0	0.0	0.0	0.0	0.0	0.0	0.0	0.0	0.0	0.0	0.0	0.0
jr1313	-0.2867808983089483	-0.06567168052617584	-0.06773197763466823	0.0023985617366191502	-0.12568134219518176	-0.10704439407202518	0.11096957042061845	0.1213246401589227	-0.10588474318039255	-0.06564026683540639	-0.1114594878236458	-0.06652677065805342	0.026476535710070997	-0.0019461906098960902	0.20961669177446834	-0.06097699390797727	0.17102023062160127	0.03925170355207147	0.06320424074197498	-0.1027937527668687	0.04303651444766312	-0.09286108761277369	-0.028518505233238664	0.02977590051607228	-0.03194199288025357	0.036740278146343106	-0.015911841188531232	0.03569112892377193	0.007621740343676344	0.022939259928857363	-0.02073187527025167	-0.014650402607202843	0.0026808232055274515	-0.003189835131301453	-0.005172223632043019	-0.008117606854415402	0.005260663389923678	-0.006454348287696429	0.00020285548602895793	0.003661339407609255	-0.0030894689000553225	0.003201419844846967	-0.00591257220646092	-0.003743575545310269	0.002072493915366557	0.004343378329296044	-0.0002937912348513832	-0.0027320805859634254	-0.0	0.0	0.0	0.0	0.0	0.0	0.0	0.0	0.0	0.0	0.0	0.0	0.0	0.0	0.0	0.0	0.0	0.0	0.0	0.0	0.0	0.0	0.0	0.0	0.0	0.0	0.0	0.0	0.0	0.0
jr1314	0.15782823586631844	-0.03000770489168955	-0.09043420550739856	0.0402694981935226	-0.014962827069693724	0.05912336144462272	0.00772483312475507	0.02312244897515276	0.001557706943897105	0.047152100239558146	0.04119228253319488	0.00020439054796043903	0.01267925806358575	-0.018820610751910036	-0.023181623342701543	0.006966757566907829	0.012387995672186979	-0.015399591567892454	0.026578466173667752	7.446496752594427e-05	0.0215859368214001	-0.004858592439769016	-0.0008240477607973454	-0.004564697198203271	-0.019456232408082877	0.03990189903713075	-0.006442863698293831	0.017283134398679314	0.010035217684731706	0.034273417886641275	-0.007973846675137078	-0.012587810256591602	0.024181559891305996	-0.016012341743487504	0.009765364570774074	-0.01351827518979555	0.01687501510827055	-0.008756161061941445	-0.015235077081722417	-0.02116001022883887	-0.005116243726565174	-0.011616607093517329	-0.006676923420946147	-0.0008278567774457515	-0.012850250357200272	-0.027698593168926207	-0.013921779304311713	0.0038368194376186167	-0.0	0.0	0.0	0.0	0.0	0.0	0.0	0.0	0.0	0.0	0.0	0.0	0.0	0.0	0.0	0.0	0.0	0.0	0.0	0.0	0.0	0.0	0.0	0.0	0.0	0.0	0.0	0.0	0.0	0.0
jr1315	0.009944243616692735	-0.036436151029107	-0.12776290436453216	-0.04119122655126239	-0.13607531693626487	-0.15501451683605727	-0.04280680423107688	0.1598724738104401	0.01335603791161556	-0.06750157652465884	0.025370140533105434	0.020419978432746663	0.058155968313634995	0.07976141432101704	0.03117862698083344	0.031402429618184624	-0.06473241915306896	-0.027417932801307485	-0.003769373838211217	0.10422096505407813	-0.025780695255211598	0.0526040797604884	0.021381998035509414	0.06628156749853546	0.026935969943963432	0.027331729675458608	-0.042531893298100594	-0.00784067324026976	-0.021547482319636435	0.01709941402141496	-0.07155650966863879	-0.030761300494939036	0.019108117570480598	-0.013004003881002228	0.02897833648466211	0.01776931571217386	-0.014194803083830877	-0.01489227895690771	-0.008170426121575715	-0.021497986825441087	0.0003496046864452997	0.008438488817497026	0.008790198442723432	-0.012058584072387532	0.004138137574282479	0.003618206881033716	-0.00018254916708592434	0.002183131364432214	-0.0	0.0	0.0	0.0	0.0	0.0	0.0	0.0	0.0	0.0	0.0	0.0	0.0	0.0	0.0	0.0	0.0	0.0	0.0	0.0	0.0	0.0	0.0	0.0	0.0	0.0	0.0	0.0	0.0	0.0
jr1316	0.045194810619381395	0.3106266216565549	0.22100169294297098	0.05056434546200367	0.008982412398448209	0.034051039863485524	-0.038412415041713964	0.06303523537936088	-0.028132935310555673	-0.018403490965607703	-0.0023303615648914773	0.036203348656913194	-0.04144357775529389	0.01620299114743001	-0.023557613571856977	0.026092900896719257	0.016372972362196297	0.02777517439930504	0.05300788441600398	-0.003355368930461351	-0.012623824402711236	0.003744811359545858	0.014777118080497652	0.013105735468475235	0.0018186790197796568	0.01956107935698453	-0.0045864187787839515	0.0013104105331259862	0.003623621951757962	0.008439197816932227	-0.0041846248424196415	0.028634132608839454	0.0003257267503274927	0.00788880464617779	0.020544506319654054	0.007139150621845287	0.009822396771633267	0.010512283370123237	-0.006803902880233067	-0.008768594394928398	0.00890038439204241	0.00923992034066128	-0.010424121929463098	-0.003776680366890365	-0.0035724584827532195	0.004989143120070159	-0.0003268986180990685	-0.0005138860062266146	-0.0	0.0	0.0	0.0	0.0	0.0	0.0	0.0	0.0	0.0	0.0	0.0	0.0	0.0	0.0	0.0	0.0	0.0	0.0	0.0	0.0	0.0	0.0	0.0	0.0	0.0	0.0	0.0	0.0	0.0
jr1317	0.013742210271346032	0.3339554372098262	-0.031534561325795386	0.012560302488265273	-0.1305578676807613	0.0836362346060044	-0.00990408959896443	-0.13158849248887125	0.03248746433213387	0.018985173771184697	0.0007211939824966619	-0.03071228512605399	-0.03400210733127559	0.106627649385324	0.010331798920106806	-0.05987604463618871	0.051890487487601014	-0.06063293658792726	0.008821983723798018	0.009649214603030493	-0.041382994206380266	0.01847016733448007	0.028006616000901763	-0.008466106598592153	-0.013084105735859266	-0.012768280484373814	-0.005337839196513536	0.002474047177093469	0.011007115655524848	0.00407356327950051	0.00192319368377911	0.0013226271427758556	0.0060838044088088504	-0.008292502282226583	-0.0066914622260015166	0.0029326604950869104	0.02402181705301726	0.007068921903199497	-0.008848315669801363	-0.016587151549531987	0.009223476034610342	0.005391251476555483	-0.010126499270016607	-0.005210688448035189	0.0009610538573602901	-0.001744828925954816	0.001607127403071941	-0.0005365127709052696	-0.0	0.0	0.0	0.0	0.0	0.0	0.0	0.0	0.0	0.0	0.0	0.0	0.0	0.0	0.0	0.0	0.0	0.0	0.0	0.0	0.0	0.0	0.0	0.0	0.0	0.0	0.0	0.0	0.0	0.0
jr1318	-0.10925802129683197	0.20817357762295835	-0.21173297034306365	-0.18244023956856362	0.21592678107890986	-0.059808748173367274	0.021316726533819906	-0.045402699333684265	-0.05159704392042706	0.045049246407442976	0.0014189290223453194	-0.016473885798770276	0.038004391009228235	0.031276801374745686	0.029901777858798533	-0.0028637690233445554	5.04647887732261e-05	-0.027467122038248665	0.07380062911496736	-0.016351836420718347	-0.06840746103639055	0.041340772384068865	-0.007889840544545147	-0.0010300386867955359	-0.02730026430482769	-0.02305413353026812	0.027830091233815416	-0.04596048243595454	-0.0908281114567275	0.01049732431078289	-0.01657287323544334	0.029771684085776844	-0.006181477833517783	-0.039160502314916155	-0.00043239980738469174	-0.05841853341014045	0.03319427409993788	-0.020841835383044155	0.0015308000885525203	-0.001043337644797735	-0.00732224099309487	-0.011338199998442171	0.002160473650661115	0.004393565909563694	-0.0018390371649707477	0.0005278831244915224	-0.0017677565385105076	0.0013167303420760776	-0.0	0.0	0.0	0.0	0.0	0.0	0.0	0.0	0.0	0.0	0.0	0.0	0.0	0.0	0.0	0.0	0.0	0.0	0.0	0.0	0.0	0.0	0.0	0.0	0.0	0.0	0.0	0.0	0.0	0.0
jr1319	-0.013988936210122248	0.2947549287838152	-0.01923083612098648	0.07746357432465988	-0.0845942127255986	0.09060632172920569	-0.0450272617713786	0.010734386144017038	0.01060117774825271	-0.05314175875412235	0.016694272470118197	0.05319246505215155	0.035716616679350145	-0.017486690101192144	0.00269519267483862	0.005644685451893085	-0.02865122370946705	0.08372022149214108	0.024753249569527132	-0.02601205427688705	0.015805256841848955	-0.019023733734233467	0.024072178302754817	-0.08119938682682186	-0.05492079478721922	-0.04715007323031013	0.010226780342336915	0.02637056044389834	-0.019191195484223666	-0.018125819061778074	0.0009820811481176855	-0.055925344373918814	-0.04212757185493706	-0.022481025561846366	0.022309629113489906	0.013199752592637745	-0.019102998697960772	-0.027094820788164938	-0.04284381254241989	-0.005398333891132943	-0.021971564090115338	-0.011726544778803515	0.009689189101345082	-0.004862256192245512	0.0014747562292026868	0.012379556117726767	-0.0031307361388062216	0.008766233843643719	-0.0	0.0	0.0	0.0	0.0	0.0	0.0	0.0	0.0	0.0	0.0	0.0	0.0	0.0	0.0	0.0	0.0	0.0	0.0	0.0	0.0	0.0	0.0	0.0	0.0	0.0	0.0	0.0	0.0	0.0
jr1320	0.10182412672495299	-0.0755327348795122	0.17320857781691312	-0.13922722371155993	-0.032366686313337875	0.02143363124007244	-0.0357760779696971	-0.05847748400753878	-0.06851466021448806	-0.0430728323102643	-0.030504271355987496	0.08529225830029474	0.18643765403363632	0.07064966121463702	-0.05039962854351456	-0.029179342482224528	-0.00432872317734308	0.11510669144148161	-0.07298883660310038	-0.08503153935449098	-0.02186289719157377	0.01298590415379623	0.06999850078331174	-0.08570086790196656	-0.02089453479911426	0.02360237708153847	0.020629885555659866	-0.0015630921251017702	0.04572328019399181	0.03595852848057374	0.002486169542399261	0.012556563154867547	0.03513120113451767	-0.04737331457572997	0.00728511865401283	-0.00526487411006068	0.017789898254625465	0.01703536041911012	0.02651004631093381	0.01759656169982154	0.004868975436290062	-0.004872841964886575	0.0091558126411943	-0.004722771099998533	-0.00010980898400805905	0.0022877458751445205	-0.0026511735985928204	-0.00334834287809445	-0.0	0.0	0.0	0.0	0.0	0.0	0.0	0.0	0.0	0.0	0.0	0.0	0.0	0.0	0.0	0.0	0.0	0.0	0.0	0.0	0.0	0.0	0.0	0.0	0.0	0.0	0.0	0.0	0.0	0.0
jr1321	0.18382711526437479	-0.025529294487812028	-0.06766638112408267	-0.011165796137931012	-0.06899344206947002	0.02462474572064195	0.013028110793981784	-0.0852626531319679	-0.024273720453260022	0.013851419793617639	-0.0037023396964792525	0.009692939623396776	0.012159823308440749	-0.02003852734916867	-0.012734435474890438	-0.013572400835063246	0.000521068238087107	-0.005887634272095134	-0.00220824529687877	0.0007323412764238867	0.007961557469916026	-0.013580113259203429	0.01307517247142716	0.017973526030809487	0.007745418465712391	-0.01448424571325361	-0.006311588680962152	0.0020518868639566755	0.007261450650120097	0.00012959992990208786	-0.008382603435393295	-0.016137492578065557	-0.01990172912834183	-0.01436329383099294	-0.03872843882147009	-6.991017106142147e-05	-0.02321866220775247	0.018278756092206385	-0.03017479007958124	0.0049940832299428545	0.0023763927447806037	-0.0003029652649093951	0.006678808289454498	0.011153587539559334	-0.013674041268730562	0.00461937213508607	-0.0035083992084502373	-0.003333519542734211	-0.0	0.0	0.0	0.0	0.0	0.0	0.0	0.0	0.0	0.0	0.0	0.0	0.0	0.0	0.0	0.0	0.0	0.0	0.0	0.0	0.0	0.0	0.0	0.0	0.0	0.0	0.0	0.0	0.0	0.0
jr1322	-0.09254602927807883	0.14928517492894902	-0.07610813884549454	-0.28520914853486296	0.08331352364791039	-0.14087916939036607	-0.02954909512408959	-0.04536298550240029	0.041050353456830724	0.047768530869348354	-0.04210319725006522	-0.10632143515356361	0.01932493505379452	-0.008259602356779024	-0.009632324401296119	0.03295863712415232	-0.04935674631807336	0.0329380735070374	-0.02496534801084464	-0.04559512514162624	0.07609390861747097	0.022343647321381516	-0.07800714858559574	-0.02218425036766383	0.05878996174052155	0.0585467975496714	-0.014671252577444895	-0.02454268191510846	-0.03602264223913359	-0.011303054634542502	0.01947641431089696	0.04469020131057222	-0.05168006381299351	-0.04361996681260803	-0.014254257732148614	0.018601882295346144	-0.0016798034473028876	0.0029049745194637783	-0.009583104950578914	0.0014076594955205889	0.008069766865690324	0.010714820117064199	0.0018670609106404717	-0.0030259599656556435	0.002925158536875508	0.0091050711446129	0.0009518882719218605	0.000111747608105458	-0.0	0.0	0.0	0.0	0.0	0.0	0.0	0.0	0.0	0.0	0.0	0.0	0.0	0.0	0.0	0.0	0.0	0.0	0.0	0.0	0.0	0.0	0.0	0.0	0.0	0.0	0.0	0.0	0.0	0.0
jr1323	-0.11743331665137126	0.13529418250748956	-0.2053101231059251	-0.10359878751254364	0.155426139418945	0.022740817318073318	-0.005711923308223252	0.011828414287684452	0.0017522494627098875	0.08549777360575335	0.07810760921814129	-0.081482733811405	-0.07001669627411371	0.11560527712096316	-0.03445566459496224	-0.004146435564694265	0.08340795286004656	0.06356410945806648	-0.06412446189473385	0.04700003749208347	0.035106654088048604	-0.00962659923502979	0.08987146863856262	-0.0030250501436937453	-0.04065177875876231	0.016093531137981197	-0.006781179041204963	0.01723770110681207	0.0035823363581929204	0.026179535238618868	-0.004854179711005209	-0.012706549176093356	-0.031565602900176265	0.059293193342311055	0.00823460832581612	0.003146443010129075	-0.010847069065782441	-0.0007656997125169845	0.017799293094278242	0.02561585185661391	0.012681424927448014	0.021707339063101242	0.016307932033371803	0.0042215951424433565	0.00593337440259538	-0.0077801391932759145	0.0006980706537219519	0.003281459405263651	-0.0	0.0	0.0	0.0	0.0	0.0	0.0	0.0	0.0	0.0	0.0	0.0	0.0	0.0	0.0	0.0	0.0	0.0	0.0	0.0	0.0	0.0	0.0	0.0	0.0	0.0	0.0	0.0	0.0	0.0
jr1336	0.2239669793436822	-0.0666128248339686	0.2259774680740506	-0.11244229796168201	0.0024710542445465352	-0.012488720867459252	-0.015921752668546955	-0.06452278125481199	-0.05947373856237261	0.03585663183450605	-0.03202224237561366	0.06839202882435755	-0.07810096445537723	0.001549332360438318	-0.02549170394450063	0.005176604567102439	0.05117381701124175	-0.026786231283703395	0.06741680707696765	0.021134939695840377	0.041969627112888076	-0.03620729916898559	0.04838660432452773	0.011736589312975585	-0.0025848597771554577	-0.002365773017500502	0.011244082986421136	-0.018930623510714586	-0.038949548352175914	0.007724633968546284	-0.019456622817392872	-0.006349243095090074	-0.003200692394134666	-0.012147023231569971	0.014864560169800048	-0.00455154024439382	-0.03667703091647854	0.024178624779729634	0.01262988493383554	0.0007911483865325614	0.0026342665662608335	-0.002455931156917663	-0.0008960651932343302	-0.010395718078856392	0.009961613644124548	-0.004121328345167347	-0.0028044408778777276	-0.000989146261187286	-0.0	0.0	0.0	0.0	0.0	0.0	0.0	0.0	0.0	0.0	0.0	0.0	0.0	0.0	0.0	0.0	0.0	0.0	0.0	0.0	0.0	0.0	0.0	0.0	0.0	0.0	0.0	0.0	0.0	0.0
jr1337	0.13801963776556564	-0.08136220629745058	0.2255761178842215	-0.16816853248010297	-0.10280599533021507	-0.1696091000411487	-0.04949265048531856	0.015476701808118986	-0.057035048687755704	0.06360990558220182	-0.00016769740877656372	0.014033499629954968	-0.05980560785108372	-0.046892034436800505	-0.06361981741715585	-0.012278367857541068	0.024125306856821578	-0.005092750861199436	0.012940959366710997	0.015301213491806931	0.026632581953378937	-0.026121214762064908	0.01420553869906898	-0.01699363064475938	-0.018840137856950115	-0.03347079070629099	-0.012468316560791533	-0.02483054668776637	-0.038201571798383877	0.002465379963420023	-0.010144602142156645	-0.03408470397781352	-0.004121382531148555	-0.003118701758114196	-0.03307573060847992	-0.010369110156254137	-0.01716409702448245	0.0009354922455678701	0.006132402727917454	-0.01549141048829275	0.007503861744822907	0.0008345764807376613	-0.002405904473327482	-0.0011427365813549738	0.001969007538715831	-0.00099415985901176	0.0028365354800117533	-0.0007582440871142959	-0.0	0.0	0.0	0.0	0.0	0.0	0.0	0.0	0.0	0.0	0.0	0.0	0.0	0.0	0.0	0.0	0.0	0.0	0.0	0.0	0.0	0.0	0.0	0.0	0.0	0.0	0.0	0.0	0.0	0.0
jr1338	0.06610116797924277	-0.04362192127483806	-0.09263767173051898	-0.07356519208835668	-0.18252065596453737	-0.06104198093539234	0.03669085038966929	-0.038810448220704834	-0.0016829129488690206	0.002331587219690152	0.0452921204340054	0.037822986078442006	0.06670889174718232	-0.03910810205614893	-0.10984944478857142	-0.0638997940518804	0.0046074002352758684	0.02091126221383354	-0.0651289995834889	-0.1485091512064617	-0.08712978720969769	-0.0020227771186940736	-0.017965825821942602	0.0891813178048716	-0.019602767969805594	0.06295841289970891	0.06436463747169799	-0.06011610415843685	-0.004578058947723963	-0.03867204840603039	-0.01827058683389826	-0.0022064199852549816	-0.0027535882381861977	0.05953542760927043	0.019186863367457233	-0.0019443481519419944	-0.02018362934313304	-0.013595996437051817	-0.011304139890770119	-0.006704638003512414	0.004463314410704428	0.005899926810745792	0.004032809159310905	-0.003041573720714172	-0.0007444488178714746	-0.0016242627146226415	0.0022828640217423565	0.003543196993542646	-0.0	0.0	0.0	0.0	0.0	0.0	0.0	0.0	0.0	0.0	0.0	0.0	0.0	0.0	0.0	0.0	0.0	0.0	0.0	0.0	0.0	0.0	0.0	0.0	0.0	0.0	0.0	0.0	0.0	0.0
jr1339	0.055934703523122166	-0.05022147518277038	-0.11351867091460564	-0.11144685350831667	-0.1739307671855622	-0.13931104364809718	-0.017640918233769298	-0.0033746424295930263	0.02592505096457644	-0.008736696683642839	-0.02509609110900184	-0.04558049449423186	-0.0024888310885090494	-0.00016374775324830222	-0.0802123904217569	-0.0033300339642555322	-0.024110599569660968	0.028757101505053558	0.03777365218024887	0.028920156491864878	0.002094548637217101	-0.01690426616922497	-0.01979221065411868	-0.041998460578028085	0.007370237266236061	-0.08301733013708629	0.03971301884037209	0.0515804603593985	0.059227036184330985	0.07302952902541654	-0.047437026632420304	0.08440357365876226	0.010300205259599458	0.04295768717645535	-0.004264552322730108	-0.01929060321334158	-0.005316591009319523	-0.007605844327163947	-0.0027998221276087083	-0.019093274749353205	0.00231916317128573	-0.0019393204282264858	-0.018094974466484615	0.008937951001755842	-0.0042108506231941555	0.006010396111381677	-0.0005326971097172728	0.0008825965189754515	-0.0	0.0	0.0	0.0	0.0	0.0	0.0	0.0	0.0	0.0	0.0	0.0	0.0	0.0	0.0	0.0	0.0	0.0	0.0	0.0	0.0	0.0	0.0	0.0	0.0	0.0	0.0	0.0	0.0	0.0
jr1340	0.13724434213424935	-0.0716708171112204	0.07749631888316512	-0.1286536838622635	-0.15261761175311828	-0.1660345732308381	-0.04559884972953308	0.012391118315732535	0.020440812789392523	0.06355118208738021	-0.017753158451253106	-0.024012872696630223	-0.08577464194028234	-0.020848916813063233	-0.01686905165907625	0.04807545871700177	-0.04044399712560601	-0.10690945345641575	0.009864845145300144	-0.035208523148100815	0.059899579808233225	-0.05764315166786512	0.03211442451475724	-0.011792644416249835	-0.02084394508632672	-0.006844555681952906	0.018399391754803943	0.022263101160774505	-0.017276769856121674	-0.022695719503877637	0.005843036924664248	-0.0026340732903623438	-0.005530135571517841	-0.02403751217897154	0.02687048508429691	-0.005801387182046055	0.00573176802944985	-0.007785364007470299	0.02020236789955043	0.02287642806414716	0.012344052908931367	-0.006065931530113072	0.0024728317138091355	-0.008121075598207836	-0.004355724071626156	-0.007678873176740713	0.0014640790823350178	0.004659315823001648	-0.0	0.0	0.0	0.0	0.0	0.0	0.0	0.0	0.0	0.0	0.0	0.0	0.0	0.0	0.0	0.0	0.0	0.0	0.0	0.0	0.0	0.0	0.0	0.0	0.0	0.0	0.0	0.0	0.0	0.0
jr1341	-0.01748492357097744	-0.031805124194428436	0.15980537869312933	-0.17211907705583696	0.023758545916229234	0.059785255209927717	0.14844538431854762	-0.09045587475463306	-0.13782160300579058	-0.3602039678597146	0.3193148969914174	-0.17090970135311406	-0.027556655581429734	-0.028431360054379563	0.007166653810049927	0.021513094689956675	-0.031140111671538462	-0.03258277979186504	0.004991074287526056	0.0038928444198420447	0.009362686277249404	-0.012604618191106533	-0.006800948039388852	-0.009668771699408904	0.0006855114281754726	-0.007184691120296616	0.002843795251530598	-0.0011029184771980582	-0.00038316564349629253	-0.002504311432481307	-0.0016357872682249558	-0.00031648886691192416	0.011640510229939172	0.0002820198278995279	-0.0013302966290870038	0.0033897767794058005	0.002215174785628724	1.9828534253295426e-05	-0.0006887017860258786	0.001128754292596807	0.0007404572984150077	0.0005015808946224233	0.0008411763244264639	-0.0007907841819860084	0.00023747831687277328	-0.0009751400386831843	0.0007564857034212618	5.400269426831859e-05	-0.0	0.0	0.0	0.0	0.0	0.0	0.0	0.0	0.0	0.0	0.0	0.0	0.0	0.0	0.0	0.0	0.0	0.0	0.0	0.0	0.0	0.0	0.0	0.0	0.0	0.0	0.0	0.0	0.0	0.0
jr363	0.1385725898100138	-0.01365928210904087	-0.1435673401714796	0.006561800603552639	0.023641290066708977	-0.001969725079675312	-0.03460172717421583	-0.003869531361397358	0.022019775351021984	-0.04625992565577139	-0.040518291687116244	-0.027304443122340073	-0.009204788966859499	0.015282398215840097	0.010716089790483338	-0.0005629680412749479	0.020928379900784874	0.07549728954547859	0.05079578222408184	0.015232289517513653	-0.010387946998903032	0.0361313381342286	-0.05046324304397862	-0.020232013960956988	0.03176254331899528	-0.025285069732654996	-0.016826783685689153	-0.01440168166169646	0.01033422673584732	-0.002797242985954851	-0.03478925134268445	0.004280376756893489	0.025360001492040953	0.02577223172845565	-0.0062224826438248655	-0.0017840719495822378	-0.014248372021068946	0.007290159484112902	0.01431591635178256	0.010421223108042062	-0.012505427883477395	5.272704936345662e-05	0.01449072219174618	0.004538893830929153	0.00532411551321364	-0.006964508491301772	-0.0035019338024364455	0.0030826187773587764	-0.0	0.0	0.0	0.0	0.0	0.0	0.0	0.0	0.0	0.0	0.0	0.0	0.0	0.0	0.0	0.0	0.0	0.0	0.0	0.0	0.0	0.0	0.0	0.0	0.0	0.0	0.0	0.0	0.0	0.0
jr367	-0.36851114646230826	0.01731222157432466	0.03588151597432329	-0.31800365192004143	0.02380670152630117	0.03450312622385461	0.3267549952397064	0.073443297450031	0.32179244648493	-0.08701110748031711	-0.013259281286520147	0.22591201474733943	0.02187382705958052	-0.0006884440678400079	-0.04284574129137265	-0.027293684023946514	0.01845466700642983	-0.02089045354820085	0.03459028414871631	0.03749399210766232	-0.002787949612657213	-0.04067389809863025	-0.0051615042119224925	-0.028502090686681362	0.005646935566555024	0.0045717054762398086	-0.020363548033349672	0.01534814841019029	-0.0016561043129237664	-0.020701592126243697	0.005080370505544378	0.0028351904261017095	-0.008141614590348407	0.010230080382128947	-0.003370844458826011	-0.00021273879057767255	0.003232997782427866	-0.0025325697007594038	0.0020311899289019385	-0.0006779838449652391	-0.0021342349786431392	0.001729522148073027	0.00010111702514817754	0.003541715771836259	0.0024058070291073856	-0.004085379012719015	0.0009953288454787191	-0.001000141242076269	-0.0	0.0	0.0	0.0	0.0	0.0	0.0	0.0	0.0	0.0	0.0	0.0	0.0	0.0	0.0	0.0	0.0	0.0	0.0	0.0	0.0	0.0	0.0	0.0	0.0	0.0	0.0	0.0	0.0	0.0

Biplot	0	0

Site constraints	0	0
