Eigvals	70
3.6986821141793405	2.839991771013663	2.1902025516697217	1.7651340925044903	1.3107929562112173	1.0825694666042671	1.0340508334681509	0.9634829018876105	0.8171803843430757	0.7228139035602928	0.673770058318473	0.6440541955529492	0.5623564018495639	0.5058644287123597	0.48977846962924854	0.47272967279281297	0.45170476823948735	0.4236836948917805	0.3855154126104442	0.3793309302848944	0.36814268851859977	0.35632550609338787	0.3221350804831173	0.3103792825828331	0.3010142752074424	0.268681030496672	0.2545417907044047	0.23487683019190292	0.21523302873912842	0.19633552764470424	0.18397359967799515	0.1666119303301758	0.16487551678052464	0.1524210545470714	0.14342639630828297	0.13315517831940665	0.12250223449112424	0.10123968656563478	0.09570526393116796	0.0776635687801914	0.07667127504718782	0.06927325593181591	0.05715861566340891	0.05563908003774973	0.047646556408845686	0.03425966135620409	0.028355479822625568	0.020132704581444366	0.013785166170410479	0.009729887293805778	0.00316301656413695	0.0	0.0	0.0	0.0	0.0	0.0	0.0	0.0	0.0	0.0	0.0	0.0	0.0	0.0	0.0	0.0	0.0	0.0	0.0

Proportion explained	70
0.14226388133126097	0.10923573311270919	0.08424263191142091	0.06789305469295213	0.05041755085071997	0.041639299992669854	0.03977310850777039	0.037058826086558846	0.031431534161516374	0.02780187867631952	0.025915485749292033	0.024772512700074335	0.02163013796506063	0.01945726473225425	0.01883854408975129	0.01818278943576757	0.017374100169147786	0.016296314479420506	0.014828232656364217	0.014590356452760677	0.014160018659511647	0.013705489671533662	0.012390409731833552	0.011938241801253935	0.011578031797584945	0.010334385345527448	0.009790542141427798	0.009034160943376335	0.00827859359465531	0.007551731493463074	0.00707624974104659	0.006408460947210548	0.006341672582181137	0.0058626316474567975	0.00551666652993759	0.005121600586991254	0.0047118521712500375	0.003894022333082601	0.0036811496339424292	0.002987204737155102	0.002949037748611644	0.002664484796769447	0.002198514569452961	0.0021400680662785818	0.0018326484508645682	0.0013177429817348941	0.0010906480989843106	0.0007743722242232842	0.0005302243295472077	0.00037424452510422256	0.00012166036421571027	0.0	0.0	0.0	0.0	0.0	0.0	0.0	0.0	0.0	0.0	0.0	0.0	0.0	0.0	0.0	0.0	0.0	0.0	0.0

Species	0	0

Site	70	70
ec1254	0.10893837734437371	0.07478542743400121	-0.40273743985178545	0.042466033373443124	-0.23462426670709674	-0.013254284954951496	0.20067094111452305	0.2979369191107257	-0.31900301209990883	-0.09640151018170104	0.051473250687808315	-0.037351919951101875	-0.030340365098406187	-0.003359190111287484	-0.009016642089358134	0.0018310254596913904	-0.0282756067964972	7.270888163941441e-05	-0.012547075558305417	0.03007051260680299	-0.06396392840650009	0.05852198877236031	0.037523473566361466	-0.06450215961132973	0.03012170906590462	0.05058068613907025	-0.01931832896353651	0.0034477528105460353	-0.09706669740418249	0.1389341493522307	0.14296142536169343	0.07045103047515473	0.13374719106955293	0.04611246131571337	-0.0769764016965931	-0.01970999136553872	0.04225001494311836	0.016777128473018172	-0.0027905236954178735	-0.0004266169715899315	-0.017514225317797203	-0.010217529358886935	-0.007397068019529625	0.02061561598641859	0.0037640945534910563	0.0005824733862913995	0.014852751051719792	0.010411350110681561	-0.005988461974902701	0.00042007302595600777	0.0016940443165905825	0.0	0.0	0.0	0.0	0.0	0.0	0.0	0.0	0.0	0.0	0.0	0.0	0.0	0.0	0.0	0.0	0.0	0.0	0.0
ec1270	0.03036747106311969	-0.17183943148550526	-0.24328420505484014	0.01784148565014091	0.0010510942983035074	0.15248926662888168	-0.07166831404113697	-0.3995414795248133	-0.18812814379780932	-0.10926716562762744	-0.008507012613478705	-0.007022921974203708	0.017786672274609686	0.05410232953843409	0.021028706316018858	0.01735592230402341	-0.011849547700694303	-0.10651663997666347	-0.02200372570750282	-0.0003596866376566482	-0.12175046155376755	0.028283576273969466	0.03904241783458155	0.030887710098998707	0.047270263524773315	-0.13182859347385015	0.07468126149963338	0.008186892287453427	0.06958238702100582	0.0983190593644625	-0.06514294004337343	0.022490032710226034	-0.020008370289050843	0.03045135581827989	-0.0622629998979274	-0.007868578198632606	0.035565705117924534	0.006622981406862943	-0.00430609691430687	-0.07452502969308764	-0.01717480492108689	0.07342655369808837	0.057569059907031504	-0.01808787309199793	0.017901703552156083	0.0032755288396884496	0.0019599449291632137	-0.013976138088577072	0.015681175465156648	-0.0018104835013561602	-0.004821442503053219	0.0	0.0	0.0	0.0	0.0	0.0	0.0	0.0	0.0	0.0	0.0	0.0	0.0	0.0	0.0	0.0	0.0	0.0	0.0
ec1278	0.033460826906298924	-0.17818374472353463	-0.08981054855479664	0.03832358828623144	-0.08122229698328268	0.04451155537929423	0.05962088588136153	-0.002837740751567717	-0.06681733973352232	-0.03934777006957931	-0.1803150199310136	0.07206665759531633	0.037515155083579006	-0.02821313921540943	0.049315560181994414	-0.009134386342619025	-0.10462714811572371	-0.12566815670668807	-0.03762686442701092	0.4021743869944578	-0.10930485526297583	-0.04259078368589029	-0.0010535892610518576	0.19919081393956906	0.015593701383505644	0.06723197688682664	0.034900883791285246	0.09459208358666511	-0.04126966214209365	-0.1023145145387035	0.0306174908999174	0.013621508486274827	-0.035295883905333066	-0.027740546810781874	0.06273659517514471	-0.009920141604290753	0.01702057329237346	-0.024091089126964827	0.0021733028818496872	0.01175320316800971	0.02146631603996667	-0.029742039741233114	0.0024631245024181654	0.007110297429335016	0.004877969767873995	0.007541514521204198	0.01367161005001252	0.0025764462230796095	0.0043899123698332545	0.0021854827616232747	0.0006687577418648179	0.0	0.0	0.0	0.0	0.0	0.0	0.0	0.0	0.0	0.0	0.0	0.0	0.0	0.0	0.0	0.0	0.0	0.0	0.0
ec1306	-0.4330045335296964	0.16258312529658434	-0.08680100849657973	-0.0038334835988299127	-0.11654671986059777	-0.009440823869875962	0.013987333925198579	0.06185483070149732	-0.10526558090230388	0.06412456552381447	-0.05643566461896654	-0.07265001524102256	-0.038200572018629864	0.011444974118388126	0.01910405335074001	-0.0007400372952617936	0.00935070751726988	-0.06222718983188385	-0.005909681203826397	-0.014042843992608394	-0.006770863532791936	-0.034042875900285895	0.09403524808934084	-0.010307216063076722	-0.03014165333542727	0.08255364689481462	-0.07685480353377908	0.06238661079273475	0.06527713414747796	0.019911988659221284	-0.028392305093442087	0.03939731672107929	-0.0760144832921645	0.010487410988104844	0.047885378973892355	0.07114155145918442	-0.027113310775994964	0.030147775918145207	0.06612633733784679	0.008191748340461623	-0.052383000331326146	-0.017089805517004765	-0.005635649624789537	-0.013744749262239134	-0.03865162404150907	0.0028144479391019714	-0.02180929361775097	0.006721178557055768	0.0006132934459503698	0.0026696434230857654	-0.01612078146960452	0.0	0.0	0.0	0.0	0.0	0.0	0.0	0.0	0.0	0.0	0.0	0.0	0.0	0.0	0.0	0.0	0.0	0.0	0.0
ec1322	-0.2722777127245459	-0.1981789647557886	0.10632523965029081	0.042383261645666886	-0.13352680837819234	0.09081357695885763	-0.006737553872838214	0.1641690695680193	0.02883635634751774	0.029886016285656413	0.012166205509997613	-0.10665083282001368	0.014595343924986756	0.04398230956100565	-0.005823314956774324	0.0005492762100460881	0.03042304692947897	-0.018811423959876575	-0.020682201873665755	-0.04415130329658942	0.03763280033542765	0.05049160976151411	-0.0030601193017783294	0.07044575849804893	-0.020386721745649573	0.0009456455188717247	-0.05290381686082853	0.011304080280297429	0.014324476275521232	-0.040682572079913	-0.0055095619948752755	0.044966687242320065	-0.01352764605451508	0.033243287401320085	0.023164601071970305	0.04454905562439411	-0.04304212312403949	-0.01182279895968247	-0.03688741825962665	-0.006065067893004303	-0.020740746234794334	0.025161517422220968	0.04829618589545372	0.004295879840080344	0.03702982000835342	0.01614431687824716	-0.005118723037078118	0.0433370940864909	-0.029998775055691082	-0.006049532233400937	0.004770535739772091	0.0	0.0	0.0	0.0	0.0	0.0	0.0	0.0	0.0	0.0	0.0	0.0	0.0	0.0	0.0	0.0	0.0	0.0	0.0
ec1325	-0.2093158470911618	-0.00021438774849476543	-0.022446475865110255	0.07061429619205575	0.11378855144498848	0.0944007107428729	0.04273538115487622	0.027505526938175755	-0.05106744013021395	0.18371360944450135	-0.12366706974105844	0.05602305399875927	0.09799270146571716	0.05439970367107113	0.0031497885488406705	0.0314359605816474	-0.047989974152554904	-0.033202692280050634	-0.15699866747417016	-0.03852465466055448	-0.0007234133522023323	0.023648819566326355	0.1898474068947597	0.022181850972859886	-0.21838047968569915	0.006774690458096372	0.11626372436877845	-0.11010878761833297	-0.10090997135022473	-0.050762178741405976	-0.00944430249662413	-0.0011845879450673058	0.03590180177765576	-0.011605585101717563	-0.0747799794681003	-0.0077096342610974465	-0.052030475127732574	-0.030082595422999632	-0.08928746971190879	-0.003905375425699827	-0.021095156957527474	0.010630999542925993	0.001626493262058833	0.0075257353708927735	-0.04486697201580319	0.017466307780642634	-0.01701409238508873	-0.023469192445791966	0.005997595684358378	0.015670517807991925	-0.0014204924829101114	0.0	0.0	0.0	0.0	0.0	0.0	0.0	0.0	0.0	0.0	0.0	0.0	0.0	0.0	0.0	0.0	0.0	0.0	0.0
ec1341	0.044676874983779806	-0.3772038977322555	-0.09484019912285886	0.056056651246036746	-0.20789211434950525	-0.0203501621796296	0.16392875728568695	0.17926637471410395	-0.16235033473599655	-0.07437454209574004	0.0736596311395285	0.034669791103967736	-0.028850569091005106	-0.0030517430624417553	-0.0016519092344179738	-0.016438567378160174	0.013907402996405738	0.014951657930474139	-0.009506038118618573	0.023275262745910397	0.05945150157227852	-0.019259681469665495	-0.0006896877549543109	-0.059835933525885024	-0.004608195565549962	0.06742289484534504	-0.0029996471207601404	0.02857083690714017	-0.008106344038226375	0.051686576118106356	-0.1428047701911762	-0.03903912928612374	-0.0382805936374512	0.06763711225659814	0.0377014176592451	0.01161876617263909	0.004407094578231154	0.04174674229637688	-0.0022524767053967963	0.030631901405632277	0.005994939730791578	0.03041730438951297	0.010233276573212638	-0.03037451648075962	-0.02644532834780253	0.007831029638819393	-0.03037197571994275	0.0029692944738337547	0.02709261494602495	0.003048875439993368	-0.0015438514294384865	0.0	0.0	0.0	0.0	0.0	0.0	0.0	0.0	0.0	0.0	0.0	0.0	0.0	0.0	0.0	0.0	0.0	0.0	0.0
ec1350	-0.2616042405057374	-0.05666408442880991	-0.0060127343023318605	0.007303485489097331	0.25374231169300926	0.15342034085480963	0.16821720432479734	0.017095931031733753	0.12666901215532944	-0.07985244464110691	-0.03250193925192005	-0.1261990090962064	-0.06168186935045738	0.011743881632744152	-0.0018193246080209107	-0.005253634859017003	0.06507026346251037	-0.012468946254582518	-0.02467776667241671	-0.016561253126540613	-0.04830215073182349	0.023136452221972498	0.010890006401423081	0.014178884089353104	0.029470749544098607	-0.02609318097848731	0.019625591307839054	0.07414686416498284	-0.016702249789191086	0.026956923411670886	-0.018833982174723655	-0.005558204783784484	0.09098504301319528	-0.0009142985992634338	0.05941644801255896	0.004083612627828427	-0.049320476201621895	0.023410588329585195	-0.0036881348856840977	-0.04061567516126809	-0.03972293617380156	-0.07182247888081308	0.0026144237800773723	0.03592577129828487	0.058664820614122364	-0.053887954089573205	-0.029123100514478587	-0.017234304548175563	0.025948815347491775	-0.01421193493150994	0.0010155814751176757	0.0	0.0	0.0	0.0	0.0	0.0	0.0	0.0	0.0	0.0	0.0	0.0	0.0	0.0	0.0	0.0	0.0	0.0	0.0
ec1353	-0.010003666329019724	-0.09217904032873432	0.20470378116151325	-0.06165121753556963	0.08951401397820047	0.08471249758628926	0.01801625140733466	0.0631619267179303	-0.015445798945716622	0.03750483307131381	-0.09601323083122366	0.0467889773003157	0.06623078554427204	0.08137817379906118	0.07277597121114361	-0.03976146025847761	0.10536816170097371	-0.07970159461134771	0.10162952753150334	-0.018796185204068172	-0.035243706673288626	-0.0030874378655554066	0.11354863556978322	-0.0814070906949429	0.16855385510246115	0.05498384596442435	-0.01719911092585312	-0.02200848538679401	0.03250654744773478	-0.055174594292139036	0.07208545528716703	-0.003359919086917933	-0.0031654369749017208	0.01006276719158603	0.04169161684446464	0.026551878995324303	0.04850495276858923	-0.037699308182776246	-0.09304619063655081	0.012032996096422223	-0.0006927114425095336	0.09148602703308584	-0.044194170423718204	-0.0027203213809776404	-0.004365753750209087	-0.011777890876994076	-0.0009760292995862338	-0.00449296372098081	0.006849376616945673	-0.025475984046568544	0.003226286460327368	0.0	0.0	0.0	0.0	0.0	0.0	0.0	0.0	0.0	0.0	0.0	0.0	0.0	0.0	0.0	0.0	0.0	0.0	0.0
ec1354	0.03980435878613886	-0.3685100119528957	0.061464865022756665	0.01868350740145304	-0.14930103790119395	0.04547627352250954	-0.04694986479785146	0.12041951215556237	0.1504631990624736	0.021933432466681103	-0.04799514049883153	-0.09243862968587459	0.049564938492932864	0.020960410609235605	-0.0032489604853219536	0.028804948522715982	-0.031033885159586126	-0.021292542187610376	0.03314187475426697	-0.09541415974449945	0.0036795326704524905	0.057276243608651384	0.017717549277379657	0.09819076792590889	0.0011502092971696172	-0.019157620261241654	0.046820418883089784	-0.06160166457947435	0.034602926915949836	0.07134381996187779	0.088063126508397	0.08655416104076308	-0.08454267813546643	-0.13759010393509502	-0.044583835805182624	-0.013371016439008336	0.09587294798599835	-0.014102113395296748	0.03345620958708295	0.044700758377635964	0.023740443537719577	-0.031013276994360225	-0.045524319059499184	-0.04688634707128611	0.02756288961166326	-0.007308793280167696	-0.03185285545704683	-0.01634057287493522	0.014778606621790284	0.0061361989304093536	-0.0018658115470410002	0.0	0.0	0.0	0.0	0.0	0.0	0.0	0.0	0.0	0.0	0.0	0.0	0.0	0.0	0.0	0.0	0.0	0.0	0.0
ec1357	0.10260172365516376	0.07515953216840154	0.06522024569049599	0.28912388788712057	0.17106407959341718	-0.031877459951514475	0.015642621706245936	-0.0033683869556590325	0.062301308426650145	-0.3412928079202075	0.08144571418901198	-0.0843545521309778	-0.009829606648457976	-0.0017046979242697977	-0.002317627380066649	0.0045630899588326316	-0.009033034891104222	-0.04829915913039912	0.013691007891876024	0.00385255237451415	0.016242927051403	-0.06500142363673365	0.04310025109676122	0.09042585925205318	-0.06944240573675782	0.08765177771034331	0.056729455161525576	-0.1325467594747615	0.09055538457628903	-0.06412228240513693	-0.01702476258614466	-0.017311658770150506	0.08743478547355023	0.04805357974324503	-0.04049808298473846	0.08328023526858892	0.053858513071214385	0.040590284302548754	0.02394114517144227	0.0022217782217190066	0.008894430369764237	0.018863667895375837	-0.0663706764630061	-0.01342503146669181	0.05030703126618132	0.02628094871478302	0.004560476628711489	0.007319689915016749	-0.018584520771636234	0.009853605037751165	-0.0031861775129919854	0.0	0.0	0.0	0.0	0.0	0.0	0.0	0.0	0.0	0.0	0.0	0.0	0.0	0.0	0.0	0.0	0.0	0.0	0.0
ec1364	-0.3767585239012793	0.26204994877884324	0.13618469824093432	-0.006538658504879497	-0.10287410601195997	-0.03783544198746681	-0.04168715679594368	-0.0724999481390543	0.02213974005219438	-0.022020570763480133	0.045219934906471165	-0.010115641073697364	-0.05287986941211768	-0.01106398863823348	0.01407946643718332	-0.01375467099689442	0.02606661059003254	0.008034086255278556	0.12266610281882806	-0.021832839761713834	-0.030307144947786257	-0.004299419724357011	-0.012342678121599546	-0.05464193580234663	0.08755303032381986	0.020191244068852313	0.040991507186089675	-0.005050527684076356	-0.022295528823044232	-0.02214957405840729	0.013097326736787297	0.05363371839147439	0.021949439528748123	0.034680000664089	-0.0001522075733426092	-0.01891032392195024	-0.010409522693910487	-0.013312859286887739	-0.03357024727236609	-0.022500506247900863	0.049512736521967846	-0.022311758960568896	-0.003671880401274288	0.029603902361536087	-0.015209966527112734	0.00981610030970945	0.016824592759024752	-0.021802600649197215	0.01046296379695723	0.00783763000899507	0.00741798740733924	0.0	0.0	0.0	0.0	0.0	0.0	0.0	0.0	0.0	0.0	0.0	0.0	0.0	0.0	0.0	0.0	0.0	0.0	0.0
ec1367	0.07393742064893341	-0.22114331866961284	0.2062441883136751	0.1761539055574944	-0.06389584244394214	-0.0442751418052319	-0.050938782711649574	0.10726241618469794	0.05212966142469952	-0.0752976501753553	0.08469802352584128	-0.03855464810886324	-0.012131172718957292	0.008366009864256401	-0.016091885010254124	0.026490774225995852	0.02434305297137884	0.056658452091767834	-0.011399619529194702	-0.037368357312170135	0.015559417579055242	-0.043831817710164186	0.034183082077576386	0.05213360965697379	-0.040245149423309444	0.02161462481984746	0.020118597955282976	0.08136760295639675	0.04068903994901337	0.017852365316566678	0.016650027893542522	0.09176627591999069	-0.09806600301117391	0.12387690855658638	-0.03543621268098824	0.0261210294900439	-0.026511970515493404	-0.059925616761722776	-0.02561588358979105	-0.039247615100492406	-0.017163100869719457	-0.06013351701482454	0.04215898482334458	-0.027472251797121726	0.008713987608308535	0.012778042937407549	0.010783987500048955	-0.03932267423959591	0.0038966805088107128	-0.012973083622746533	0.0066973486379708486	0.0	0.0	0.0	0.0	0.0	0.0	0.0	0.0	0.0	0.0	0.0	0.0	0.0	0.0	0.0	0.0	0.0	0.0	0.0
ec1369	0.014353948700715482	-0.230927509608198	0.0005321389605855267	0.0231624534344673	0.0625849678814573	0.1033941382894784	0.029550473197847527	0.07006204452487211	0.053249375783311535	-0.06853332235461172	0.000364040402051426	0.014645678911902209	0.08242791513937371	0.03755982116628296	0.044124599261258064	-0.05361046190442608	0.10749877553290611	-0.2582781285112751	0.02153044244127222	0.0693097596272105	0.04552815350018573	-0.13864709388590882	-0.14103965117504522	-0.08707562820359713	-0.08394656583263979	-0.03077138240014993	-0.1452400670053749	-0.17831801362966165	0.04029141261500866	0.02981127426370558	0.1041410743444451	-0.04604329397484545	-0.07679659585441778	0.036599356096129215	-0.0357191728642622	-0.1142522376839841	-0.0612843057784377	0.005491118285092752	0.011643443416339556	-0.025264003828179907	-0.01752704165035173	-0.025969986336654895	0.009275333488249809	0.018410463347901643	-0.01645112494815845	-0.0046574275444911375	0.008034425157605002	-0.0009774203486521815	0.002712551174479007	-0.0043831372276040515	-0.0038277013636666417	0.0	0.0	0.0	0.0	0.0	0.0	0.0	0.0	0.0	0.0	0.0	0.0	0.0	0.0	0.0	0.0	0.0	0.0	0.0
ec1372	-0.13202706693350466	-0.056405754578258444	0.05301641154354808	0.036790145154324966	0.24872619566092238	0.06019063183166632	0.14895739779779985	0.011533265602700227	-0.0034104436975409868	0.0649343237911979	0.19094664986850002	0.17820055790605374	0.11912945506370898	0.06903962507746085	-0.010438206360112137	0.03402184847088846	-0.0880927941017646	-0.09773169949092424	-0.024577307280902284	-0.12339605987612805	0.0244257980742876	-0.026690019771151815	-0.007983717932433286	0.05067484968978646	0.005620641808425423	-0.034239397615872885	0.015628235990253227	-0.01950402112076937	-0.05748920893878304	-0.008393951865514346	0.02332455368442591	0.008952835958617561	0.0172494393110183	0.014110230986152121	0.03340149647729185	0.025056986992476556	0.06231585782857835	-0.006680557958625383	0.05543745438557398	0.005809196889219863	0.018263792774071013	0.011229524480111247	0.05214088493369691	0.016459253071778826	0.0030772777963169783	-0.010391122479783056	-0.0031000001803879306	0.02923906303561126	0.007121452453696075	0.010956786205278311	0.006581628337325194	0.0	0.0	0.0	0.0	0.0	0.0	0.0	0.0	0.0	0.0	0.0	0.0	0.0	0.0	0.0	0.0	0.0	0.0	0.0
ec1382	-0.3461435940318937	0.21160413217272825	0.10878372054046008	0.03376281869477529	-0.053734804584742425	-0.05728629819236321	-0.020887673389136413	-0.0034748854021290727	0.001366753882420851	-0.04972127571921304	0.04989527120613075	-0.029635422563833252	-0.01980184629010958	-0.002112579626288719	-0.0032578159806574856	0.006023378198997203	0.02854574578783243	0.015413705393861554	-0.11166445735938196	0.006094842088669427	-0.07375246408659634	0.059715109151634756	0.06674862785700199	0.07811486182781462	-0.03644981438049961	-0.09625111941167074	-0.10783050699304345	0.08774859296376934	-0.016051362541186692	0.013947476691911015	0.02125135058149755	-0.09503251563030399	-0.02660910935940217	0.03337469838506458	-0.0455684953681784	-0.043795355383144476	-0.02587648084543335	-0.054769020808725144	0.052308333206220636	-0.024073028324654158	0.04369741734829622	0.015282622086436283	-0.07580603198107284	0.014574695762741395	-0.009770226458994249	0.023888774974117878	0.00664397419996761	-0.0006968816815705295	-0.0010042176250198412	0.001839376509508095	0.01294323936571744	0.0	0.0	0.0	0.0	0.0	0.0	0.0	0.0	0.0	0.0	0.0	0.0	0.0	0.0	0.0	0.0	0.0	0.0	0.0
ec1384	-0.41143979351666765	0.057397217902338614	0.0010123028055637876	-0.035824244545574264	0.014039669255656884	-0.059593884774265075	-0.020622085048459648	-0.03539075181275926	-0.02190321800596865	0.03645219719237913	0.11146464940470144	0.07357703690012933	0.04287751306137878	0.0032480731110727202	-0.015100076914681333	0.008671261226534655	-0.100009519542532	-0.027184452704211628	0.026926055379302184	-0.04900586155197711	0.012126285269379774	0.028039759860460124	0.08288327452395446	-0.009046838252579946	0.006084852525048825	0.05905807893112108	-0.008279313343472627	0.02602838587712728	-0.023048081795898078	0.11904058008622334	0.08268176255931228	-0.08357057004344687	-0.05585071243597126	-0.08384317459179529	0.09331737251492792	0.018089089169795205	-0.030784672100824362	-0.030823981339915898	-0.0701204837526039	-0.013563116286230628	-0.05834952901082911	-0.004532225449782913	-0.010886626345542706	-0.02803499512104145	0.040955391957229616	0.02058779493497086	0.017074659902768612	-0.0014939697496352089	-0.028028469051497577	-0.01201310071768838	-0.006087625430228353	0.0	0.0	0.0	0.0	0.0	0.0	0.0	0.0	0.0	0.0	0.0	0.0	0.0	0.0	0.0	0.0	0.0	0.0	0.0
ec1386	-0.042909255535336206	0.1474416126310308	-0.266416453477731	0.020773126639668085	-0.03723533553155435	0.07475971753392809	0.02152823954334193	0.028757803266614947	0.12628508777375272	0.016782236371249877	0.012968307647934824	-0.06297509879003743	0.43665357331641025	0.2910596871119906	-0.09852181302626128	0.11111045324581242	0.02668421215766671	0.3013636744691728	0.05932995990741348	0.09357807370676008	-0.12178598211227597	-0.106031499681599	-0.026630292826236586	-0.03678552308507277	0.025274562212868952	-0.007076216289037894	-0.004807232449075017	-0.00768608848159453	0.02919986704650924	0.014474658186692248	-0.015687428130911927	-0.027819168351965046	-0.016634256442467604	0.026910554029076238	-0.0008292058045017206	9.311869213775081e-05	-0.004235918166422467	0.005788179223813878	0.007256619172749203	0.008874718795474384	0.00016192178574360753	-0.0032644103380126237	-0.005574626597246822	0.004991003876481516	-0.0025601063508749237	-0.00627981383377351	-0.0016492075330919165	0.003970986095836633	-0.0029156660028942794	0.0035161135940623483	-0.0016238561759476051	0.0	0.0	0.0	0.0	0.0	0.0	0.0	0.0	0.0	0.0	0.0	0.0	0.0	0.0	0.0	0.0	0.0	0.0	0.0
ec1388	0.05767808986564053	-0.09602459706626294	0.12600281337436484	0.13631272297195599	0.11860379234621837	-0.09767938515540191	0.11393085737149715	0.010158275346439226	-0.047129883985577485	0.1452476095529254	0.06193944766337765	0.3130701121276746	0.061170716880340564	-0.023709854984006268	-0.046260943587831775	0.05398350901691981	-0.17259546718542712	0.02471272365012641	-0.07533296263741332	-0.006155197033951756	0.05395112879242769	0.013270448606751726	-0.048912991753625054	0.09610692097293021	0.07807495024820739	0.012189541128744286	-0.011777555471926219	-0.03276080669278654	0.10357599941383372	0.05302114770163148	-0.04497610274902384	0.039472969659585445	0.04717406837531015	-0.022334715223040886	0.007521771410390484	-0.0536583765599419	0.010568540877927562	0.019174383216035155	0.041568492086636086	-0.0012189054978077154	-0.0064867723962745575	0.01723057746454039	-0.014951830886197127	0.036528069376566094	-0.041440974329640216	-0.016174361470905486	0.01351098578063672	-0.012434462202074689	-0.010817610774957472	-0.028907299139168556	0.004260627294223867	0.0	0.0	0.0	0.0	0.0	0.0	0.0	0.0	0.0	0.0	0.0	0.0	0.0	0.0	0.0	0.0	0.0	0.0	0.0
ec1398	-0.4776809207420341	0.16698609410059642	-0.026215145356620832	-0.018807841419690767	-0.1213964931729676	-0.03252811433790959	-0.0221654096453315	-0.07092593496760621	0.024760815046470402	-0.026430745591449138	-0.04742873283455051	-0.0035369863704878043	-0.023519312315401417	-0.04018268964832942	-0.00847474696877242	0.008570673544952966	-0.046225965953869325	0.017654169729578114	0.03728414677564499	-0.006483801365469578	0.03714951283104051	-0.025146257707740375	-0.10356778981377632	-0.025103808418558964	0.013023326071935805	0.005054488259699772	0.05589953865238209	-0.032412492860038576	-0.01916759026865571	-0.010723848366295958	0.011036127726934741	0.03254866257049689	0.02251299050361443	-0.04255683435337696	-0.018710019433527483	-0.016046023429700455	-0.01822464388708532	-0.048702392620279145	-0.02851040240262366	-0.006056098811180992	0.07715389661080035	0.033480375287922366	0.013428095379674296	-0.007388208148557886	0.01766593898214618	0.0032588877019557377	0.007906384292558917	0.034698373669341205	0.037664121248422944	-0.005033213742555725	-0.022493331526627608	0.0	0.0	0.0	0.0	0.0	0.0	0.0	0.0	0.0	0.0	0.0	0.0	0.0	0.0	0.0	0.0	0.0	0.0	0.0
ec1401	0.09290277003138674	0.06553231652452118	-0.33542827031928896	0.03786225316412857	-0.1910503820817178	-0.051546461311515426	0.23943913889011517	0.28126387773847045	-0.32371075041035924	-0.03718681634292074	0.03336758514947094	-0.010319968503469406	-0.07943506203527399	0.031200585829301748	0.024217711314299124	-0.020088974878673962	0.04381058891517456	0.05084694568643677	0.013167270905723063	-0.12688575599186352	-0.01736293555543678	-0.014532566104111697	-0.010539211469477033	0.03518067923646474	0.013839821732004714	-0.12213754576068499	0.03341317951928824	-0.07103758676845104	0.09513671899434432	-0.16148634074978263	-0.0679564308927523	-0.06738650006372053	-0.06449812179761559	-0.0965239857972036	0.04421961723090508	-0.022091296680680106	-0.028017271762976026	-0.03700276999235754	-0.014661584773908495	-0.02114993767243311	0.032246960185960474	-0.011081142237704946	-0.006421483962888813	0.011205471474797163	0.016540227545085374	-0.024307262375379803	0.004612193206738274	-0.015600673643217714	-0.004639663661324203	-0.00175322643062379	0.0010090185387638436	0.0	0.0	0.0	0.0	0.0	0.0	0.0	0.0	0.0	0.0	0.0	0.0	0.0	0.0	0.0	0.0	0.0	0.0	0.0
ec1403	-0.0688806470398694	0.01784272534826145	0.19241511315062115	0.019138232786326315	0.1337467090890503	-0.0212268884613532	-0.0073849459168572355	0.03649282269336274	-0.044704723804154196	-0.23027070551420784	-0.17863494124799226	0.015860775873483602	0.17133969117205813	0.08550078603194088	0.0018360856068388887	-0.012768246690313121	-0.01633409156952009	-0.03946976091463105	-0.08947042137816205	-0.011342525044888514	0.10343215412257925	0.1495598544284089	0.0008643804970185401	-0.08124907428662471	-0.01780182330666773	0.03162473773034298	-0.11295825182784222	0.0338134708100866	-0.013005025368757545	-0.052880856071390925	-0.06828845109661633	0.09228310123267375	-0.001412564669054722	-0.06590378156157045	-0.02136111420743486	0.015443249691076565	-0.010243356065449688	0.019746887018411232	0.007318617633646026	-0.026505093583533694	0.0074814814855250055	0.007395577343034578	-0.0058535744316108905	-0.0038121979096168495	0.010144144634051382	0.006034295898104152	-0.005681467973036021	0.0016137182772035417	0.0072272232459314875	-0.012883924335377986	0.0031030777809654816	0.0	0.0	0.0	0.0	0.0	0.0	0.0	0.0	0.0	0.0	0.0	0.0	0.0	0.0	0.0	0.0	0.0	0.0	0.0
ec1404	-0.05872592549234769	-0.24952760662920886	0.0037365300708302137	0.02056034629318648	0.2599625000753595	0.13770029600082534	0.29362689234245865	0.03332795983552616	0.09661556130869876	0.018668755139362968	0.012975967213296436	0.012451950821002757	-0.03135830618281077	-0.014993926731711103	-0.013524170788259708	-0.015705631292591192	0.0396437380182894	-0.000649511548278237	0.015209841211567921	0.028697123961230423	0.016248606269801034	0.030932018367043082	-0.058131560449876565	-0.037308182830503835	0.02345953384692659	0.005520099023726228	0.050706928305097224	0.05583354731799177	-0.03017752754906862	0.025777537851014613	-0.08469068303013289	-0.0079167284664828	0.01452793340649114	0.003468073662679812	-0.007412403573940046	-0.06774214388900698	0.01877630924654004	0.010789330077907363	-0.026279213496346657	0.01160797702585265	-0.0006592847695088918	-0.018043829700684366	-0.03711415408255827	-0.007963211899944062	0.03437180557369418	-0.014552908330783102	0.0024509612919693447	-0.027022616503166327	-0.015366237174028807	0.011574647728636282	-0.005592534284844213	0.0	0.0	0.0	0.0	0.0	0.0	0.0	0.0	0.0	0.0	0.0	0.0	0.0	0.0	0.0	0.0	0.0	0.0	0.0
ec1412	-0.2555869029480841	-0.18606366147773287	0.1412808716644847	-0.05488964434144549	-0.048325294348188164	0.03883271860589857	-0.0658605648387771	0.034053700084609353	0.011477504110177566	0.06060738242997543	0.10919498560141477	-0.013158949311451278	0.05078540119063093	0.030526972927427985	-0.011691195152888804	-0.016852332666443367	0.010926699129426082	-0.05413014843520669	-0.013098207384343032	-0.06102695276149229	-0.0312122201377962	0.04221913009320801	-0.016445062875160576	-0.04406807074150025	-0.09874539639915521	0.009302014649645387	0.0034003848568246215	0.07628392785437887	-0.0074014401367444764	-0.03623961415246449	-0.06382620355786754	0.022355030716002675	0.05925137409080605	-0.0016726515895613874	0.005652836297333467	-0.054296002557514315	0.0018378440723036582	-0.02203411301669961	0.02518409529189211	0.007377926086536086	-0.005187997189322506	-0.008684511791887424	-0.037876867721937935	0.014604469953692526	0.024614188707045168	-0.006321875690385493	0.0601054573591392	0.020082287140306535	0.025574878214332217	0.005253281123166984	-0.004175025743616619	0.0	0.0	0.0	0.0	0.0	0.0	0.0	0.0	0.0	0.0	0.0	0.0	0.0	0.0	0.0	0.0	0.0	0.0	0.0
ec1416	-0.4808274722594	0.1377102179229854	-0.003773016200635139	0.04225772005125271	-0.10200336694897383	-0.016459632894456965	0.03317929041713054	-0.02234884298695487	0.009763485792115927	-0.0426621182430532	-0.04996064052028266	-0.00499633039696796	-0.026483762845487223	-0.03617413331635473	-0.00753402923811932	0.008462523034588387	-0.027977992811045953	-0.002537280013146437	0.0061730458528807715	0.04979116735300527	0.04021035035466397	-0.014730588301983049	-0.09079235859767423	0.020229869103484767	0.018777986238885637	-0.018403131425355233	0.022034790267150363	-0.07923013712417981	-0.016581899442768375	-0.015715906495538993	0.02395128612627499	0.034910494063023205	0.014287573161069714	0.03794926592355508	0.005846246657322568	0.022629706623825102	-0.03846165587193842	0.02787319699464922	0.014815970555863957	0.01249042130421214	0.04583789571010813	0.05115093241224426	0.0417127979785412	-0.00834345383074967	0.03605786837075908	-0.01102818656439144	-0.03199598592307815	-0.00017983420302739717	-0.02149481479732285	-0.010142445759099271	0.010903553802221211	0.0	0.0	0.0	0.0	0.0	0.0	0.0	0.0	0.0	0.0	0.0	0.0	0.0	0.0	0.0	0.0	0.0	0.0	0.0
ec1417	0.06830486214463467	-0.38458046467696727	-0.09578196583505455	0.0056793925064511286	-0.056262668191169624	0.15548754778184545	-0.11278200930809337	-0.24931346179594094	-0.12709385472129167	-0.056260932379336014	0.03250253435554277	-0.01875447709204068	0.028923584054366486	0.043888279203342935	0.04376988876131243	-0.0323121543039623	0.031212669533452243	-0.09672571774754092	0.002041483511029748	-0.028984083100370924	-0.014883071769447205	-0.02872362900292025	-0.01636545400430489	-0.006171155704168275	-0.0014407511764316183	-0.06341028528519953	0.01841345155733715	0.03021236281980762	0.009052685745694485	0.05598590305866334	-0.08487248163916224	0.014170133539180391	0.0009506401391707044	0.021368864235010256	0.022757277396705383	0.027349718372640143	-0.05551689386123116	-0.01167064893024333	-0.04002807819637522	0.10533599523017383	0.009166096906991092	-0.013161625373551618	-0.04872932589401271	-0.02490900587915126	-0.021476398597369627	-0.009831395495700014	0.01359834495125285	0.02490596373411076	-0.02286548217126177	0.00011992121814130011	0.010329280341416914	0.0	0.0	0.0	0.0	0.0	0.0	0.0	0.0	0.0	0.0	0.0	0.0	0.0	0.0	0.0	0.0	0.0	0.0	0.0
ec1419	-0.014624930244790732	-0.2272635385410937	-0.16323535119592852	-0.005539819181638819	0.3025624669943666	0.05385847138003506	0.16024527831795105	-0.12774809252249142	0.03385743804270135	-0.04851927266983999	-0.02685415610149759	-0.11992438049431359	-0.11521399362628357	-0.07813088095442866	-0.013526990321564542	0.0277837711079403	-0.17521014439564242	0.10588816699317205	0.02378000645743107	-0.014065392023736224	-0.060991642080320735	0.018091719091037493	0.06605770345164282	-0.09402042769785672	-0.015156858151491452	-0.012733156580488982	-0.04095413221613784	-0.062075830305870286	-0.08457945986322493	-0.009248094791409277	0.039918084341066945	-0.01763408291563413	-0.022721155824961897	0.053270628370746094	0.07292820837070305	-0.022748878394546625	-0.022690685552901525	-0.024938588814101065	0.03658737071034864	-0.03433238368083129	0.07360412495518981	-0.019763141436288812	-0.020665271100549703	-0.09617598720199895	-0.04780596864475536	-0.021764878914417893	-0.007042533055888708	0.01697580630318686	-0.007449064622061097	-0.004848579649950388	0.002635340538707934	0.0	0.0	0.0	0.0	0.0	0.0	0.0	0.0	0.0	0.0	0.0	0.0	0.0	0.0	0.0	0.0	0.0	0.0	0.0
ec1428	-0.42535476608324935	0.1431230821277809	0.07407613852112814	0.09009116772574341	-0.05036484859274188	-0.10195985912059519	0.014011189166484484	-0.07779736647419036	-0.006206202721097259	-0.011712224621425219	0.02201577568730939	0.06817579815773499	-0.04428793001934596	-0.05187889989325023	-0.025650983292084092	0.020204458648656207	-0.006704743751114429	0.0931850955746525	0.02500169892424718	0.007496392230466642	0.04442402689113256	-0.02001060120473439	-0.00594945521266064	0.020023722880654283	-0.02780275794221875	-0.011744224872696394	0.08115598804485911	-0.005597705236671509	-0.004519947788141214	-0.011514968857910514	0.0223838908594825	0.05577077188737464	-0.06959680502957905	0.037496088649597796	-0.03467566088048037	-0.03669284714695306	0.019401716738030827	0.017215018232829657	0.006272179412486361	0.024999302812642215	-0.03268450222286295	-0.016413094875079155	0.0059672223911214324	-0.020451031752525627	-0.011986307985010781	-0.0279917898650225	0.015621236891962815	0.020667933699695617	0.007376242621866154	-0.014575920036802302	-0.0015204815686859503	0.0	0.0	0.0	0.0	0.0	0.0	0.0	0.0	0.0	0.0	0.0	0.0	0.0	0.0	0.0	0.0	0.0	0.0	0.0
ec1430	-0.44874058099480624	0.08012762811049377	0.039261114786330556	-0.0455634481339522	-0.07126184184425229	-0.050255835010844525	-0.10461088183105564	-0.040086801693355774	-0.02963105289927673	-0.016342946161076028	-0.10571798371750829	0.018427106878230844	-0.01698160787661765	-0.03394847228001732	0.014787390161084888	0.0005238022390091139	-0.04261538048966034	0.02645752961358469	-0.00678767496905743	0.004599354166790534	0.004733176677703178	-0.026135018002420587	-0.09725495794743619	-0.04797791432595795	0.004131009745695861	0.022040610163883333	0.0755904008025347	-0.05147756462255479	-0.014043439808301823	0.031758120541883726	-0.0017700280080351115	0.03637863965985235	-0.017228404233820716	0.018874768242453557	0.025459409769573126	0.0003489398508994156	-0.019983373629406366	-0.010166226719922504	-0.011774556034195987	0.01581811149309962	0.004453765183620329	-0.023616155693408455	-0.0004265059544871706	0.04680266175841697	0.012623316327367113	-0.014164312082878118	-0.03426741404311295	-0.007861631183477807	-0.010440551523657495	0.01660802046534133	0.010157963163753723	0.0	0.0	0.0	0.0	0.0	0.0	0.0	0.0	0.0	0.0	0.0	0.0	0.0	0.0	0.0	0.0	0.0	0.0	0.0
ec1433	-0.02999588628325479	-0.008627778797498747	-0.17261831933933947	0.0800519797850461	0.2973844751234653	0.1807874040595847	0.3452948082870805	0.026842578811479598	0.14335378276650365	0.0069867288076616305	-0.08380730358268915	-0.13747518926684824	-0.14713918200853277	-0.0774129086743588	-0.047584228654316114	0.015361463159265915	0.03721772761946666	0.08931698765124749	-0.01152820033561273	0.014850234669775952	0.043539468974268164	0.02088766361947663	-0.12172897771602625	0.03146414711120906	0.044552918947291825	0.020403028452518127	0.02897779503816932	0.07763377804689882	0.05451058963796394	0.037073564341033226	0.04652509894337744	-0.030995792490775498	-0.07487931464388356	-0.06479884408427379	-0.10238837617068851	0.05221419910370544	-0.035686121802755	-0.01528207569796216	-0.01749433900336642	0.04515901784951792	-0.03738273217383707	0.06171441032300763	0.015752811304055276	0.034938108319277135	-0.03696088921961477	0.03610113255551804	0.02563735430218022	0.010777239721760402	0.0035479731921349324	0.004451948545645876	0.0026207817602102073	0.0	0.0	0.0	0.0	0.0	0.0	0.0	0.0	0.0	0.0	0.0	0.0	0.0	0.0	0.0	0.0	0.0	0.0	0.0
ec1436	-0.46720147517023813	0.0050109520409397845	0.002336134564495564	-0.016891211976255097	-0.10571325180699818	-0.07279118878578004	0.04222417850484483	-0.07063211672905864	0.01563546916387525	-0.0477295167001196	0.06382328214106746	0.09463791321834143	-0.006070912381086514	-0.03592571940421231	-0.01885703992617325	-0.012081658742305395	-0.009747160655412663	0.010900506854536699	0.07108976783417771	0.026766796365004657	0.07820364012743777	-0.03188322220961008	-0.09629256766331092	-0.06463202229020525	0.01512917574704133	-0.009682743727464225	0.06540594855943396	-0.0004871531850710825	-0.03620187848018557	-0.016956399498379255	-0.06597903411194982	-0.015048168129266334	0.00423234642022635	-0.012309612638783649	-0.03515575365180765	-0.02430895784221651	0.02276358117455619	0.025998701722383437	-0.018524508831359417	0.01230105033129969	-0.006399318769971407	-0.022811079145903395	-0.02246699879279237	-0.012726166611290966	-0.019517562241611237	0.049064567783756466	0.002397897003428472	-0.027116379678811347	-0.01978406514131328	0.006470934885931934	-0.0007678925887110947	0.0	0.0	0.0	0.0	0.0	0.0	0.0	0.0	0.0	0.0	0.0	0.0	0.0	0.0	0.0	0.0	0.0	0.0	0.0
ec1441	0.14800332876937092	0.14798090798615232	-0.35413907418853435	0.0007600297850426051	-0.1089527905938536	0.052717482039281394	-0.022393301518169588	0.03044921960123104	0.2751618737157375	-0.013898117756169668	0.01204593863852439	0.1609396931196062	-0.058914980611591276	0.09109941293814822	0.47497068927498687	-0.04485645527274093	-0.08795785340964503	0.07555895258684313	0.005740482338523517	0.03476174198010969	0.11583460792357513	0.1238959607301116	-0.005904872384564281	-0.0449764148626916	-0.10859315762844295	-0.06381011574287808	0.016178748917838052	0.048007827559316193	0.09125882506968815	0.013672277878308534	0.03249405479960892	-0.012630158790587041	0.016513488041613306	0.05001131368806225	0.022437852349023374	0.023579283251433807	0.023593038534035597	0.006705587570681495	-0.023917993491012465	-0.005557398848672479	0.007252406318187492	-0.005946458103127373	-0.005641271188732352	0.010858594311215873	-0.0070254140552498835	-0.007877538630534928	-0.000618253196189952	0.0043562186811969454	0.0014586860331988953	0.0004877317005535202	-0.001307282641432992	0.0	0.0	0.0	0.0	0.0	0.0	0.0	0.0	0.0	0.0	0.0	0.0	0.0	0.0	0.0	0.0	0.0	0.0	0.0
ec1449	0.11205829755802378	0.08219576595850865	-0.3128868350426603	0.00944908127953877	-0.04829094457847583	0.001397488967452877	-0.01893178217314181	0.01953276647360569	0.1205138414301997	-0.004651974769852437	-0.028478730608319115	0.0222584746358212	0.32655368940774165	-0.554275902516383	0.06535207898335162	0.07856400097757157	0.11423129012645518	-0.023461405595247592	-0.0023583023266149747	-0.07950424491011618	-0.03530440925539853	0.009401630341517416	0.0587563593917868	0.017464879786108948	0.04582391297512004	-0.00909413459796217	-0.029127027181158244	0.00120483342134238	0.01011374569476898	-0.012382191105705412	-0.03353238779656687	0.0013872561806372165	0.0025391704118233067	0.027089986900340556	0.004223892089463152	-0.0016474227918042035	-0.0023511606392280352	-0.003055889080663427	-0.014748476767784928	0.0036972487043616256	-0.0021606448224157386	-0.007826453195378185	0.004397452577227657	0.006211335287832446	0.0015103405315634417	-0.003077547791873652	-0.0011744845149077047	0.004068477026497478	-0.0008814808089978193	0.0017251598710191504	-0.0008523102454979033	0.0	0.0	0.0	0.0	0.0	0.0	0.0	0.0	0.0	0.0	0.0	0.0	0.0	0.0	0.0	0.0	0.0	0.0	0.0
ec1450	0.15306391985566695	0.0729337279420725	-0.3363410430158321	0.044167594972321644	0.007486082217065755	-0.4751056600055713	0.04148612906248551	-0.0873610524397156	0.08177675370463754	0.19518372454604735	-0.10725204000325012	-0.2128147570074808	0.06602585045964789	0.1348438037732796	0.03408506126666494	-0.012726635622339727	0.12791535029894968	-0.16201874404514924	-0.013893778131015784	-0.06960252990405175	0.059914864054768924	0.027339513974062712	-0.11881819862713396	0.10859007921916855	0.051256113674117566	0.03011214996401324	0.03389718326803475	0.03730535995231184	-0.058013942647934434	-0.0049558232247375695	0.0036619772445794507	-0.06135258631975867	0.0700573421857273	0.010502908287262896	0.005948946151062364	-0.008842898952803149	0.013917729047273874	0.02815390187094728	-0.03906157293878147	-0.014162416271553381	0.012082537733451365	-0.015599232061978482	0.01240989933316301	-0.056732987867367204	-0.017912621285309356	0.008404574689273024	0.0025416142805015926	0.0015652734257584598	0.003928470762640702	-0.006286313451298006	0.00551898863277773	0.0	0.0	0.0	0.0	0.0	0.0	0.0	0.0	0.0	0.0	0.0	0.0	0.0	0.0	0.0	0.0	0.0	0.0	0.0
ec1460	0.2533676732820939	0.253118745865128	-0.015159129391556064	-0.3221546224914611	-0.1255460785654241	0.08193608535694362	0.0987103266320489	-0.047220141574294806	0.17168161148141783	0.0756698582490696	0.11632797519431903	-0.05676620969583213	-0.08128858017326637	0.057285331586591284	0.15430718190642803	-0.007437916399795657	-0.0005575216011132763	-0.009367689820316199	0.00959447498321164	0.04978351182631482	-0.0435514331170953	0.04306943125186652	0.12407243105798084	0.05351383842823506	0.15533354188592208	0.07275011243699162	0.0007817616034826579	-0.17046087625595105	-0.08589187423168135	0.024996210516530958	-0.11808431376921595	0.031361780303103846	-0.02541115450636671	-0.04147510730403117	-0.04005823680621462	-0.05616459519014901	-0.05191242643507029	-0.036126216571737875	0.07272170674019247	0.014500053234840044	-0.03625127676632524	-0.011234407776865251	0.026647920891984752	-0.003300732938474181	0.026638220663348856	0.025633615007875754	-0.004865810623086757	0.00773899291887044	-0.003635038762341805	-0.00409550564786739	0.004664635043271751	0.0	0.0	0.0	0.0	0.0	0.0	0.0	0.0	0.0	0.0	0.0	0.0	0.0	0.0	0.0	0.0	0.0	0.0	0.0
ec1468	0.20927556025771615	0.29119427129592185	0.035117107175872575	0.26091474239960083	0.04617817531607419	0.11257081271571087	-0.03519085689701619	0.011450470359412856	-0.07527791798631064	0.22326696468864576	0.0016613267427065509	-0.03981132233935092	-0.03092092853407715	-0.04996745317876369	-0.018027804952851483	-0.05475779631401995	0.0451623842142598	-0.007122635353024554	0.2849975082423856	0.06391695011687154	-0.04748976643429858	0.04816661255984465	-0.09911477236966945	0.02331360766212554	-0.21202671762750447	-0.0143813354656615	-0.06439927652973132	0.004897922856501843	-0.09860690050282768	0.02578616429805969	-0.10116351185475542	0.025585032057903988	-0.025219568863750944	-0.01902951839170009	-0.020298500946190647	0.014857646659599334	0.10325923662916159	-0.03967495120125627	0.007742484837922987	-0.03456140860092654	-0.02354490655611336	0.01729444409125927	-0.012791740692362358	0.002986188375827201	0.004195018523319508	-0.013673929297564036	-0.016696506177933286	0.004320962301192445	-0.01442824498908561	-0.017744805442450592	0.0007459666487312426	0.0	0.0	0.0	0.0	0.0	0.0	0.0	0.0	0.0	0.0	0.0	0.0	0.0	0.0	0.0	0.0	0.0	0.0	0.0
ec1489	0.1271794752154745	-0.00593656681270882	0.04306526358480096	0.12857277971703868	0.1443245922986217	-0.48249341518688854	0.04977060328750602	-0.07310504106308509	-0.0123799312868425	0.00255506294517211	-0.08776490956551375	-0.027714628854902484	-0.024455089756707415	0.028374877179073776	0.014892379193862437	0.019957950041423523	0.025682043121979584	0.03236187054561149	-0.10116624272785948	-0.026794121314668563	0.014866552270780894	0.006037892324320634	0.037242158333869665	0.019112156483929447	0.03337776229267249	0.01514083507797328	0.030937849591478234	-0.0017773120544109665	0.03291470378461539	0.027241102106825153	-0.003333409551180016	0.04368710401434301	-0.08072982260071569	0.05268790011970952	-0.01674677509629331	-0.058619959396766765	0.03990961410996556	-0.021486141344181604	0.013665747751099052	-0.006217136064312854	-0.01379594355001677	-0.000964823844298469	-0.033333743145350446	0.02947002444121981	-0.007408670114413069	-0.01716149476772011	-0.017785388399246566	0.020723548205245024	-0.006482567681192388	-0.0024953121055050543	-0.008261395157541923	0.0	0.0	0.0	0.0	0.0	0.0	0.0	0.0	0.0	0.0	0.0	0.0	0.0	0.0	0.0	0.0	0.0	0.0	0.0
ec1490	0.14436017652053665	0.10984260585733224	0.20671736325630968	-0.0015836696627727713	0.09794750103835564	-0.0510362956673152	-0.01936984387291539	-0.002151760155353392	-0.12841517776390599	-0.11229405190601945	-0.23449004906691479	0.14978285480514947	0.016399335952960278	-0.005543368095284157	0.018232033949439168	-0.03646250476022664	0.09972901435669672	0.08673080732462075	0.14651928542150047	-0.0562121924894968	-0.06081345249469832	0.133268663195538	-0.010139027309068582	0.08881490050392106	-0.03685070639770173	-0.06491358952774576	0.047490006803556827	-0.029736514556462354	-0.03614699031010461	0.04755458499577833	0.08305408474591955	-0.06108781456963851	-0.02983807493741389	0.03977179741996625	0.089353423444186	-0.010448420216267467	-0.04548229096614295	0.059374813155144014	0.07242457215758821	0.013095630248070497	-0.016634665882642095	0.03431377229606342	0.014772073059572881	-0.005093120541346781	0.009963835252030803	0.03356693138773644	0.002524327839425772	-0.02542099467268573	0.008144951607873192	0.01268394614754382	-0.0033350703162275687	0.0	0.0	0.0	0.0	0.0	0.0	0.0	0.0	0.0	0.0	0.0	0.0	0.0	0.0	0.0	0.0	0.0	0.0	0.0
ec1492	0.16294423876166408	0.23716732750642353	0.09111175166377919	0.16894602496025773	0.061528533746981084	0.1263872163282948	-0.047836732974051666	0.02551261658580126	-0.14085010171056017	0.30316363623976456	-0.23335935716268832	0.028189966220100466	-0.014712461637500857	-0.02290216926531557	0.020008331821454346	-0.00011337173478220055	-0.05436302763952602	-0.004832734733796128	0.06855167938023773	-0.021276374887236296	0.039427889550357094	-0.0896137271396766	0.0798798415455873	-0.09995181967360667	0.007219364266089827	0.0890799846851009	0.08359305340891111	0.042917873424543444	0.12754256473718747	-0.013406609967010399	0.012023355555696245	-0.03204214807773637	0.029456301986942	0.02136425749167146	-0.05655416287810146	-0.04306693913492197	-0.05611400832133795	0.04576621794820133	0.04793021546468203	-0.0007909756984630341	0.01872845168426732	-0.02601548450211575	0.00674033680233479	-0.05109223356360751	0.05826019722257034	0.0008437476171388286	0.03334031297438447	0.01061755836148008	-0.00040994708760854246	-0.003688895960505559	0.008401097975788557	0.0	0.0	0.0	0.0	0.0	0.0	0.0	0.0	0.0	0.0	0.0	0.0	0.0	0.0	0.0	0.0	0.0	0.0	0.0
ec1497	0.07322614913565727	-0.28310903023260264	-0.17984113034464796	-0.04661897740759537	0.13691837343838106	-0.4051853684877754	-0.019146325142921517	-0.12296265879991446	-0.018913525441391865	0.09594563127529841	0.02012954490204548	-0.09093064502091709	-0.03360021682990288	0.0020095298730920946	0.015246530885360784	0.003243627768513839	-0.12026784450694446	-0.0038052647271301547	0.06573978073453737	-0.002397603012017429	-0.06062792750811543	-0.012118819756354031	0.024104282231453483	-0.077840005344326	-0.050832109443326556	-0.0067608334893327696	-0.07665606664170875	-0.02656571185199097	-0.009333610406758458	-0.05020031455899201	-0.02307987191492188	0.013453603557533285	-0.021468017419123103	0.01458643567233855	0.0038683795890949954	0.04699585686474679	-0.03220284173905177	0.004530792718256926	0.016842345889127863	0.03599928942558471	-0.04521163172170295	0.01297813184511301	0.018176617469290474	0.06801880343729408	0.04647738294996018	0.006040939001475378	0.011998071158603579	-0.012627199864323252	0.004831278763627681	0.009474111465061483	0.0028266857891697155	0.0	0.0	0.0	0.0	0.0	0.0	0.0	0.0	0.0	0.0	0.0	0.0	0.0	0.0	0.0	0.0	0.0	0.0	0.0
ec1498	0.14685242473605525	0.12002586966373148	-0.37374625633230363	0.0037198605317328654	-0.06765954214713166	0.04405341590487889	-0.14178616951376619	0.029783966744366838	0.18386941490923073	-0.029463691900200636	-0.05102827236050597	0.19178128906422923	-0.1731890136752631	0.06669223414927904	-0.30391377807519765	0.3282459142811653	0.07799130487676116	-0.14487401799564298	0.03142681141934565	0.04842396803181271	0.0211898061865143	0.19421038103579152	0.04401376892179671	-0.09774696759183252	-0.0008500336283122269	-2.9469472663931068e-05	0.00999881974142204	-0.013528932175712065	0.05319562342805614	-0.039972377547693505	-0.0063580638540616284	-0.035435786121809115	-0.005073502660022073	0.04109839977156204	0.01727698178594245	-0.0005167165956358017	0.022445409859863194	-0.03620631183174602	0.002282036513992013	0.027671781632284908	0.0016225835034586794	-0.024952090446189075	0.010939139837311736	0.005486778393169494	0.002188882435657968	0.0024571823450641552	-0.008157682613461384	0.004116430901081705	-0.0008512383022923171	-0.0008703025169281971	0.0006538912761665318	0.0	0.0	0.0	0.0	0.0	0.0	0.0	0.0	0.0	0.0	0.0	0.0	0.0	0.0	0.0	0.0	0.0	0.0	0.0
ec1500	0.21511055606658405	-0.0648893410678765	0.3252771608764239	0.018493972730654246	-0.20714463655964907	0.05462688571210099	-0.008334950846384631	0.048311835140995116	0.0797427504097208	0.09510773735261548	0.003649027165771631	-0.08339469065961887	-0.047307582728903085	-0.02041952458019381	-0.033771891540042724	0.013772118804567763	0.01863761997893754	0.047994572409447	-0.12470090014230605	0.03479979601697974	-0.05074077320044657	0.04253679909602519	-0.04617408951515841	0.032638885141728996	0.00010497360445060548	-0.05790665985611546	-0.01609258565919276	-0.06422379938238043	0.0285474591552401	-0.010179940106648471	-0.0014312831488310807	-0.0005726154109477714	0.0481970635625571	0.021921892777432006	-0.03815139393276155	0.051568557610906375	-0.0056409410002549055	0.04264180568599929	-0.021894045093359966	0.015692172698635053	0.02203596733729888	-0.019783508806652902	0.04313604218969998	-0.038338872691066415	-0.02433929981898715	-0.02546587289943997	0.035462788827176545	-0.025743133576980444	-0.01754850617125796	-0.010544158599558305	-0.010873976795616368	0.0	0.0	0.0	0.0	0.0	0.0	0.0	0.0	0.0	0.0	0.0	0.0	0.0	0.0	0.0	0.0	0.0	0.0	0.0
ec1503	0.10298157714880854	-0.3609153666191794	0.09114930519695127	0.005073179419011304	-0.16743962910861504	0.09685367120055288	-0.11812559694652004	0.07246458222400794	0.0825256861948293	0.02053059739467247	-0.09938101406679856	-0.07133961952695897	0.028118977725289287	0.021238843996338474	0.0070343021428087875	0.01516348933502216	-0.10863436722314332	-0.09398585024705064	0.03890096147144981	-0.09313025634732185	-0.019706349300365866	-0.028059810766150457	-0.026087401197502674	-0.05985117544263873	0.1010033068428949	-0.014173646863552353	0.11641355311479344	0.05431877586519866	-0.03650160344466339	0.02574651536723373	-0.017550985004143232	-0.05276493140982201	-0.007223063755085186	-0.025942271490991816	0.013765577049274367	0.03024063978632678	0.02309865774038861	0.028928332792229294	0.03683844788459229	-0.10706567793416764	0.027729196466533542	-0.03008785363936268	-0.014548549743416773	0.06564889456066447	-0.03609681565734853	0.028887997647043025	-0.0030306671671212603	0.00402232441252935	-0.03177266199205037	0.0021224943574575886	-0.006275709702134068	0.0	0.0	0.0	0.0	0.0	0.0	0.0	0.0	0.0	0.0	0.0	0.0	0.0	0.0	0.0	0.0	0.0	0.0	0.0
ec1505	0.17588515420933945	0.07502216064178298	-0.041146372764937406	-0.35308510621909367	0.07584704259071172	0.005768060286968813	-0.14869389107387035	0.06710213322300693	-0.024640494054077696	0.06861511173490577	0.19011781272606032	-0.086822509999959	0.016780645741043675	-0.05272043609171905	0.0020091605461082683	-0.036509429599969986	0.012559085465846111	-0.02527208825517083	-0.1544949333513378	-0.0068591300607064145	-0.22085042168362398	0.09287988936815109	-0.19267487114720563	-0.09190653351072486	-0.1115643395856956	0.14527141931623697	0.1320963219069792	-0.0015961929352475569	0.0834491641855992	-0.020416564752863298	0.045271388381290904	0.038732399289330144	-0.014748368702640308	-0.013840835179417862	0.05823676349161559	0.012345156518617444	-0.016385020636161277	-0.012050057634456452	0.03757453891872391	-0.008747659993178586	-0.0011190838548076057	0.049214459038401	-0.01789256301201185	-0.011054258440176906	-0.012315396590403427	0.002558378591282501	-0.009376066724144438	-0.01315724129235605	0.002334177545074112	-0.007574483814666136	0.006713321060471823	0.0	0.0	0.0	0.0	0.0	0.0	0.0	0.0	0.0	0.0	0.0	0.0	0.0	0.0	0.0	0.0	0.0	0.0	0.0
ec1508	0.2663222001656736	0.3000438007607825	0.08609419579554704	0.31645593403849226	0.046826647232440184	-0.03501340295957742	-0.11235650901072772	0.02115168282156738	0.0389549339645989	-0.13054275087443845	0.16250943972286686	-0.10197671788061136	-0.0004349000692587232	0.009806452417708078	0.05171519750041805	-0.02139151594690543	0.03031290219743218	-0.05332215250703729	-0.033474653925126156	0.045455897832621696	0.0124330179299557	-0.06175770597649568	0.08982813127668178	-0.15978487597325503	0.04976209478051688	-0.06583566384372039	0.0875965005858548	0.13115417299520066	-0.07984964571081207	-0.10597674340707966	0.0355066583583273	0.025995686487302026	-0.02715738587278541	-0.037518576555328406	-0.020243645683710287	-0.10016360735881852	-0.005725010052576671	0.0040559207736197925	0.04116281804021275	0.04096412917337598	-0.023290791029977255	0.04884428365098601	0.023686715862590337	-0.003318355168361776	-0.010034282243908423	-0.008469832198677807	-0.01356693572450524	-0.010993790109299505	-0.02069391373717774	-0.005088561014213801	-0.007776723576520771	0.0	0.0	0.0	0.0	0.0	0.0	0.0	0.0	0.0	0.0	0.0	0.0	0.0	0.0	0.0	0.0	0.0	0.0	0.0
ec1510	0.16817974721736692	0.009559259750635126	-0.20234426089275628	0.14905562922764254	-0.041459437133759366	0.21113919969444525	-0.06465253386955924	-0.4618196497985986	-0.2265737880971238	0.0679853138896446	0.07470622114570476	-0.010014212094156174	-0.030287383616804695	0.028728771684626845	0.012330226861789736	-0.0165074773295181	0.12948364517250935	0.09285547401656798	-0.03271738593131638	-0.0696738526580146	0.05156328043168132	0.036814223433368966	-0.021197136218447855	0.03991074577956969	0.020773216334045257	0.04045869476788264	-0.06407230153363044	-0.005215866405454052	0.009764220167521155	-0.05929941197813347	0.09696130128067476	0.052965319030455336	0.011096218952133863	-0.038030097365197316	-0.0011601348025017256	0.0065616609354017304	-0.01402701497746196	0.01699831432299282	0.0017613443455488462	0.03909574516347182	0.013786405833744632	-0.07008933612588046	-0.027628870271955392	0.04586396095782328	-0.004733079213575785	0.010623131015266863	-0.018512805817850305	-0.0049769525859467536	-0.0017226773647649341	-0.008122897896710597	-0.0033444975167805616	0.0	0.0	0.0	0.0	0.0	0.0	0.0	0.0	0.0	0.0	0.0	0.0	0.0	0.0	0.0	0.0	0.0	0.0	0.0
ec1511	0.2327378806318085	0.2951172170439886	0.10198111879096623	0.1797215747706456	0.03727075039217984	0.08119812964555169	0.03300712276416875	0.03375558116311607	-0.02770271981822395	0.16234793641837936	0.2391806049371054	0.11840882508150888	0.034379147198239125	0.025456887771812767	0.007563677751604838	0.03631144563515567	-0.1389224307777319	-0.10125131583896135	0.001695600141550456	-0.04944730247679423	-0.025222691943292453	0.025652900100040225	-0.11427416061306228	0.04959345023567606	0.13792600099432042	-0.028949050703977148	-0.0864944865481439	0.05093591293628215	-0.059947195051037155	-0.0721748175776694	0.043651458757868744	-0.005228616327532719	-0.04777325040668855	0.06826958894254156	-0.042228465555394896	0.08325684435809362	-0.051214951789046365	0.004380697632406484	-0.017965637091076802	-0.011165713127537103	0.0019962080323847244	-0.0007319563869852397	-0.02819677894343112	-0.03677951535645746	0.02287713904270869	0.0013992055798805435	-0.018474741438124522	-0.011433409690101086	0.015197182135536032	0.026569010521496465	-0.008333869943918102	0.0	0.0	0.0	0.0	0.0	0.0	0.0	0.0	0.0	0.0	0.0	0.0	0.0	0.0	0.0	0.0	0.0	0.0	0.0
ec1514	0.20807656201875366	0.2612712417494548	0.124068716784603	0.28192836595227305	0.031154521865749216	-0.004094171794723753	-0.11700988947317352	0.026122942819423588	-0.0519281698450384	0.05645779501588113	-0.1207015821590079	-0.057989386206811336	-0.0521155327678336	-0.0502104075185563	-0.003964528569770558	0.005913430940891435	-0.01943854967355513	0.08257354490837428	-0.23613966630567174	0.09851402211148903	0.006575132504057402	-0.011340796760208556	-0.07768365793096343	-0.13173481626851113	0.07014547790456928	-0.14381203921343777	-0.05072793475365843	-0.104161479956081	-0.020464715210190353	0.07061832896649156	-0.04292698047029615	0.01237388794748509	-0.015109180204707853	-0.03157968468797086	0.08886813497859904	0.03614487391430055	0.056378552283776445	-0.02849349959900039	-0.03432731698934406	-0.019505284315916235	-0.03747759901269821	-0.020420912722122216	-0.018888210200943095	-0.01148653732845213	0.03450902700482412	0.032626103975046714	0.028891878622365495	0.012068754692349661	0.009748917221002183	0.0093081418821989	0.0016713259999225842	0.0	0.0	0.0	0.0	0.0	0.0	0.0	0.0	0.0	0.0	0.0	0.0	0.0	0.0	0.0	0.0	0.0	0.0	0.0
ec1521	0.29525042305543037	0.2703695502821508	0.08400124677367125	-0.43237850671273553	-0.05347619597258934	0.014364045307048686	0.12639086746566597	-0.053693098724873004	-0.050793340203926035	-0.13871005682841198	-0.12027047738586173	0.006202822846203064	0.12986763744226487	0.02450669807518552	-0.03782353896165659	0.015216899011381575	-0.0505324521447089	-0.019104584987263015	-0.01699928020947223	-0.04142617041747899	0.15996288925634589	0.060268297700384436	-0.05718018813116098	-0.03845216003538786	-0.042757097850618805	-0.013121279119805833	-0.07391241062274687	0.0738690819889742	-0.06699154733699188	-0.006311653036024863	-0.01870616285275853	0.044866701224672415	0.006255827640016239	-0.03382448808224495	-0.012283376638033736	0.013275106427867082	-0.01668199590004806	0.0045522308862926035	0.028163032564154127	0.015664668165158057	0.021987605613241524	0.0020405040312683185	0.007967665330155957	-0.028265555120431187	0.001721785684477666	0.015150059409592492	0.01173650942913038	-0.023391590083070592	-0.005791163356572692	-0.0075431003295382895	0.0032579416147640304	0.0	0.0	0.0	0.0	0.0	0.0	0.0	0.0	0.0	0.0	0.0	0.0	0.0	0.0	0.0	0.0	0.0	0.0	0.0
ec1524	0.2534640080493676	0.3167253814736099	0.044541583458773445	0.3983547731643199	0.08364885403004474	-0.026813348286068666	-0.12431711353570465	0.012810338610294885	-0.0038483743267161237	-0.17586173419493756	0.17094201113843208	-0.09503194054387913	0.045000555711974095	-0.006468163336696122	-0.02274143896110387	0.007123720999620885	-0.1034419390002937	-0.04265453581154351	0.0489102319524117	0.006763125542170244	0.047621818166616287	-0.01997690034722052	0.026472324725382586	0.033532499033381374	-0.05166486864263713	0.08627374199589277	0.014513306247734791	-0.005133292251616844	0.03269159237101583	0.09722333215030515	-0.01925102449169719	-0.06582190625548232	0.034077701734626493	-0.11256533638297202	0.0763767542561736	-0.009812072844866395	-0.03942763937620972	0.0025982449123644964	-0.03137566893538448	0.03237628277454801	0.03135378051839	-0.02781150577748107	0.06224081744051363	0.010592998408905896	-0.03321147052241911	-0.00023721910817799897	-0.0011000676573092805	-0.005975345534631544	0.017407153257346705	-0.0022117847474579506	0.0030254703211909585	0.0	0.0	0.0	0.0	0.0	0.0	0.0	0.0	0.0	0.0	0.0	0.0	0.0	0.0	0.0	0.0	0.0	0.0	0.0
ec1525	0.2696569220032142	0.24082112334204023	0.09715746397766413	-0.3709762559495082	-0.0981881498182926	-0.0015315790952172186	0.18699405476725767	-0.10215071855438182	0.03439838567630042	-0.028633097201639472	0.08551523622627506	-0.05555964453592717	-0.025983605553659618	-0.024445106416798163	-0.0825803544881846	0.05433056420655786	-0.006627017419188972	-0.016696178947574213	-0.01590889228338216	-0.006335561416180732	0.08176329381543962	-0.1612688995108635	0.060594060516996354	0.05231663025290552	-0.09993504414489335	-0.11804332743371951	0.060024729819215215	0.017782723269186333	-0.028430017307310547	-0.002663283757112886	0.06224854776148953	-0.002283613359224436	-0.024382136991700415	0.027144471409979005	0.060493678221380465	0.024434350736770492	0.06824212077175332	-0.008968400391389256	-0.03316521881827133	0.00031901200132408936	0.0035462786049149184	0.012259342209700028	0.006451139470143883	0.024032870184709697	0.012595520514087388	-0.01712091781649853	0.019273926230324735	-0.0023256995940910104	-0.0023813749787188433	-0.011660611223485343	0.00392450934696697	0.0	0.0	0.0	0.0	0.0	0.0	0.0	0.0	0.0	0.0	0.0	0.0	0.0	0.0	0.0	0.0	0.0	0.0	0.0
ec1526	0.10636840726508323	-0.3852258015484479	-0.037693092350187245	0.08319260383253409	-0.1752880638637637	0.039863609608912706	0.0038702750374618906	-0.21303530330290682	-0.008884969313362301	2.3482944528634864e-05	0.06375809877736972	0.024937357464192324	-0.013550102448832296	-0.03401086104816992	-0.035690791456819186	0.002273326736954261	0.06431360594370672	0.162737390904347	-0.051999817905995574	0.019734809549341287	0.1544735459419441	0.0325873289572998	-0.013030681864529197	0.011309126560978378	-0.021381161372752745	0.1680535049900922	-0.06493907055594432	0.014307763071442036	0.006502681773552995	-0.0646907261535247	0.04040843671319612	-0.05018090684598373	0.035489637191098496	-0.03384267236603321	0.01492145082029371	-0.05641568528690581	0.02450873809197314	-0.0557583772993189	0.015493575333350466	-0.10229273071102386	-0.023746786863863913	0.04276166922973653	0.03224651954087079	-0.016813794500883893	0.017855356460624864	-0.011585182638879525	-0.001156262193207892	0.001059236008675449	-0.011107284793303113	0.02050493626297414	0.00030175246388809067	0.0	0.0	0.0	0.0	0.0	0.0	0.0	0.0	0.0	0.0	0.0	0.0	0.0	0.0	0.0	0.0	0.0	0.0	0.0
ec1529	0.14009746846427876	-0.1763665839587402	0.1510235708104181	-0.045130624049697345	-0.009317008353084646	-0.18976591441803017	0.13360558562553784	-0.03122248636270521	0.048905721258197386	0.012677550848414864	0.14123803947600927	0.1726158149712022	-0.02494831076993615	-0.036005828990793444	-0.029511840727982568	-0.017540085075736535	0.13865377908118443	0.03621159005827089	0.08704983183101472	0.1190816270684143	-0.0461738035138573	-0.06792536471237545	0.046147317989760746	-0.06995233314515216	-0.01996970431510841	-0.10674469099660075	0.036641224597124024	0.004873612188499441	0.04365109964986591	-0.02719493839365906	0.02805635234880998	0.04935460716854462	0.07178109594641038	-0.09390445658734427	-0.029286684433559213	0.07499182633615507	-0.060412012897065444	0.025875514657531844	-0.0010588669031927052	-0.06983707560104599	-0.02589127028080754	-0.03403021608842502	-0.018275033314298802	-0.03171196516056886	-0.028382647859229795	0.04842942531983899	-0.03297554409748817	0.027943243582473954	0.018617056180285006	-0.011267564547204307	0.008383081564684395	0.0	0.0	0.0	0.0	0.0	0.0	0.0	0.0	0.0	0.0	0.0	0.0	0.0	0.0	0.0	0.0	0.0	0.0	0.0
ec1530	0.12162830396512923	0.09764637222743429	-0.13700868249766726	0.022789971569766365	-0.03454526392284032	-0.00534740509055022	-0.059511273847465164	0.0037733276651693683	0.14882445338575637	-0.12653876745637618	-0.15672590592788183	0.2649728861120733	-0.18537349615110993	0.04918592473157199	0.06566695744557782	0.08413550214787448	0.06308137912287652	0.031079717454907927	-0.0818262592254643	-0.19408419238024877	-0.22597750002710013	-0.25909539604284004	-0.040912718444213125	0.025868169403938095	-0.049844861766335354	0.0984243869001081	-0.11149492384637193	0.05581881766772746	-0.08202986126734417	0.010054392903075157	-0.033901577875127015	0.024501579180816982	-0.0024205556851880725	-0.06190962270363021	-0.01756142769940953	-0.0032639474360440755	0.01375153813373959	0.030559846237241357	-0.024020917220856114	-0.0015458674095267363	0.014123076825681098	0.01160808710856767	0.012161621314729561	-0.012108193984204705	0.007844679645825707	-0.0010607533086602612	0.008283610687549927	0.00017327049302713542	-0.005649908227108665	-0.0015206623235203994	0.0009010614155503652	0.0	0.0	0.0	0.0	0.0	0.0	0.0	0.0	0.0	0.0	0.0	0.0	0.0	0.0	0.0	0.0	0.0	0.0	0.0
ec1534	0.0936529810453315	-0.2700958213459725	0.1578173358728492	0.11667498740440523	-0.11162349274152523	0.08650669657956515	-0.02647266035007848	-0.007120126708771824	0.013314603294277463	0.09151716689993412	0.0004996111779812608	0.05161969244652402	-0.012284064081905443	-0.011006985173484867	0.028087683452658066	-0.017120421993014025	0.1483923208799908	0.04937911004575416	-0.1055421298297374	0.013981306334034244	0.10323448071162464	-0.0468836333033022	0.01338677209598716	-0.06373857112007764	0.016170234648120164	0.06508147475248198	0.07026026550802071	-0.044397107724689945	-0.15268213326089525	-0.01223163667659785	0.012247059277479514	-0.09994202822270798	-0.03176313441550498	0.035873210733416656	0.02551745891374594	0.08786732376633159	0.0424716957424023	0.03001281857497838	0.06064262021397581	0.035610155106289246	0.004766262597499319	0.007428366160112948	-0.0050780308105609455	0.029614388495580263	0.004441190076152692	-0.00853111149905083	0.0004150115908270526	-0.006021166524802803	0.02297267447667516	-0.016080728410757812	0.0013411925679569223	0.0	0.0	0.0	0.0	0.0	0.0	0.0	0.0	0.0	0.0	0.0	0.0	0.0	0.0	0.0	0.0	0.0	0.0	0.0
eti112	-0.3251957702498716	0.16127505325752245	0.18059600614516863	-0.1212374499856865	-0.08983521432474395	-0.02215297279493871	-0.01204388689152352	-0.05148912706571688	0.014030260067479008	0.040025409227750296	0.03373718155711899	-0.006092547736197651	-0.027338183114480417	-0.0252825678130263	-0.01759185819481312	-0.004459116286081882	0.008203656360090617	0.002197195952030396	-0.09529112765858071	0.06596909954104839	-0.08145615476780524	0.056202048743611475	0.006397786757444418	0.03812893735110616	-0.02586936453365841	-0.053497709716111105	-0.05342102204330072	0.01740033554742352	0.023976177284037153	0.005053001732040733	-0.0005950279700090986	-0.12250049625424264	0.05995658089206706	-0.020934688676722126	-0.05305389959538574	-0.004850344011683104	-0.007440549895435449	0.06700416705793648	0.0030617487759136606	0.014265082664600531	-0.015994320224222088	0.007381216660674096	-0.00536391323602706	-0.006928675804761655	0.007385611698762285	-0.029516559762608616	-0.038012344447686724	0.004416767034894158	-0.015295306947913015	-0.015578255759261412	-0.012081297392897929	0.0	0.0	0.0	0.0	0.0	0.0	0.0	0.0	0.0	0.0	0.0	0.0	0.0	0.0	0.0	0.0	0.0	0.0	0.0
eti122	-0.1926864697806466	0.05024010614973468	0.020446810057821226	-0.10316027825362241	0.3241401235207052	0.13226899847300277	-0.050335890467365536	0.12830176247586403	-0.04353458101548515	0.09660758092901665	0.006908537084479151	-0.07876336926108003	-0.04377032091674544	0.03320224029801758	0.029535445911486113	-0.03152124982389924	0.11141020798742529	0.028265369268330436	-0.01210607461417761	-0.03962589712635474	-0.028220757515238785	0.014011309968659713	0.0434514185660665	0.04943563475828125	0.027808078889810243	-0.0363846411826455	-0.04932939099194561	-0.00707600575795893	0.040280458775631627	-0.05815881856988727	-0.0033974902621515947	0.07959149234273392	0.04555602568962586	0.036098208194390025	0.07981479309731242	-0.03383214573811597	0.07622427251748654	0.02082822429880942	0.006868957322565684	0.010446722134825491	0.03716888324150505	-0.030261541232997385	0.05537211906509041	0.015934728660358236	-0.040279151409009596	0.053937172459502254	0.002581508551015217	0.009538274090819646	-0.012914815073272743	0.003869008279963647	-0.009168552813698341	0.0	0.0	0.0	0.0	0.0	0.0	0.0	0.0	0.0	0.0	0.0	0.0	0.0	0.0	0.0	0.0	0.0	0.0	0.0
eti124	-0.45691599851235826	0.14112610054103372	0.009448903166143672	-0.013441776117594952	-0.09545677666548803	0.0028868252728432727	-0.0029610463906664802	-0.05853546714938704	0.048515830679851234	-0.03884228241198434	-0.02360104081883692	-0.04645579239936403	-0.03543565950451751	0.003192497889103876	0.017650590156759752	-0.013771938449694685	0.009189805058338614	-0.04363278989913849	0.061822912639630814	0.013685952001990813	-0.0014125719415150303	-0.030068038980191173	0.015170865440477454	-5.648495125977517e-05	0.06635570791970655	0.01003358587394629	-0.06540689284406141	-0.04552806706615151	0.04489025475878059	-0.045970269734367464	0.0015255795852424298	0.017793237818140607	0.06696137724326895	-0.028365958477341413	0.037430929724191986	0.032278485353487665	0.06467559729982075	-0.0019120484778850039	0.031802536323892946	-0.0014623959894327922	-0.09815629854940815	0.012884753406450844	-0.003950867180845685	-0.03506592942237367	-0.06453031517553715	-0.044060938694749106	0.03441042831554018	-0.030636968547360026	0.006867168914198686	0.024221826112373654	0.0074638410123005	0.0	0.0	0.0	0.0	0.0	0.0	0.0	0.0	0.0	0.0	0.0	0.0	0.0	0.0	0.0	0.0	0.0	0.0	0.0
eti126	-0.4144754941949766	0.0054653020061562535	-0.05152715170164629	-0.1418478911288766	0.09354667819064046	-0.0028049630385385367	-0.18732805676511324	0.06871961461806408	-0.03796739181321168	0.036325233843524186	0.11108497758024205	-0.05971169471552411	-0.018540906674723648	-0.0058210540101932455	0.025563393138850952	-0.031746621468623844	0.06090618367458748	0.001457452320618876	-0.025663088357906972	0.03075022320988549	0.026796834827580256	-0.008665382822779254	0.08215418267684897	0.015075909074490908	0.002337748687937312	-0.0012013645968504167	-0.057699979198388304	0.036451192547897394	0.035892907539531706	0.03987598587196932	-0.013127591981177416	-0.1073629003530095	-0.045881897218242325	-0.026279593981392364	-0.07693679635716008	0.0048822425635740106	0.08414358069772812	0.021622353569007522	0.027737634190337326	0.0032738653888898547	0.06215917924841355	-0.011245167950353237	0.02448991725049484	0.0028096218052561287	0.00957907039998962	0.015548794992469854	0.011850312264298158	-0.003898776435504439	0.01526671258168479	-0.0009497505293177068	0.012417440922860477	0.0	0.0	0.0	0.0	0.0	0.0	0.0	0.0	0.0	0.0	0.0	0.0	0.0	0.0	0.0	0.0	0.0	0.0	0.0
eti146	0.2760834663077055	0.297874774835112	0.2862523046813269	-0.07257545923451028	0.045657010131995114	-0.016440772187769393	0.0006596033111718803	-0.04263673361153756	-0.06584047500809895	-0.11161296978113704	-0.05571094799539489	-0.03933639942812102	-0.014601891968657483	0.005983209800558717	0.016779880697427887	-0.014966232801185645	-0.011312723520227398	0.007836095009924543	0.05596247840644204	0.007265857915937772	-0.042497413190514886	0.08724657582323793	0.020492448420014433	0.011157315102798777	0.0448809041483019	0.11346714265466651	-0.005424786588345224	-0.048358890621229084	0.0011546500038949368	0.018290577804509326	-0.04500621402447013	-0.03813854498555932	-0.05682691345340933	0.02542038712155438	-0.06896158539197525	0.0665077650378926	-0.019724865309883686	-0.022512477155523843	-0.04640419678386793	-0.04118258017566141	0.035381835220539164	-0.026407651012874084	-0.0076021758984048315	0.04889471729944053	-0.04417152108154498	-0.046539572235595586	0.011161027121826352	0.015294806510229773	0.0014700034362846643	0.0005148890683923279	-0.0007680254344345222	0.0	0.0	0.0	0.0	0.0	0.0	0.0	0.0	0.0	0.0	0.0	0.0	0.0	0.0	0.0	0.0	0.0	0.0	0.0
eti147	0.15031441618819325	-0.1063664159563936	0.16577693071045635	-0.3263038822610316	0.1340619167824711	-0.07166245608916728	-0.07462331797338903	0.030815556095011742	-0.10745707526627299	-0.11646427743497835	-0.0020631651165361913	0.10870302817918581	0.045439014358615575	0.0036606592057545078	0.01695707157626359	-0.0360676985827232	0.04427056285177176	0.02208140301971148	0.027805063661091416	-0.007541142383622806	-0.022020088103266756	0.059061849446123596	-0.024465052781874132	-0.021459439659124037	-0.0009302159429909273	-0.03179329343562028	0.08181695768155892	0.017092223164145597	-0.02289727522722988	-0.03406270896065335	0.03056545272148685	-0.04227646500333324	-0.04101728646981533	-0.04435101483752276	-0.05701438890862917	0.022140653635771362	0.0212527396916812	0.017815984785991997	-0.004654948585796828	0.010674310109814688	-0.04548141602625444	-0.05999210004414103	0.03918653574390685	-0.02153297977973762	0.000760586119381993	-0.040915355548717676	0.020534809218102672	0.042408881870820606	-0.01225786727896622	0.023541212021238486	-0.0005369219826557547	0.0	0.0	0.0	0.0	0.0	0.0	0.0	0.0	0.0	0.0	0.0	0.0	0.0	0.0	0.0	0.0	0.0	0.0	0.0
eti149	0.1455948839893327	0.13049028274676952	-0.34075757610908247	0.010439641854635244	-0.08052865229553274	0.026269461978479593	-0.05951395987020108	0.005805122878348094	0.21597679909069653	-0.010627788721303797	-0.046213369379506646	0.1278237451074356	-0.0013480707452339046	0.0037312099431286074	-0.27990049814100726	-0.5437231036455605	-0.06077926462783158	0.0025589633322668733	-0.038746534290604304	-0.034925651549203726	-0.0052919796888357615	0.013922906842676363	0.057864036798702244	0.006051631296160921	0.021216497938181204	-0.009001400908158253	-0.0012023889404402727	-0.001189055149713279	0.015768109012057253	-0.007285812165395679	-0.003450516831501381	0.006326462297930865	-0.010872192213133238	0.031223437697967944	-0.0001105006137114542	0.003915264675762845	0.0033980289993973565	-0.004288044845288131	-0.004768683418719275	0.0046915530959669265	0.0016867396404097925	-0.005025993097480936	0.0033894066342049453	0.0039340644516218486	0.002300135453685635	-0.002749744585817191	-0.0030202850797369156	0.002909574808449037	0.001290341484188026	0.0002880693616318546	-0.00032215498532146884	0.0	0.0	0.0	0.0	0.0	0.0	0.0	0.0	0.0	0.0	0.0	0.0	0.0	0.0	0.0	0.0	0.0	0.0	0.0
eti153	0.2700337759198359	0.2833768835279361	0.09905151173810653	-0.36020469312945325	-0.08903582613844799	0.07812015902436739	0.13981299282402931	-0.09380683797547706	-0.017913921411665652	0.08947183039871044	-0.06988181262880563	-0.11001397969222261	-0.017418953377882827	-0.018974726849818147	-0.061656849908985095	0.046003414728157326	-0.0909749601428207	-0.06589974370751409	-0.016244577294383708	0.007830272622368755	0.10766592174724222	-0.16526430256166746	0.04369449001542951	-0.03106175491830354	-0.048662593618899276	0.011385552632671271	-0.022772716954743342	0.04099039693877681	0.09572892376258467	0.03623324242330392	0.0019074272123070007	0.009507109822338747	0.007387884096073026	0.017333890703207358	0.020672081994154334	0.0012021554932207788	0.021367862650698868	0.013820265473714562	0.005766691702154078	-0.01260528265010672	0.004772833111163459	0.008954469120878444	-0.023843772627599524	0.01836836714875985	0.0017099104698258543	0.004991261410655789	-0.03263209586777075	0.002886208915694783	0.006051261277531179	0.01772647831526579	-0.0024854991543686155	0.0	0.0	0.0	0.0	0.0	0.0	0.0	0.0	0.0	0.0	0.0	0.0	0.0	0.0	0.0	0.0	0.0	0.0	0.0
eti154	0.19294210720959717	-0.05950630567817187	0.3292734227129078	0.19613647944830237	-0.13619143344720722	0.05013500516997327	-0.09201611678618896	0.07842633620496989	0.04309392489780043	0.048559057845242004	-0.0927274541715413	-0.05004112165332986	-0.03855877790702944	-0.0076331581882004805	-0.01320950970043758	0.006396955005731265	-0.005730733136494196	0.025473415197101938	-0.002074874305404628	-0.027310001780677776	-0.015940510304769225	0.006134278706009187	-0.015672457220275517	0.025245447886051663	0.02072451144353066	-0.06490935758288602	-0.025653217564941305	0.052747703323419944	0.024179330215003264	0.022590361634697156	0.017265711468706365	0.00462848754722121	0.04338806396577462	-0.014490413995270558	0.00580671331616437	-0.07005812280697825	-0.009654302390617396	-0.0028940041024055683	-0.02680733044245892	0.020185160448746124	-0.01224770090980904	0.03466918495694362	0.010809307638882154	0.005450317087537532	-0.018608305991914705	-0.023971176871055166	-0.04801014570976223	0.022096417096976278	0.0044392157942573255	0.025996673734116273	0.014496859365162042	0.0	0.0	0.0	0.0	0.0	0.0	0.0	0.0	0.0	0.0	0.0	0.0	0.0	0.0	0.0	0.0	0.0	0.0	0.0
eti156	0.0845664868446901	-0.025101353799851706	-0.3197921860306045	-0.18046916938352747	0.20024831184689554	0.044030375871757434	-0.4079853065160855	0.19991486525633917	-0.012170766188217259	0.03886755155735452	0.09043094595274415	-0.019883994562813354	-0.08353169687279359	-0.0017169974970920516	-0.052991425282801465	0.05707801741328359	0.06298094639385925	0.05853327263289778	0.01937204331487455	0.07718241414321345	0.17137029850854546	-0.04808136213468087	0.02865180549585077	0.1347701918523843	0.025160371818543747	-0.029870399358868947	0.01657740133640592	-0.015056882398274426	-0.0706748639806606	0.03414981407953018	-0.016777499999480097	0.08145655300281121	-0.0282755080447471	-0.01980010821620004	0.01679174867016624	-0.010713305242074082	-0.08633500232495243	0.09695172588072716	-0.018655097772932658	-0.054763073185547136	0.004238692161380553	0.052391254891958665	-0.054976158457955934	0.002788002751493165	-0.00611317925156626	-0.031111912507232296	0.020920373170895977	-0.00012594237661300677	0.0014713185256369776	0.0055642949878026305	-0.000947600691579182	0.0	0.0	0.0	0.0	0.0	0.0	0.0	0.0	0.0	0.0	0.0	0.0	0.0	0.0	0.0	0.0	0.0	0.0	0.0
eti161	0.12794501056939026	-0.18391868074618167	0.11117349785202159	-0.28752649833639926	0.15878231620885164	-0.07789570053489935	-0.1153244462697314	0.02369498910286233	-0.08802995611075788	0.010447105469751404	0.07430206078074562	0.03156825551945133	-0.04803242382630333	-0.0521784052595391	0.002561671470874071	-0.013956388436954932	-0.08241803586898964	0.09187751794856087	0.03298803528550624	0.07154205680458744	-0.02783050915335248	0.008844211468781333	0.0015230755488851928	-0.03631967077374699	0.0325311068339356	0.05229564607034917	-0.08128838292117287	-0.005499831018668303	0.024856004487139406	-0.024311081652389117	-0.00899423693162981	-0.029451824328401262	-0.014334220271526915	0.0211264183510194	-0.02609029347187343	-0.06814549542560869	0.06783782652094689	0.060151855933599875	-0.1129723955117918	0.024437028336543258	0.011975269379063347	-0.01426571493399298	0.016986921816310258	-0.00475537548158603	0.021865845656949587	0.020191368393996358	-0.028241798666454525	-0.012950558396308237	0.0041980768736780945	0.0029601011297651107	-0.0009636457277765055	0.0	0.0	0.0	0.0	0.0	0.0	0.0	0.0	0.0	0.0	0.0	0.0	0.0	0.0	0.0	0.0	0.0	0.0	0.0
eti164	0.052460079294640465	-0.1344744220032469	-0.10719255452556521	-0.21011593580127325	0.20714143187038075	-0.0035868726118761123	-0.3148189340057713	0.14705614215118082	-0.11912784265647351	-0.06147394505208551	-0.09567467698025031	0.01681522006125221	-0.025045506417228223	-0.019174543130370165	0.03155953710701739	-0.006581695004732433	-0.07086830432760481	0.05691462332480913	0.027440547479343037	-0.011834639318711222	0.07915851151260522	-0.12882029711371912	-0.07127553550777731	0.041749898971819945	0.05321475574144687	-0.04166190187282055	0.0056587958091357015	0.014064885875946044	-0.0024259765696625006	-0.003753747773728003	-0.00283464704492477	-0.05829359103371497	0.11761298560585692	0.026482018275251713	-0.056904546549988916	0.041050259322586054	-0.012892882652264492	-0.1674402934538833	0.04736620616803993	0.03168011613956076	-0.04114053033957423	-0.01232525939191062	0.005703613742715559	-0.01257089145257731	-0.008498514718622915	0.0037431902378561076	-0.02841874601678034	-0.012252633032266952	0.0011120650318820547	-0.01484750053892006	-0.006895832879336032	0.0	0.0	0.0	0.0	0.0	0.0	0.0	0.0	0.0	0.0	0.0	0.0	0.0	0.0	0.0	0.0	0.0	0.0	0.0
eti165	0.26370923120542317	0.0038118948191740005	0.33628592896005655	-0.10907190963024742	-0.16997471863706515	0.0104511901254011	0.04586784118113222	-0.006973814122464525	0.05220325162584249	-0.057060837189248474	0.03676721458029591	-0.011848042718487679	-0.036392369484795475	0.015791785332739176	-0.027708648523184283	0.006960821813654482	0.04783950183642188	0.04417543762286191	0.05539771045243074	-0.055736686454592364	-0.01741251700900017	0.024670709444308672	-0.020158310113895635	0.11243147904995823	-0.012068240635493688	0.025234523158889535	0.023020128634917376	-0.005976916163348244	0.011091737432343634	0.023695214993853325	-0.027740269113807087	-0.022758075168181877	0.05526556216848755	0.06951748489593135	0.05748720465733568	-0.09646868050501531	-0.038082025939253486	-0.0345423437117288	-0.019119942854715237	0.022302587025594726	-0.03153721297775572	0.006974008649085985	-0.02658139333363033	0.0031793406826588003	-0.004718191079049084	0.030904626134906035	0.01285274330380435	0.015839402038305358	0.011683982879572374	3.932678177945287e-05	-0.007120315224758313	0.0	0.0	0.0	0.0	0.0	0.0	0.0	0.0	0.0	0.0	0.0	0.0	0.0	0.0	0.0	0.0	0.0	0.0	0.0
eti166	0.11057115235288924	-0.42364355495570094	-0.018015310925947128	0.03540237568633064	-0.17150699200955505	-0.021555356605476132	-0.08315057203714302	-0.021198569190735508	0.10667835793339497	-0.003296290469415193	-0.052984448143749495	-0.1487654370942012	-0.026474197069702825	-0.04281846880722106	-0.03775641345919248	0.05382225212867566	-0.25001937487261855	0.05257235274029133	0.10328573146025674	-0.055708481662242015	-0.05667660181084229	0.03526660519522829	0.02683185818236581	-0.012839335113392235	-0.025029887440590298	-0.06200945235139121	-0.06971093928992053	-0.018602585233671278	-0.027051631314619413	-0.09129094095177322	0.035994941025496885	-0.014582049941504223	0.0252781293512117	-0.015950693982902414	-0.02138771323558904	-0.002364580138876314	-0.018073458579884214	0.06339824365260052	0.0043936070435421255	0.02390531019999751	-0.018611701445946524	0.02124102252877875	0.0029375292284893532	0.029692293253576717	-0.008360679657669434	0.010252418764787814	0.020581583339795203	-0.0004319033848944027	0.015754615799432603	-0.014605625780827707	0.000183144042098469	0.0	0.0	0.0	0.0	0.0	0.0	0.0	0.0	0.0	0.0	0.0	0.0	0.0	0.0	0.0	0.0	0.0	0.0	0.0
eti167	0.091386704684457	-0.2789627018641692	0.136966980982113	0.01178021031230914	0.009212636463163342	-0.21353344477276914	0.07154368462073327	-0.003672290885658591	0.05504529504953943	0.11500394192920621	0.03051502722612636	0.06197830007230877	-0.015497153456513837	0.00024695833319306464	-0.0010652292719403598	-0.02954171897506823	0.14015286530223953	-0.004685762623802813	0.049295987913032545	0.09382385349622456	-0.018818754266719615	-0.001980039336417036	0.08637178212597633	-0.05765037917259365	-0.027429303733841122	-0.026772431508738027	-0.05730612240213977	0.018290739659689813	0.029801696234947626	0.0965798563866307	0.004910665447011085	0.04931570917026552	0.053578287348081725	-0.044122147418911226	0.008549392196568719	0.061849653048134674	-0.054406231431885214	-0.059584362153299694	0.027423478749584295	0.031057123454578048	0.10338722902782051	0.03398021673277765	0.02007212734161257	0.016037634285247574	0.014696546502626927	-0.02608965571749834	0.016221236687877682	-0.022045426957665804	-0.01797918963558394	0.021628217302296724	-0.01022957195617432	0.0	0.0	0.0	0.0	0.0	0.0	0.0	0.0	0.0	0.0	0.0	0.0	0.0	0.0	0.0	0.0	0.0	0.0	0.0

Biplot	0	0

Site constraints	0	0
