Eigvals	78
0.7244699661292776	0.24292778153644265	0.16928800177362865	0.11798298750758515	0.08761830180100932	0.058618068861400856	0.0484340246998183	0.03625804263001805	0.028912574017946654	0.023661389722530318	0.016827959748265266	0.014325804662348424	0.012566429791639161	0.009168033513421596	0.008027270349359274	0.0067846473102029375	0.004526875300211924	0.004098198877977709	0.003269654815719829	0.002858935306475019	0.002506199611347855	0.0022514961193456917	0.001969213383923106	0.0013746654877134779	0.001322860571319591	0.0011616042155902714	0.0008221703503179523	0.0006600854105328416	0.0006093082891159077	0.0004868895703005957	0.0003743189565720284	0.00024004357690730893	0.00019164166217116446	0.00015742480039327832	0.00013751849095133652	0.00010951219436565434	3.922528233347889e-05	3.771546479751168e-05	0.0	0.0	0.0	0.0	0.0	0.0	0.0	0.0	0.0	0.0	0.0	0.0	0.0	0.0	0.0	0.0	0.0	0.0	0.0	0.0	0.0	0.0	0.0	0.0	0.0	0.0	0.0	0.0	0.0	0.0	0.0	0.0	0.0	0.0	0.0	0.0	0.0	0.0	0.0	0.0

Proportion explained	78
0.4430800728207441	0.14857270027138944	0.10353519629570516	0.07215745736951837	0.053586656945684326	0.03585034498874758	0.029621864527601086	0.02217513067474669	0.017682700457207053	0.014471117881273145	0.01029184642466658	0.008761548262549261	0.007685528576049597	0.005607096424512083	0.004909414740750246	0.0041494363670161495	0.0027686009516513332	0.0025064258591559474	0.001999694896377971	0.0017485021091360265	0.0015327717617229352	0.0013769971305301798	0.001204355253275658	0.0008407344857296172	0.0008090510106355234	0.0007104279052208195	0.0005028328512170923	0.0004037029903798834	0.0003726481065242452	0.00029777779114441955	0.00022893049855778795	0.00014680874364536906	0.00011720651731632419	9.627975662637483e-05	8.410521599737937e-05	6.69767876141811e-05	2.398987089221959e-05	2.3066478488036735e-05	0.0	0.0	0.0	0.0	0.0	0.0	0.0	0.0	0.0	0.0	0.0	0.0	0.0	0.0	0.0	0.0	0.0	0.0	0.0	0.0	0.0	0.0	0.0	0.0	0.0	0.0	0.0	0.0	0.0	0.0	0.0	0.0	0.0	0.0	0.0	0.0	0.0	0.0	0.0	0.0

Species	0	0

Site	78	78
jr1098	0.022790261522067562	0.0016166953476785015	-0.08548798283624702	-0.016423095381802536	0.025862507418853046	0.002650551876713677	-0.018144298273811615	-0.013943083717808072	-0.00019127966170717146	-0.03236540432512187	-0.002924594565838184	-0.04028403690005759	-0.024699698454259632	-0.016221746824686505	-0.0016301514035863096	-0.011286952526422896	0.016129331702572584	0.010737507706850748	-0.011235778037584422	0.021691784631497735	0.0022817855795797828	-0.0028766193352224093	-0.0037024852561563983	0.0017505897298712	-0.0012987770746972895	0.006068175936611685	9.030263162340511e-05	-0.0024281467034722405	0.0024423825862745032	0.0012367504251898373	-0.0015905800926666394	0.00021031393992122292	-0.00047332615197920335	0.0003329274173737152	-0.0004671378622501773	-0.0008914056002768531	0.00011042547359331017	-0.000160897258132935	0.0	0.0	0.0	0.0	0.0	0.0	0.0	0.0	0.0	0.0	0.0	0.0	0.0	0.0	0.0	0.0	0.0	0.0	0.0	0.0	0.0	0.0	0.0	0.0	0.0	0.0	0.0	0.0	0.0	0.0	0.0	0.0	0.0	0.0	0.0	0.0	0.0	0.0	0.0	0.0
jr1099	0.13993256125484396	-0.0947977291208479	-0.14511070121549374	-0.0420763189753333	-0.011192952002159182	0.0036144659630324145	-0.0664799634622902	-0.006362095116571055	0.0037271460984108283	-0.014052336218726692	0.029028435677574627	-0.018216350630924905	0.008376497722018905	0.003594830751521109	-0.005129032164663383	0.006950727823343136	-0.0010477962345031113	-0.01040474755750354	-0.0005570830038410037	-0.010410832442075694	0.005782158469759477	0.0024191612792597472	0.0021624413382786557	-0.0005518631427091818	-0.0025769232818066176	-0.0002317506739207519	0.00013940703715449812	0.0013841033647987206	8.810728208914966e-06	-5.41244205531807e-05	0.0005736621957794733	0.00015167780545200134	-5.55468452692903e-05	-0.00020593453121703156	0.00012755256608245572	0.0003089955305826833	-3.382731759739657e-05	3.953970164647661e-05	0.0	0.0	0.0	0.0	0.0	0.0	0.0	0.0	0.0	0.0	0.0	0.0	0.0	0.0	0.0	0.0	0.0	0.0	0.0	0.0	0.0	0.0	0.0	0.0	0.0	0.0	0.0	0.0	0.0	0.0	0.0	0.0	0.0	0.0	0.0	0.0	0.0	0.0	0.0	0.0
jr1100	-0.06304039210336508	0.003996794591503386	0.006539212609696372	0.001775453197820612	-0.017538121397176257	0.00619721726257896	0.0038842003088742335	-0.006344553634406183	-0.008307565527550135	-0.004941991708666442	-0.008146980385925755	0.004310243451233978	-0.0043269925951925255	0.005858199793608968	-0.0071058792039342955	-0.00949970895488472	0.003453206231574452	-0.0012937630940761187	-0.00606071984777653	-0.0035181553483213477	-0.009077691426941061	-0.005107342917082258	0.0054984904775263665	-0.0058772853210528045	-0.006385081702383364	0.0019088889591422616	0.006739874260149348	-0.001755604948525202	0.00212102320830763	0.0017473903349605243	-0.0006509052191484428	0.0007098691122655193	-0.0013662849741550907	0.0016822382605929886	0.0034458706190728158	0.003578611311087048	-0.00017893438939771552	-0.0008494030967359308	0.0	0.0	0.0	0.0	0.0	0.0	0.0	0.0	0.0	0.0	0.0	0.0	0.0	0.0	0.0	0.0	0.0	0.0	0.0	0.0	0.0	0.0	0.0	0.0	0.0	0.0	0.0	0.0	0.0	0.0	0.0	0.0	0.0	0.0	0.0	0.0	0.0	0.0	0.0	0.0
jr1101	0.009909718349949859	-0.019581202837565478	-0.05413851203221295	-0.015727703048425766	0.11579644822525324	-0.016122393015806896	0.030094739370531358	0.030668751733635084	0.0008558118025956398	-0.0077966927638933835	-0.03091702298231999	-0.011258339485806554	0.0026187440447391266	0.00440132132081654	0.018180080111291696	0.017537647116526396	0.003202978561684768	-0.002298398856331288	-0.00913747767444113	-0.01177643161153635	0.004948469492250277	-0.011689424851662111	-0.00031107547501851125	0.0005820894046760919	0.0059096019294336884	-0.004174476349368555	0.00252455623488279	0.0006549087964294743	-0.0026599937679244435	0.001788608028005301	0.0007640552001312679	-0.00038817399206347386	-0.00019233989683332294	3.946891291664235e-05	0.0003210770406196051	-0.0005475648957321682	2.1720710359080805e-05	-7.530422420523037e-05	0.0	0.0	0.0	0.0	0.0	0.0	0.0	0.0	0.0	0.0	0.0	0.0	0.0	0.0	0.0	0.0	0.0	0.0	0.0	0.0	0.0	0.0	0.0	0.0	0.0	0.0	0.0	0.0	0.0	0.0	0.0	0.0	0.0	0.0	0.0	0.0	0.0	0.0	0.0	0.0
jr1113	-0.05750211805418492	0.005652428543241923	0.006692675807093173	0.00886306180558772	-0.016697750941278303	0.02019680255884605	0.00020299342525912083	-0.00028440484966747433	0.004358098675295195	0.0026530655302609255	-0.01191391433404592	0.011327941130224296	-0.003131338556816945	-0.0023207534938771038	-0.013957036508837969	0.005790004946833504	0.002338345314060503	-0.011807021391934113	-0.00649134398069499	-0.0009904309912538497	-0.005412390796020614	-0.007110801759763145	-0.00029972488320901685	0.0014868150450890517	0.0029490047987993486	-0.0008334423562869355	-0.005566987626313147	0.002322444630255383	-0.0012274544315565219	0.0016043386975498483	0.0007256909807454604	0.00044128701834529957	0.0004157488387701429	0.003594653814500394	-0.0023590506197003133	0.00020589167833980318	0.0011389302000536518	-0.0009976949036726729	0.0	0.0	0.0	0.0	0.0	0.0	0.0	0.0	0.0	0.0	0.0	0.0	0.0	0.0	0.0	0.0	0.0	0.0	0.0	0.0	0.0	0.0	0.0	0.0	0.0	0.0	0.0	0.0	0.0	0.0	0.0	0.0	0.0	0.0	0.0	0.0	0.0	0.0	0.0	0.0
jr1114	-0.0806055767751609	-0.008859614284224505	-0.018603100985687373	-0.019626491562674982	0.005396051962519056	-0.008095866974474748	-0.017537751999284416	-0.0014114591573394406	0.001652999386120345	0.004063566206786784	0.015720740188735326	-0.002743446276825324	-0.008971719033542037	0.00031862914562130393	0.0027356534284534583	-0.0038043696497734518	0.0017203273523238903	0.008102269608393624	-0.015782364480448653	0.0009921142582113528	-0.0012417262186600192	-0.005298627078594135	-0.003786632284135289	0.003054788893787345	-0.0027495460108393093	-0.003708090866019785	-0.005385560479167817	0.0011342233045986635	-0.001997390044903559	0.002226444176545381	0.0003471316027072947	0.0004847714609449578	0.00028844432149638936	-0.0007843810000113426	-0.0009945832646580139	0.002423825136845402	-0.00019075456164290548	-0.00022566163294501784	0.0	0.0	0.0	0.0	0.0	0.0	0.0	0.0	0.0	0.0	0.0	0.0	0.0	0.0	0.0	0.0	0.0	0.0	0.0	0.0	0.0	0.0	0.0	0.0	0.0	0.0	0.0	0.0	0.0	0.0	0.0	0.0	0.0	0.0	0.0	0.0	0.0	0.0	0.0	0.0
jr1115	0.08193789585455472	-0.05700835002045553	0.07132017363504153	-0.03339842122387626	0.03164621509170766	0.06166979937850755	-0.01158820236736015	0.008302206079204425	-0.006936262416724763	-0.02086015133406573	-0.022654952951215546	-0.004342215546186012	0.009946201895188975	0.022627557092818818	-0.008856421797300024	-0.0052445213675981215	-0.010377620977537133	-0.013689872046522366	-0.006464309113620041	0.003594832809497091	0.004037657117237153	0.001507773683454857	0.007912763258095583	-0.0010627955360349708	-0.003142571548244234	0.0011189519450122345	-0.0017345682258188562	-0.002137322695354618	0.0022356115198434536	0.0012498280924285803	0.0003976220008146465	0.0006866970321175033	4.534623448262586e-05	-0.00017868320216275286	-0.0003187853610930877	4.322278104083704e-05	4.548808772932545e-05	0.0001896417210175573	0.0	0.0	0.0	0.0	0.0	0.0	0.0	0.0	0.0	0.0	0.0	0.0	0.0	0.0	0.0	0.0	0.0	0.0	0.0	0.0	0.0	0.0	0.0	0.0	0.0	0.0	0.0	0.0	0.0	0.0	0.0	0.0	0.0	0.0	0.0	0.0	0.0	0.0	0.0	0.0
jr1116	0.17814582231349474	-0.06794251092825133	-0.10643178772469038	-0.008522097313159808	-0.03646863209610967	0.019310158963301922	0.008346802124980502	0.019447031363296827	-0.028475741727514943	0.006101974704172155	0.0010851525658929163	0.049117431995469314	0.0046817282551881645	0.00530302708043919	0.0002771976774986339	0.010011796262150052	0.009711164930545794	0.0067914572417403455	0.0017620980724573547	0.004344711686750692	0.0026893927447117377	-0.008872229209009258	-0.007923908631599214	-0.005755582963261736	-0.002084781696671161	0.0033807390621556034	0.0020543350741029157	-0.0011812574958393284	0.0008931921646338082	0.0009503323812827638	-0.0015338308949941594	-1.9099958258136772e-05	8.612649066149353e-05	-9.834162689704607e-05	-0.0001665666431697912	-0.0001621500253652331	-2.319751403205121e-05	-0.00016793404930491763	0.0	0.0	0.0	0.0	0.0	0.0	0.0	0.0	0.0	0.0	0.0	0.0	0.0	0.0	0.0	0.0	0.0	0.0	0.0	0.0	0.0	0.0	0.0	0.0	0.0	0.0	0.0	0.0	0.0	0.0	0.0	0.0	0.0	0.0	0.0	0.0	0.0	0.0	0.0	0.0
jr1117	-0.07041309636393582	0.0028919551692326703	0.013827255380783922	0.006316336127498411	-0.02511148360232461	0.011389936143587204	0.009892664523831708	-0.011241349095655188	-0.008374179686105846	2.6121816288645316e-05	-0.0034777901570611004	-0.0035381915504145733	-0.00019586788150658332	0.0018944760536245442	0.004963047089986423	-0.002282118900409167	-0.0019346861922188588	0.003232315002156065	0.0006707191900961848	0.002560471613861234	0.004603502892912041	3.1793221001675536e-05	-0.0012072986086285242	-0.001721480237106694	0.0030777418438783675	0.002845077692305225	0.0034572270175208157	0.0024714168316038554	0.0009825108003943183	-0.0031631661999444987	0.003523536179040864	0.0009737395900419976	0.0015250157332830677	0.003587046376778749	-0.002490801893222058	0.0009823123751496288	0.0017978705043321587	-0.0003888627019296676	0.0	0.0	0.0	0.0	0.0	0.0	0.0	0.0	0.0	0.0	0.0	0.0	0.0	0.0	0.0	0.0	0.0	0.0	0.0	0.0	0.0	0.0	0.0	0.0	0.0	0.0	0.0	0.0	0.0	0.0	0.0	0.0	0.0	0.0	0.0	0.0	0.0	0.0	0.0	0.0
jr1118	0.15315352085147177	-0.05859530876492711	0.16028578025441684	-0.13794879131915203	0.014993774697650121	-0.026609958776798313	-0.023257585833716468	0.010299234406691988	0.02017395948067827	0.005177891425624331	0.00044853125481031896	-0.013307382900426896	-0.022867967568440895	0.0077632540322414905	-0.01397166798968343	0.007960796527842623	-0.0014104343372123072	0.005609498639876002	0.007914712889182957	0.007038392311398922	-0.003190254159423671	-0.008038971935953139	0.009182161292130278	0.0023475444087241986	-0.0007049307419772124	-0.002317482494645256	0.0007250070923829847	-0.0003454330056765891	0.0025646452019924015	0.00011605421055477931	0.00014550502723544294	-5.926650117358333e-06	0.00013656778084748515	0.00018578332653579582	-0.00028716834767137425	0.0003117800317207791	-3.916791117953595e-05	-7.260691976799546e-06	0.0	0.0	0.0	0.0	0.0	0.0	0.0	0.0	0.0	0.0	0.0	0.0	0.0	0.0	0.0	0.0	0.0	0.0	0.0	0.0	0.0	0.0	0.0	0.0	0.0	0.0	0.0	0.0	0.0	0.0	0.0	0.0	0.0	0.0	0.0	0.0	0.0	0.0	0.0	0.0
jr1119	-0.02315038633211085	-0.004330612387295452	0.0024762791421791756	0.008341877045542312	-0.0058128656232270355	0.004016519117147763	0.022928802095223074	0.023545480818008113	0.00858426751612054	-0.004359947755837668	-0.009563961804474932	0.020896609109232845	0.0151259660236684	-0.014805808198224779	-0.009070169251480869	0.004355203001632246	-0.013025842873518458	0.0004129329499119851	-0.0032380141562165887	0.007524326985674749	-0.0038830351874168177	0.003908299114545083	0.004630936542044378	-0.0005392045923636413	-0.0057543485078564065	-0.0026457468245958257	-0.0008653397151870018	-0.003319655188345571	-0.004804680943857134	0.0003108707986506303	-0.0019275432696470613	0.0022973938748235704	-0.0010726415944983681	-0.000712954874291328	-0.00033807792762953167	-6.217495928541059e-05	0.0006357535963936342	-0.0003443229484793322	0.0	0.0	0.0	0.0	0.0	0.0	0.0	0.0	0.0	0.0	0.0	0.0	0.0	0.0	0.0	0.0	0.0	0.0	0.0	0.0	0.0	0.0	0.0	0.0	0.0	0.0	0.0	0.0	0.0	0.0	0.0	0.0	0.0	0.0	0.0	0.0	0.0	0.0	0.0	0.0
jr1121	-0.05644109256046708	0.0038238345554774946	0.017033288216418287	0.012437999937434358	-0.029904111472331376	0.004917428855437809	0.009031659892509803	-0.002407573141049054	-0.0007280569130728441	-0.002627577275439079	-0.0038332151919600746	-0.00042202286791934537	0.014377794017440961	-0.015285268979700922	-0.005830680870529789	0.007620762398541199	-0.0015705541086594012	0.0021982556555738063	-0.006880096919091195	-0.006833999580513886	-0.008828597094636273	0.0008038242004169859	0.003040150655760119	0.004713453096710254	0.0022979709323904573	-0.00642735802594376	-9.991926702755028e-05	-0.008546291936531116	-0.0004017885299467295	0.0020915654313056037	-0.0034050496391599874	0.0005581480183060824	0.004080378653804904	3.799962999885313e-05	0.0020900802453890782	-0.0013609393237158486	0.0008393385580841427	0.0007136917032493695	0.0	0.0	0.0	0.0	0.0	0.0	0.0	0.0	0.0	0.0	0.0	0.0	0.0	0.0	0.0	0.0	0.0	0.0	0.0	0.0	0.0	0.0	0.0	0.0	0.0	0.0	0.0	0.0	0.0	0.0	0.0	0.0	0.0	0.0	0.0	0.0	0.0	0.0	0.0	0.0
jr1122	0.14166244987984028	-0.002487567943049604	-0.08485337949488651	0.003780586171719869	-0.04667130105249467	0.028382587170739798	0.002868766890252012	-0.032414948807115665	-0.04391583915275259	0.006712092239490002	-0.011224773875559728	-0.012119162475001834	6.610472225086892e-05	0.017211915358719028	0.03173337232602417	-0.008315704926936498	-0.00853744369446763	-0.0030516199321591483	-0.002588129017958196	0.004614017128965112	-0.007928803940217914	-0.0036225710919967464	0.004827702372581295	0.006503456060889635	0.0021632658377001377	-0.00019973259451649223	-0.0005802683196296225	0.0018616275779803541	0.0002301570953367163	-0.00045059961855198837	0.000263984094651642	-0.000535255204105303	-0.00015532487422306086	-3.44433025723683e-05	6.266805967037685e-05	0.0005565620154003114	-0.00015149201343438425	1.973507822534524e-06	0.0	0.0	0.0	0.0	0.0	0.0	0.0	0.0	0.0	0.0	0.0	0.0	0.0	0.0	0.0	0.0	0.0	0.0	0.0	0.0	0.0	0.0	0.0	0.0	0.0	0.0	0.0	0.0	0.0	0.0	0.0	0.0	0.0	0.0	0.0	0.0	0.0	0.0	0.0	0.0
jr1123	0.33401835009028824	-0.001890968948405357	-0.1304657588961235	-0.026814531827378096	-0.10364659782214672	-0.053147772813177445	0.04450240573333063	0.03914266625709619	0.009694895693675884	-0.012632961142164114	0.01367515784582378	-0.011919541551177167	-0.004773595843725322	0.016403909581053623	-0.016401651735964563	-0.002087372513878353	-0.001772805633433742	0.0036617753961859126	0.002971871942155916	0.0004947953256510307	0.0010212021197442132	0.003332320751232714	0.0019153883117784371	0.001042657201836276	0.001238488057455177	-0.0022850677842428087	-0.00027314361512087155	-0.0002248707478976989	0.0003146011783356075	-0.00011544178346413255	0.0006420114174618185	4.3391971674542895e-05	-0.00024298224668378856	8.519949413668735e-05	5.772757249534221e-05	-0.0001679098205055958	0.00014927324884584183	7.089020742720106e-05	0.0	0.0	0.0	0.0	0.0	0.0	0.0	0.0	0.0	0.0	0.0	0.0	0.0	0.0	0.0	0.0	0.0	0.0	0.0	0.0	0.0	0.0	0.0	0.0	0.0	0.0	0.0	0.0	0.0	0.0	0.0	0.0	0.0	0.0	0.0	0.0	0.0	0.0	0.0	0.0
jr1124	0.03356199562427087	-0.040641767953086425	-0.07615636498470664	0.016241723324200846	-0.06672708818912101	0.01673400939416462	0.03038340299039406	0.005892795258375467	0.0132883422127945	-0.0074168509335736325	-0.023266535168942802	-0.03079092968629766	-1.960925579993408e-05	-0.03096396594473477	0.00021109580332476512	0.011492658881087811	-0.011814195286866488	0.0010293742896941031	0.000681341946802561	-0.0035138405411352493	-0.008026633354008918	0.0014573679511451945	0.004408587996332891	0.00033348898946716993	0.0006616295398444139	-0.0012011737314219324	0.0008566729853912634	-0.00031648002308202686	-0.0014955726332139296	0.00023867740286824475	-6.601531165068133e-05	-8.925903503777996e-05	0.0008311584520580461	4.306355280859766e-05	1.406372824430247e-05	-0.00028072288913273495	-8.889863144078935e-05	0.00021440229232117257	0.0	0.0	0.0	0.0	0.0	0.0	0.0	0.0	0.0	0.0	0.0	0.0	0.0	0.0	0.0	0.0	0.0	0.0	0.0	0.0	0.0	0.0	0.0	0.0	0.0	0.0	0.0	0.0	0.0	0.0	0.0	0.0	0.0	0.0	0.0	0.0	0.0	0.0	0.0	0.0
jr1125	0.15580492761091705	0.05826714183116527	-0.050750971321297016	-0.019109738325357662	0.0992353484311178	-0.05970618074133327	0.0015186223246532865	0.0007951616889477206	-0.022373261869412586	0.07952054704644132	-0.005103358416013674	0.0014070865272453163	0.011081996960269376	-0.014155595946668877	0.0049649487714901715	-0.007403481751605298	0.0010146829339427628	-0.0038288517901163416	-0.0030631445084360774	0.0032039030476437884	-0.004930406428725965	0.006999343514605111	0.0033581933735091518	0.002300470206325287	2.002910028089303e-05	-0.0008087828088602511	-0.00029035958693345417	0.00023064358843911996	0.0005219080894667807	0.00013468727100590658	-0.000264096323261075	0.00021945810585340933	7.634474195003555e-05	0.00015840484610786258	-0.00015385441437561125	0.00020197194193294802	-2.7221182257510574e-06	-3.325756957988472e-05	0.0	0.0	0.0	0.0	0.0	0.0	0.0	0.0	0.0	0.0	0.0	0.0	0.0	0.0	0.0	0.0	0.0	0.0	0.0	0.0	0.0	0.0	0.0	0.0	0.0	0.0	0.0	0.0	0.0	0.0	0.0	0.0	0.0	0.0	0.0	0.0	0.0	0.0	0.0	0.0
jr1126	0.02852860386586634	-0.06578045357560203	0.0210909797550199	-0.043817056342451324	0.04745936372149241	0.016533166306072676	0.027502182910341216	0.05033946923802646	-0.02803953402886063	-0.028425477455350855	-0.010725418088710185	-0.011546372850297689	-0.00911989287409183	-0.011624163936253193	-0.0064317669338385276	0.002905029003740902	0.017169248160421955	0.0075150662824339685	-0.000740470701619317	-0.006671211081856321	-0.008038055016209512	0.011156496362361601	-0.0065590341818145305	-0.005679512155570064	-0.005173722831636111	7.309641304983474e-05	-0.003566853951583847	0.002037755697026994	-0.00013951677731753012	-0.0006670759443200422	0.0017675123026872524	-0.0018996742639394047	3.70917417845032e-05	-0.00017223097132864482	0.000766423479343886	4.8177623550013255e-05	-0.00012100789369057562	0.00014239032424910868	0.0	0.0	0.0	0.0	0.0	0.0	0.0	0.0	0.0	0.0	0.0	0.0	0.0	0.0	0.0	0.0	0.0	0.0	0.0	0.0	0.0	0.0	0.0	0.0	0.0	0.0	0.0	0.0	0.0	0.0	0.0	0.0	0.0	0.0	0.0	0.0	0.0	0.0	0.0	0.0
jr1127	-0.027310740785864124	0.0034236880303520887	-0.023636692679146892	-0.003529639833410915	0.017413922523538555	-0.00905964354109471	-0.0023916348525450967	0.0057676442823606745	0.010256489916537425	-0.0028537634464455455	-0.01060543968680504	0.007434899227467598	0.0017969444956421098	-0.0189574471392252	-1.8464502423068683e-05	0.0006844865488511905	-0.010217590303605271	-0.0010482950235936447	-0.004859165314686991	0.0006524118618657251	0.006759165556272754	-0.006382735552052076	0.0036974725820167658	-0.003660410900872849	0.0016554332952754857	0.0038256666667251544	-0.006709040693699688	-0.0041884729271956245	0.00844403157302084	0.0022894669982113135	0.0032140514793976673	-0.0026313870880766443	-0.0009577386071488751	-0.00035559162387338377	0.001761634093576527	0.00251721076705503	0.0005182950573048847	-0.0007226140540313542	0.0	0.0	0.0	0.0	0.0	0.0	0.0	0.0	0.0	0.0	0.0	0.0	0.0	0.0	0.0	0.0	0.0	0.0	0.0	0.0	0.0	0.0	0.0	0.0	0.0	0.0	0.0	0.0	0.0	0.0	0.0	0.0	0.0	0.0	0.0	0.0	0.0	0.0	0.0	0.0
jr1128	-0.0156263132689261	0.022052262675138466	-0.030204081080624195	0.010447380697624678	0.03367435433240878	-5.781000970724431e-05	0.018305970708874193	-0.01685902546054895	0.003160193379880068	0.020644792088968137	-0.026936019088819135	-0.011756758191639025	-0.014502189041588127	0.004687626892747755	-0.010092867222474466	0.01621724335240897	-0.004147108734729438	0.006744646170080083	0.008322682616709098	-0.0047503637600336875	-0.006425387041584901	0.0024309022190509275	-0.00728649002948773	-0.002046201539447278	-0.000871502220235943	0.0015132868787266873	0.0020252990738566326	-0.00027362849029060894	0.0026353701579912977	-0.0018018079720411653	-0.0022939941642866864	0.0010131005359138377	-0.00014114149583445754	-0.0004888711694533733	-0.001112262211301832	0.0006842619856169464	-0.00027158804534238476	0.00013292637388183061	0.0	0.0	0.0	0.0	0.0	0.0	0.0	0.0	0.0	0.0	0.0	0.0	0.0	0.0	0.0	0.0	0.0	0.0	0.0	0.0	0.0	0.0	0.0	0.0	0.0	0.0	0.0	0.0	0.0	0.0	0.0	0.0	0.0	0.0	0.0	0.0	0.0	0.0	0.0	0.0
jr1249	-0.043415808145302805	0.002389131809391804	0.012862540228176612	0.006783357335183391	-0.01430809392399317	0.005977311307055971	0.005086255063083079	-0.00012148974013598865	-0.00022244574891926652	-0.009004035400230051	-0.0006476880724209141	-0.006030927386300616	-0.0012409159802908192	0.009724135810599005	0.009465518555539329	-0.0078764157045886	0.005086797619224098	-0.005068886032310788	-0.0006737501313537193	-0.004647333234867276	-0.004105931189080355	-0.0038487471189709863	0.0018935129465052706	-0.0012122357090832544	0.0036256331490464536	0.003462510708660063	-0.0027222804479169922	0.001162266749211283	-0.004791894799793983	0.0009559563057387607	-0.0019015323148592431	0.003233639953840037	-0.0005675545046191592	-0.002280542685519353	0.0015610960323630089	-0.0018415183761497323	0.0019169590526555561	0.0009665051889836807	0.0	0.0	0.0	0.0	0.0	0.0	0.0	0.0	0.0	0.0	0.0	0.0	0.0	0.0	0.0	0.0	0.0	0.0	0.0	0.0	0.0	0.0	0.0	0.0	0.0	0.0	0.0	0.0	0.0	0.0	0.0	0.0	0.0	0.0	0.0	0.0	0.0	0.0	0.0	0.0
jr1250	0.06543594290439081	0.026742285514886003	-0.028897462779688125	0.008947109405956903	0.05142308720165035	0.05446290881020064	-0.0059895118708436015	0.0015442300193438546	-0.004370190952231675	-0.02640428236894586	0.03309162589919524	0.013331157055727209	-0.03729733281312181	-0.009775974480860686	0.005416405979830791	-0.004364877582183784	-0.018503259040442283	-0.022462655031263906	0.010791220528012672	0.003681796018441396	-0.005683024450381723	-0.0037310687217797177	-0.011764789338556686	0.0020699678928613207	0.002633004425248907	-0.010557874830242222	0.0023262218121837008	-0.0026229278922453997	-5.692827950761134e-05	0.0006340408573398883	-0.0004794363645367124	-0.0001892579739339775	-0.0007369440510506669	0.0006135803643847806	0.00047703043138157226	0.0005980917009432453	-5.723812304557571e-05	3.4891415453490576e-06	0.0	0.0	0.0	0.0	0.0	0.0	0.0	0.0	0.0	0.0	0.0	0.0	0.0	0.0	0.0	0.0	0.0	0.0	0.0	0.0	0.0	0.0	0.0	0.0	0.0	0.0	0.0	0.0	0.0	0.0	0.0	0.0	0.0	0.0	0.0	0.0	0.0	0.0	0.0	0.0
jr1251	-0.07769168799310898	0.002604095471222119	0.006410352719577902	-0.005751221648959727	-0.009838760966899047	0.0016398302295544032	-0.005965480248693413	-0.002821791554098248	-0.015737651608492432	0.004548115513268979	-0.0011801956820896452	0.00483269234148785	-0.01880051269562667	0.004513012737723894	-0.0005463672856830516	0.0055452287789625005	-0.0005696550648611413	-0.0020160896348482586	0.016334131193244148	-0.0005972379432486039	0.002707573825805428	0.00046659877514261143	0.002139373853249298	0.0001226965591231779	-0.0036844193820332956	0.00289934479710788	-0.001151670595534515	0.0027336087535568447	-0.004206774715352672	0.004352513615335827	-0.0032224008270339425	-0.0056101138146430985	-0.0007392428703482121	0.00014415602441454403	0.0007839728701624993	-5.8566078626176724e-05	0.0008282971596253207	-0.0010916070407663637	0.0	0.0	0.0	0.0	0.0	0.0	0.0	0.0	0.0	0.0	0.0	0.0	0.0	0.0	0.0	0.0	0.0	0.0	0.0	0.0	0.0	0.0	0.0	0.0	0.0	0.0	0.0	0.0	0.0	0.0	0.0	0.0	0.0	0.0	0.0	0.0	0.0	0.0	0.0	0.0
jr1252	0.015203657424749002	0.028146786435082248	-0.027312847582153996	0.01999923288953932	0.0363962067879627	0.041143093335215805	0.0022201678771430794	0.02700853131439185	0.025625460177696197	-0.015470212299348808	0.0049951764156475845	0.010850792538278945	-0.030906830833378	-0.009636707646363697	0.008166513562927474	0.007405915289107314	0.00030833195128263075	0.01318849245700268	-0.008316633296323867	-0.007432440581524256	0.0007645819569896215	0.00674179606892482	0.01049958364846741	-0.006358466431844231	0.003720939689750624	0.005616583572490277	0.0037236347054025337	0.0013876521534943221	-0.00199718810436774	-0.003285103415096118	0.0004981369719488251	0.0007426367219725062	0.0008514358611138604	-7.901020752685631e-06	-0.000805519808976738	-0.00017542631204854858	-4.8915620893504825e-05	8.997280237303796e-05	0.0	0.0	0.0	0.0	0.0	0.0	0.0	0.0	0.0	0.0	0.0	0.0	0.0	0.0	0.0	0.0	0.0	0.0	0.0	0.0	0.0	0.0	0.0	0.0	0.0	0.0	0.0	0.0	0.0	0.0	0.0	0.0	0.0	0.0	0.0	0.0	0.0	0.0	0.0	0.0
jr1254	-0.06832689020201797	-0.001374679976394802	-0.0018157531893370636	-0.013372898255550698	0.005590791185860101	-0.007383950295732228	-0.011988648320500861	-0.0009441952997215156	-0.005093335479110087	0.0012632608279273265	0.011878916863266439	-0.0006379384532473024	-0.013200348487882537	-0.003652005456774928	0.007210390494733204	0.00750885433183722	-0.007214462468678925	0.003303461339840822	0.006536053441995158	0.0019498286971835524	-0.0019188231039872546	-7.456218970770431e-05	0.004628725415054565	0.0018918727484038627	0.004386776076810663	0.005919718282246668	-0.0037143741844560844	0.00035491384975041033	-0.0013111129275237925	0.0008956878732167289	-0.002539478496235833	0.004528182674044728	0.001250237372428455	-0.0030900954618777055	-0.0006085427268877286	0.002376620691811229	-0.0013295719842129296	-0.0007182114172840193	0.0	0.0	0.0	0.0	0.0	0.0	0.0	0.0	0.0	0.0	0.0	0.0	0.0	0.0	0.0	0.0	0.0	0.0	0.0	0.0	0.0	0.0	0.0	0.0	0.0	0.0	0.0	0.0	0.0	0.0	0.0	0.0	0.0	0.0	0.0	0.0	0.0	0.0	0.0	0.0
jr1255	-0.09141382759216411	0.0024988551221126524	-0.004323925823619109	-0.012397211971234676	-0.0005277350167746915	-0.0036020118476148525	-0.018897469705081146	-0.005765874046334033	-0.011434625819982584	0.006646011036397282	0.0022407306642211024	0.001989460655667051	-0.014931376453879232	0.0001708684342147659	1.9697346429142125e-05	0.006679787163392116	-0.002133511668740857	0.003011688482549881	-0.0028287027558090106	0.00848120651438833	0.007483417338493931	0.004635802506889477	-0.0022542247979309175	0.00827973400363195	-0.001181295599775398	0.00545153579493179	-0.0019441324317189448	-0.0023634850845681925	-0.0003241149862785161	0.0013160301555750907	0.0003276817839339832	0.001961059753207737	0.001132365521808419	0.0030548497055494094	-0.0013814009811523621	-0.0008517300414945625	0.00012132222711327273	0.000127567265703953	0.0	0.0	0.0	0.0	0.0	0.0	0.0	0.0	0.0	0.0	0.0	0.0	0.0	0.0	0.0	0.0	0.0	0.0	0.0	0.0	0.0	0.0	0.0	0.0	0.0	0.0	0.0	0.0	0.0	0.0	0.0	0.0	0.0	0.0	0.0	0.0	0.0	0.0	0.0	0.0
jr1256	-0.02373244728098089	-0.04885319030813819	-0.014224874558003886	-0.017596523972321063	0.010273994796590068	-0.007864650977928149	0.027884138537085115	0.036227183876435864	-0.012286706498823685	0.02389806958004733	-0.012853362975674165	0.01538297925308041	-0.006477097770145728	-0.01615764201011826	0.0286953282922905	-0.01932020762041212	0.012881575673685298	-0.005156204997892761	0.01018057756052384	0.00151417109109531	0.005256206610922132	-0.0064934287867935425	0.005308458066778822	0.002212604201799088	-0.0012546645786331331	-0.004034221576042467	-0.0023226476858233705	0.004169711305260389	0.00021405332106853864	-0.000914266347057521	-0.000698241690811165	0.001581776681244734	-0.00022120333038333379	-0.0005685080134888006	-8.948877344252253e-05	0.00035542945099542025	0.00021734191706545907	-6.795775765553368e-05	0.0	0.0	0.0	0.0	0.0	0.0	0.0	0.0	0.0	0.0	0.0	0.0	0.0	0.0	0.0	0.0	0.0	0.0	0.0	0.0	0.0	0.0	0.0	0.0	0.0	0.0	0.0	0.0	0.0	0.0	0.0	0.0	0.0	0.0	0.0	0.0	0.0	0.0	0.0	0.0
jr1257	-0.05110581608446837	-0.010424713080501347	0.012022884344683621	0.001815940207253379	-0.010893518740159123	0.005637110947189424	0.02277218173087429	0.016449574211733865	-0.00741160972411421	0.00046415397296786695	0.004481272175242199	0.012072484741989778	0.006200227650903922	0.007061493349553487	0.0031621879208133833	-0.0072057971540354935	-0.01612625576614228	0.0065291603759972255	-0.012204206774453111	0.0027218217653883843	0.008880863622261892	-0.0019161258669217638	-0.003991945736267121	-0.0024996918002311887	0.0018108949035781949	-0.0014561444294085772	0.006393432943850858	0.001360622480016729	0.0017396810174679874	0.0027802174453931405	-0.0041224875835581595	-0.0006656024709963022	0.0015033005721212704	-0.0009322943912911516	1.4479126543498782e-05	0.0007564719985543332	0.00037597179317951855	0.0006856745465306264	0.0	0.0	0.0	0.0	0.0	0.0	0.0	0.0	0.0	0.0	0.0	0.0	0.0	0.0	0.0	0.0	0.0	0.0	0.0	0.0	0.0	0.0	0.0	0.0	0.0	0.0	0.0	0.0	0.0	0.0	0.0	0.0	0.0	0.0	0.0	0.0	0.0	0.0	0.0	0.0
jr1258	-0.10565788580118829	-0.005076846005958067	-0.021530468028652616	-0.017195297284450035	-0.0029234671071549172	-0.011263494464475433	-0.03297002598462862	-0.006800374742063785	0.005954477977239128	0.008537395429028496	0.002125609203194031	0.0023122185512722384	0.0034345829248524813	-0.0029717264578235647	0.008273729378846902	-0.007858089920797826	0.012044153017268232	0.0028394661366842227	-0.003926842036809099	0.008992631659670808	-0.00016449702962330668	0.01042402203676035	-0.004031743412570113	-0.00147051206218127	0.005335538843284826	-0.01206867420103631	0.0002729135083342177	-0.0032625633738760963	-0.0014927680229722946	-0.002928114106911107	0.005207866176940952	-0.0023411087915713147	0.0019424314317098325	-5.372298071712482e-05	0.002432368544769764	0.0012024558480747225	0.0001282069099919486	0.0002588912389520305	0.0	0.0	0.0	0.0	0.0	0.0	0.0	0.0	0.0	0.0	0.0	0.0	0.0	0.0	0.0	0.0	0.0	0.0	0.0	0.0	0.0	0.0	0.0	0.0	0.0	0.0	0.0	0.0	0.0	0.0	0.0	0.0	0.0	0.0	0.0	0.0	0.0	0.0	0.0	0.0
jr1259	-0.023937154022333092	-0.007190869405198739	0.00631096885690865	0.0024599776352372156	-0.005012676164091947	-0.007558362109083401	0.016438900616503885	0.023756381651933656	-0.007198058759109579	-0.003870702345517127	0.014110027216130258	0.015954989181137396	0.005114320920166681	0.009462495147551611	-0.0050161671226334505	-0.003427595822775	0.006803649677109034	-0.011538685501161489	-0.002315105000376849	0.0016165667195771176	-0.0011455095663374059	0.0023154772632599423	0.0018890294238064747	-0.004145392496726558	-0.005361084653061643	0.004606219328327934	-0.00417866263723422	-0.00019362854143894186	-0.00028712400958785865	-0.0029861846764750264	0.005559312377776509	0.001335570554222966	0.0018918222838713921	-0.0020417973786421967	-0.0006041961471245199	0.0009716749038432606	-8.12149247601266e-05	-0.0003453518334431896	0.0	0.0	0.0	0.0	0.0	0.0	0.0	0.0	0.0	0.0	0.0	0.0	0.0	0.0	0.0	0.0	0.0	0.0	0.0	0.0	0.0	0.0	0.0	0.0	0.0	0.0	0.0	0.0	0.0	0.0	0.0	0.0	0.0	0.0	0.0	0.0	0.0	0.0	0.0	0.0
jr1278	-0.10368459231883935	-0.002594151266052168	-0.017499289466083045	-0.019783241434657234	0.008793707020423367	-0.014639035607536106	-0.02537671180348808	0.005260337987223575	0.011494631732371596	-0.003812522995062357	0.01200176069158246	0.00810592012130414	0.015371137457553308	0.004297179684987047	0.009166704803647533	-0.0047105889741161895	-0.00486052346837242	0.007742986948239263	-0.002749238536070841	-0.009237388433421244	-0.006938553305026828	-0.002112061158975014	-0.0013933275529616643	0.0017120842751355038	0.0021660059020309616	0.0041206413247287365	0.0037031155353171546	-0.007957776095165844	0.003136802769552571	0.004990504776166029	0.0028068306137315983	0.00038155732513295754	-0.0022867295839949517	-0.0010714656787398226	-0.001004829256982217	-0.0009557592753233554	0.00028791869169225454	0.00016255653693277573	0.0	0.0	0.0	0.0	0.0	0.0	0.0	0.0	0.0	0.0	0.0	0.0	0.0	0.0	0.0	0.0	0.0	0.0	0.0	0.0	0.0	0.0	0.0	0.0	0.0	0.0	0.0	0.0	0.0	0.0	0.0	0.0	0.0	0.0	0.0	0.0	0.0	0.0	0.0	0.0
jr1279	-0.07986875362741358	-0.011930664428010086	-0.023316973838046037	-0.012970982979317034	0.01811020428400823	-0.006705889340529885	0.014848726066037436	-0.017844515449080174	0.005441766536698446	0.039983731916859375	0.025606050206750813	-0.02091476131596067	-0.008903614409004832	-0.011778301032219829	-0.028639394103329018	-0.007595560014060645	-0.013737624555469424	-0.0037020245809442744	0.0010847858786991946	-0.009699373718590051	0.008980556096839804	-0.0003512273516794792	-0.00425212103553567	4.6408586161498395e-05	-0.0028780915446036015	0.003476963575592632	0.0020084207203818726	0.003125892273365918	-0.0005562676604129853	-0.00011389096690546288	0.0023342081215105242	-4.457439596547437e-05	0.0007826379120523979	-0.0004219864893020147	0.0005095553915604435	-0.0005643641630635087	0.0006061324692589979	4.641198230321691e-05	0.0	0.0	0.0	0.0	0.0	0.0	0.0	0.0	0.0	0.0	0.0	0.0	0.0	0.0	0.0	0.0	0.0	0.0	0.0	0.0	0.0	0.0	0.0	0.0	0.0	0.0	0.0	0.0	0.0	0.0	0.0	0.0	0.0	0.0	0.0	0.0	0.0	0.0	0.0	0.0
jr1281	-0.07832554245703174	-0.0062493507058363875	-0.004223700493674084	-0.007342423244422835	-0.015742015870844058	0.005381945967568242	-0.000987456415109423	-0.010418629629659221	-0.012552551642786822	0.01746665435581968	0.005621246062374956	0.009794856099447451	-0.026457816010314012	-0.0023076967164112052	0.002085993084706319	-0.012082910571827655	0.006125203062849841	0.0034094136862399312	0.000752825545576357	-0.00562313492812796	-0.006481375277820017	0.005863744619413688	0.0024447101462842817	0.005036118964932849	0.000946880242440171	0.004242863088060871	-0.00539132025469545	-0.0053164866601981735	4.854278263012151e-06	-0.0011555357324683024	-0.0066930660949634695	-0.0019538122683335647	-0.0010587121780595604	0.000993733616158177	-0.0007817117920675272	-0.0008633315896089803	-0.00033182063534847064	-0.00021840252978978846	0.0	0.0	0.0	0.0	0.0	0.0	0.0	0.0	0.0	0.0	0.0	0.0	0.0	0.0	0.0	0.0	0.0	0.0	0.0	0.0	0.0	0.0	0.0	0.0	0.0	0.0	0.0	0.0	0.0	0.0	0.0	0.0	0.0	0.0	0.0	0.0	0.0	0.0	0.0	0.0
jr1282	-0.08728466214481345	0.002659873195274249	-0.00447690101171413	-0.012563788940470945	-0.0011254443316738388	-0.004144747012481867	-0.014698759927702554	-0.0071284981319975835	-0.014375048675535882	0.009072315845893216	0.0034900908694914068	0.002430399213741869	-0.01767510300477116	0.0023125081052015827	-0.001725767508516892	0.005383573102465826	-0.00890594194706842	-0.00012584222323218068	-0.004710061223521251	-0.011431507447445366	0.005484200762853518	-0.0007983293671928837	0.00976731857859739	0.006520240632385113	-0.0019243048624414956	0.0015747377465779048	-0.003633008752014998	0.001341167825071058	0.003830373627264943	-0.0029527417565737633	0.002983293070599619	-0.0004917363908173819	0.0013869035353375747	-0.0017177336715740368	0.00271075476576843	-0.002283219352185657	0.0006733118628679473	-0.00013997063981911208	0.0	0.0	0.0	0.0	0.0	0.0	0.0	0.0	0.0	0.0	0.0	0.0	0.0	0.0	0.0	0.0	0.0	0.0	0.0	0.0	0.0	0.0	0.0	0.0	0.0	0.0	0.0	0.0	0.0	0.0	0.0	0.0	0.0	0.0	0.0	0.0	0.0	0.0	0.0	0.0
jr1283	0.2047939509061976	0.2588839577045903	0.07493016572441746	0.031755351669891754	-0.01444136366258503	0.03663668433794461	-0.02104822345949064	0.046458515764450654	0.037444309771175126	-0.0007224344857069669	0.025547538620617337	-0.0006705784673976786	-0.0027436782051288625	-0.0052116594059412975	0.007809457253713535	-0.0038200464655632387	0.007117431207512697	0.0021643803087636037	-4.028385804434664e-05	-0.0012834177502639166	-0.0012484639163493343	-0.0019579706592069692	0.0032320104260241535	0.002995365561056781	0.0009667957069825069	0.0008311343335230017	1.7003355953349972e-05	0.00029520763410506725	-0.0006945953462590627	0.00032966028473196957	5.3452430478627485e-05	-8.663329356077708e-05	-0.00016563642708471531	4.191640560299003e-06	0.00042678068956523394	0.0002668494413099869	4.484767881125339e-06	-3.1730744006844654e-05	0.0	0.0	0.0	0.0	0.0	0.0	0.0	0.0	0.0	0.0	0.0	0.0	0.0	0.0	0.0	0.0	0.0	0.0	0.0	0.0	0.0	0.0	0.0	0.0	0.0	0.0	0.0	0.0	0.0	0.0	0.0	0.0	0.0	0.0	0.0	0.0	0.0	0.0	0.0	0.0
jr1284	-0.07077497061072671	0.002923664877841782	0.014190131571171646	0.004522685738054746	-0.023941478861014553	0.008055848306090733	0.0056002075901119015	-0.007293657416616845	-0.008959006683218562	-0.001261006119568512	-0.002527330614983728	-0.0016993123462009105	-0.005743459648219315	0.012105124594436863	0.010748461431270557	-0.0037003399841696715	-0.00019431106735437914	-0.00010113886436727977	-0.0041569149554039194	-0.006039614926757984	0.001913122724552469	0.005765877992551516	-0.0009667258004027638	0.0046340048231072305	-0.0023413694176682705	0.0016045941496342592	0.0048181260073626095	-0.004563066061389619	-0.006079718386325526	-0.0007967652560507716	0.003689469542548235	0.0017259805829466573	0.0021194299462008225	0.0003405051369454721	-0.002561812408179451	0.002038617751427812	0.00013319269151004467	-0.0008507425926713554	0.0	0.0	0.0	0.0	0.0	0.0	0.0	0.0	0.0	0.0	0.0	0.0	0.0	0.0	0.0	0.0	0.0	0.0	0.0	0.0	0.0	0.0	0.0	0.0	0.0	0.0	0.0	0.0	0.0	0.0	0.0	0.0	0.0	0.0	0.0	0.0	0.0	0.0	0.0	0.0
jr1285	-0.086090859464349	0.002809407358164247	0.003906253432607645	-0.006150935547835441	-0.010220273789653499	0.004002933365621142	-0.0063048950241153786	-0.005659339421020488	-0.0166100773766935	0.007211633574147433	-0.00010719254781960053	0.009285305128507879	-0.02117521158429294	0.0053953951868670365	-0.0008181301808501168	0.00804056233202844	-0.0011771241783547876	-0.0003051076949620065	0.0019790456360523137	-0.004095842148666854	0.0021720245761062584	0.011931286180601252	-0.0030568984634102418	-0.00022417669639709283	0.0024252569306206836	0.0032181918601817024	0.0017173854190257291	0.0013377660717859177	-0.0015892745611284806	-0.0022494101573378635	0.00018189545572802558	-0.0003679915749845617	-0.0016328795531458358	0.00021442986591755506	0.003105602137646746	0.001236107410589373	-0.0003857674512953099	0.0020391237851891913	0.0	0.0	0.0	0.0	0.0	0.0	0.0	0.0	0.0	0.0	0.0	0.0	0.0	0.0	0.0	0.0	0.0	0.0	0.0	0.0	0.0	0.0	0.0	0.0	0.0	0.0	0.0	0.0	0.0	0.0	0.0	0.0	0.0	0.0	0.0	0.0	0.0	0.0	0.0	0.0
jr1286	0.11515754502607443	-0.06930083185857157	0.1160263201252136	-0.052257891584509414	0.008167623465688466	0.005934864015798767	-0.01946396808719807	-0.0006741395030681107	-0.015720227206150808	-0.0011062583416014868	0.008542530729981006	-0.007293467411018768	0.008332320414713238	0.015849646571945694	0.01841336791175633	0.02002373327848073	-0.005682767087413501	0.01247852391399231	-0.004746910829802726	-0.0013060440664587607	-0.001464488170397918	0.0044248186757979615	-0.012594446046344668	0.0030354637757191473	0.003109190194108582	0.0006834933205420676	0.0005386122280730081	0.001988042488167368	-0.0018635067288668922	0.00028098275576058024	-0.0016171055067228032	-0.0005175050396747674	-0.00043199113688769145	-0.00011774088684732117	0.00024389859202099282	-7.34667598357596e-05	0.00017543714262476456	-0.00022536416770051372	0.0	0.0	0.0	0.0	0.0	0.0	0.0	0.0	0.0	0.0	0.0	0.0	0.0	0.0	0.0	0.0	0.0	0.0	0.0	0.0	0.0	0.0	0.0	0.0	0.0	0.0	0.0	0.0	0.0	0.0	0.0	0.0	0.0	0.0	0.0	0.0	0.0	0.0	0.0	0.0
jr1287	-0.010736450313202677	-0.009920736084381168	0.02103133090782378	0.001884311019985028	-0.006967553423265199	-0.03767545591613994	0.01837613277074066	0.026131405583425988	0.0012448366605727495	-0.0013258763412772525	0.015296643562290433	0.014794210213125063	0.0020871756725484238	-0.007262001296174535	0.004087643071767409	0.00020539557413172963	0.005196000790651403	-0.0050734398459303005	-0.002689486904641223	0.0009028703535920123	-0.002221616200744819	-0.0008298102743697415	0.002018142536715758	0.007092200365844879	-0.006464034884794773	0.0033568601328939993	0.009435175006343376	0.0032188165126436703	0.003329515144276851	-0.0017543568204343178	-0.0017900876694447367	-0.001703889416396991	8.736340534922722e-05	0.00015508595306820632	0.0005554810184603774	-0.0009791897458451134	-0.00013602636051960397	1.0842194081385766e-05	0.0	0.0	0.0	0.0	0.0	0.0	0.0	0.0	0.0	0.0	0.0	0.0	0.0	0.0	0.0	0.0	0.0	0.0	0.0	0.0	0.0	0.0	0.0	0.0	0.0	0.0	0.0	0.0	0.0	0.0	0.0	0.0	0.0	0.0	0.0	0.0	0.0	0.0	0.0	0.0
jr1288	0.182012841241226	0.22265738316979325	0.06313096024106324	-0.01095594159337085	-0.04189872355831019	-0.07701639407807487	-0.015275533733915317	-0.019001887090264236	-0.030347754226553583	-0.022510207478999473	-0.04715747549807457	-0.0067555259883292675	-0.006900988256802383	-0.010438121605700582	-0.001565790948942423	-0.007240366539970663	-0.005855877342719782	-0.007051012701674361	-0.0011227570808478387	-0.00448400433549009	0.0062336572739829935	-0.0015339489134799864	-0.008035572040796525	-0.005239160539914497	-0.0013663651001223928	-0.00015941860841986837	0.0011730665867540132	-0.0007283076363592558	-0.00047168037455114865	-0.000542822446042599	5.1841881896654005e-05	0.0005980771679699365	0.00028521485278425564	-2.8752534776249276e-05	-0.0004504409677722712	-0.00015290671005424589	-0.00010408593938020825	1.1266601652913786e-05	0.0	0.0	0.0	0.0	0.0	0.0	0.0	0.0	0.0	0.0	0.0	0.0	0.0	0.0	0.0	0.0	0.0	0.0	0.0	0.0	0.0	0.0	0.0	0.0	0.0	0.0	0.0	0.0	0.0	0.0	0.0	0.0	0.0	0.0	0.0	0.0	0.0	0.0	0.0	0.0
jr1289	-0.0467048543749591	0.013345817567645153	-0.03963798714436751	-0.00799216843335876	0.02870597766173627	-0.01241162924007127	-0.02056691760830864	-0.010420849756433717	0.03193855347155199	-0.015324401614671475	-0.016576768901260794	-0.0012419418900662205	0.0067284032185580805	0.003602182852551476	0.0017925588514253969	-0.0008572881856681133	0.0013815068680309013	0.007472079682905011	0.006029259092292167	-0.005463647898748624	0.008745834691572812	-0.007386520158877503	0.0008267756654051076	0.002085281328071445	-0.013190259138681503	-0.004957252301678887	-0.002959871361891709	-0.0002927409517523173	-0.005158997348897456	-0.0006752127064074908	-0.0011555442143789231	0.0017924161175213406	7.47756256594094e-05	0.0022576038862850904	-0.0004408312497792352	-0.0002860801163164612	-0.00021968717917419386	0.0012487269267697381	0.0	0.0	0.0	0.0	0.0	0.0	0.0	0.0	0.0	0.0	0.0	0.0	0.0	0.0	0.0	0.0	0.0	0.0	0.0	0.0	0.0	0.0	0.0	0.0	0.0	0.0	0.0	0.0	0.0	0.0	0.0	0.0	0.0	0.0	0.0	0.0	0.0	0.0	0.0	0.0
jr1291	-0.07221445351990649	0.001932002194306518	0.006880176811636888	-0.004278962199181106	-0.012990048130060362	0.005516828418090572	-0.0023664339946594198	-0.0021685163211342903	-0.010794080413516226	0.0014448904628110162	-0.002070210695582978	0.007125180669736316	-0.016348723555265975	0.01083726694516012	-0.004506655420807559	-0.0010414601216346563	0.005147274966623429	-0.0003599943018126282	0.0019501053150141076	-0.0006862693309562519	-0.007103462946744011	-0.006384861883741247	-0.005145687221056872	0.002071698225236154	-0.007493757097803806	-0.009330168896222615	0.0012874799042753397	-0.0005768575070347342	0.0071328181720593745	-2.157028277658274e-05	0.0005307230230093191	0.0007978704178854548	0.0031373690116643254	-0.0040538174509014814	-0.0026117888023082635	-0.0019418290224405984	0.000288327235413761	0.0005243388848533061	0.0	0.0	0.0	0.0	0.0	0.0	0.0	0.0	0.0	0.0	0.0	0.0	0.0	0.0	0.0	0.0	0.0	0.0	0.0	0.0	0.0	0.0	0.0	0.0	0.0	0.0	0.0	0.0	0.0	0.0	0.0	0.0	0.0	0.0	0.0	0.0	0.0	0.0	0.0	0.0
jr1292	-0.07092039966600283	0.00398034014866978	0.015115027220751193	0.005895610739267641	-0.02505533493901982	0.007165856160187368	0.005770183210784717	-0.01131209741875508	-0.008768744131625842	-0.0015049603280970969	-0.005187790537048194	-0.0023143960586657444	-0.0036906754000225954	0.010076043878987877	0.009949266370315327	-0.004564546191964593	-0.0015098838020890717	-0.00062728640835302	-0.0031438557036962537	0.0039781136012878	0.0021766000870943394	0.002010963258594432	0.0025710978049741083	-0.0011665261353814393	-0.002698646890374382	-0.0021035428497165774	0.0029121484441767425	3.162516158613867e-05	-0.0014450676405899255	-0.0001883272371832731	0.004074950706636625	0.0016640527287679204	-0.00044841371270382883	0.0015694782250163324	0.0026280498735315586	-0.004594587588196686	-0.00236225652306853	-0.0006555675592527768	0.0	0.0	0.0	0.0	0.0	0.0	0.0	0.0	0.0	0.0	0.0	0.0	0.0	0.0	0.0	0.0	0.0	0.0	0.0	0.0	0.0	0.0	0.0	0.0	0.0	0.0	0.0	0.0	0.0	0.0	0.0	0.0	0.0	0.0	0.0	0.0	0.0	0.0	0.0	0.0
jr1293	-0.0578279794059121	0.011541343719985057	-0.012695754071955652	0.007215498845643858	0.004817200313651661	0.016757656061142347	-0.02630149305098343	0.0017429433444790844	0.031125560905781408	0.004728408220233031	-0.01552879394902346	0.014162643213691784	-0.0023370976364911256	-0.014607537024134809	-0.014039691626999065	-0.0030450832873378762	0.00011952922226113174	-0.014168170276003589	-0.011393990658354159	0.013465834904567703	0.0023392157321955242	0.0010695592555799785	-0.005695635956561007	0.00392612125982754	0.004142428876665648	0.004594566216642833	0.0051391708367844605	0.0027254459991332206	-0.00017456604309196754	0.0003130685592581773	0.00030588192806678226	-0.0010047180425036882	-0.0008524774029314661	-0.0022946207398996453	6.754308224345464e-05	-0.0013330954169226404	-0.0005892734947806811	0.00040250154645611667	0.0	0.0	0.0	0.0	0.0	0.0	0.0	0.0	0.0	0.0	0.0	0.0	0.0	0.0	0.0	0.0	0.0	0.0	0.0	0.0	0.0	0.0	0.0	0.0	0.0	0.0	0.0	0.0	0.0	0.0	0.0	0.0	0.0	0.0	0.0	0.0	0.0	0.0	0.0	0.0
jr1296	-0.018699607804767766	0.005307995556091746	0.015913618148235373	0.009766192414243301	-0.015457019355036123	-0.010431297186255248	-0.0023708354737609094	0.0021919375996933316	0.010328033248976692	0.003635332305137434	0.0059511558065283585	0.015450634035309848	0.004659804372003694	-0.005286226669033791	-0.006762721013492716	0.004928712175420804	0.011342363893113506	-0.003542997554034735	0.0034812522383403594	-0.003527507788024017	-0.005061437163188564	-0.009770050889666695	-0.009494475926902434	0.0006642483476801556	-0.003261235156392638	0.008108448530597848	0.0007249990211572381	-0.0013732728902786607	-0.0033620391816932644	0.001165206841404021	0.001798081233339757	-0.0021983893947632453	0.0011230889857477772	0.0009920150593467415	0.0009452778396080755	-0.0007302238873304812	-0.00017238691254179082	0.0009687521635731828	0.0	0.0	0.0	0.0	0.0	0.0	0.0	0.0	0.0	0.0	0.0	0.0	0.0	0.0	0.0	0.0	0.0	0.0	0.0	0.0	0.0	0.0	0.0	0.0	0.0	0.0	0.0	0.0	0.0	0.0	0.0	0.0	0.0	0.0	0.0	0.0	0.0	0.0	0.0	0.0
jr1298	0.10680954735596034	0.07695040752977128	-0.018571704598806957	-0.019280722316285	0.03452829415941986	-0.02632806639501112	-0.04212423426937824	-0.018054008569378974	-0.024326631639232526	0.0005958057297329589	0.010840072205834847	0.029352348112377497	0.007937710702412008	-0.0011094519007802317	-0.0020073286637364582	0.0020651945346249465	-0.01563141681279718	0.021589928402995888	0.001352164536814098	0.0009917516529386427	0.0037131086966094564	-0.006614511960219695	-0.000620732670518253	-0.004477975596246706	-0.00048181972162666525	0.0014345654268701593	-0.00334588464051035	-0.0007527915976459416	-0.0015528495385354567	-0.0021064257040796573	0.0010358792440128882	-0.0002521447396047481	0.0006130503067514692	-0.00017123518396933702	0.00033842289325064295	-0.0010423447334778678	-0.00016355992179983104	0.000261425832984745	0.0	0.0	0.0	0.0	0.0	0.0	0.0	0.0	0.0	0.0	0.0	0.0	0.0	0.0	0.0	0.0	0.0	0.0	0.0	0.0	0.0	0.0	0.0	0.0	0.0	0.0	0.0	0.0	0.0	0.0	0.0	0.0	0.0	0.0	0.0	0.0	0.0	0.0	0.0	0.0
jr1299	0.08564389146843615	-0.1122804833169455	0.08666795520868555	0.16300957580769973	0.06902543011452617	-0.06716039419857653	0.006192215330697584	0.023267414010779402	-0.0366225397796987	-0.0421011457402734	0.01004059340157289	-0.007006077645592574	-0.001689865181576925	-0.003202362145277929	-0.003459716810465119	-0.003296728391787252	-0.0035598570633199713	-0.0020902563653052405	-0.0015019051488202072	0.0021026973619536903	-0.0008201897864400345	0.0015321110532980561	0.002975486554021885	0.0014619615888677173	-0.0016755205154028161	0.00022396718677883425	-0.00018172329027283258	-0.00017847439489572829	0.0010154802990567473	-0.00021642754423038503	0.00012193472501793577	-1.2494414639857216e-05	0.00018116604130962753	-1.235927771749189e-05	-0.0002464933103089671	2.7246098474632812e-05	1.58245801171802e-05	3.100498677386481e-05	0.0	0.0	0.0	0.0	0.0	0.0	0.0	0.0	0.0	0.0	0.0	0.0	0.0	0.0	0.0	0.0	0.0	0.0	0.0	0.0	0.0	0.0	0.0	0.0	0.0	0.0	0.0	0.0	0.0	0.0	0.0	0.0	0.0	0.0	0.0	0.0	0.0	0.0	0.0	0.0
jr1300	-0.06867740849878834	0.0028830850682056326	0.014944409785125809	0.008394142286817584	-0.023327737869545107	0.012426528471435001	0.008051904797741625	-0.008949494071721879	-0.006956662578916934	-0.0009126212794398583	-0.005200301494841135	-0.0016502622261501212	0.0033535086291663872	0.007969791666737516	0.0017167106332033881	-0.0023839177126293953	0.00303962778915321	0.006230519364883315	-0.0005300067095041625	0.002807088145382083	0.006166368454203894	0.0014179680092585752	-0.0030198281744633665	-0.002235860849533459	-0.00043855361998375807	-0.0010177613418164996	0.0014684849624721401	0.00021992144545407465	0.0009303349171734969	-0.002896655639183985	-0.0012168001936404356	-0.0033264596439294557	-0.00015567943309397424	-0.0009215250668959028	0.0005171485271834072	-0.0008178379195391577	0.002782450293876827	-0.001114777767831039	0.0	0.0	0.0	0.0	0.0	0.0	0.0	0.0	0.0	0.0	0.0	0.0	0.0	0.0	0.0	0.0	0.0	0.0	0.0	0.0	0.0	0.0	0.0	0.0	0.0	0.0	0.0	0.0	0.0	0.0	0.0	0.0	0.0	0.0	0.0	0.0	0.0	0.0	0.0	0.0
jr1301	0.21706867243799666	-0.11574449111298803	0.07547831075988408	-0.07892723002190406	-0.045165793856387255	0.03865594183415908	-0.02044152937760849	0.008535423280932068	0.04530877404514482	0.03216897577871107	-0.026419562380125147	0.010317581690471367	0.0013344151119681446	-0.010381676321773857	0.009025601702764759	-0.003360164198161127	0.0010810368738793249	-0.008575457511861593	-0.006195672000306144	-0.001830106313061176	-0.00013765040857879982	0.0034974637301704863	-0.002856331513774256	-0.0019158004537613068	0.0007757353617475339	0.0013553579260363248	-0.000566038529471023	-0.0003866353495023261	-0.0009682580389500497	-0.00037999140517311765	0.0003715154398664851	-0.00035641043840909373	8.535064125921976e-05	7.369783323879255e-05	7.897812140337093e-05	-0.0002177390306336181	-0.00016673082093675808	6.678150463182481e-05	0.0	0.0	0.0	0.0	0.0	0.0	0.0	0.0	0.0	0.0	0.0	0.0	0.0	0.0	0.0	0.0	0.0	0.0	0.0	0.0	0.0	0.0	0.0	0.0	0.0	0.0	0.0	0.0	0.0	0.0	0.0	0.0	0.0	0.0	0.0	0.0	0.0	0.0	0.0	0.0
jr1302	-0.06933540880335261	0.004293294470702958	0.01585615730395461	0.009529897932284613	-0.025105234557807245	0.012082332016504735	0.007705053479230827	-0.008617848591981555	-0.007900259906143984	-0.0008974517727672977	-0.007207140515286369	-0.002650079686341171	0.004475002875340136	0.005026517380559496	0.004129533587122379	-0.00287206702313564	-5.724089592624676e-05	0.001150539865284569	0.00021287287224049486	0.0033859192315808823	0.007295980804646919	0.0034522957665160193	0.0016046729079845074	-0.0006956013467546153	-0.0017368202314871797	-0.0008473916508297635	-0.001996126420146642	0.0013079969811068816	0.0029360508329555127	0.0035961721481652074	-0.0001513574098425585	-0.002507739434309354	0.0006198477438785769	0.00026050001246057905	-0.0011794284759659402	0.0027393638083688995	-0.0006694580531926264	0.003542997823719771	0.0	0.0	0.0	0.0	0.0	0.0	0.0	0.0	0.0	0.0	0.0	0.0	0.0	0.0	0.0	0.0	0.0	0.0	0.0	0.0	0.0	0.0	0.0	0.0	0.0	0.0	0.0	0.0	0.0	0.0	0.0	0.0	0.0	0.0	0.0	0.0	0.0	0.0	0.0	0.0
jr1303	-0.05728537537698752	0.003334177964081037	0.012413684061481732	0.008840883418036708	-0.02379090364703249	0.01101109416179208	0.009423587992162146	-0.006952516383813414	-0.00599170865296745	-0.0040154365417875105	-0.005317194562672724	-0.006297957888881326	0.009333339092515804	-0.008970936248407621	-0.0029448123185485953	-0.0025218237092395263	-0.0035496603450084615	-0.004490975612866709	-0.0020067267677038227	-0.004767997407726668	-0.0024379661910027	-0.0028912333752804543	0.003243155711308857	-0.0007980574631469311	0.00017660282881401152	-0.00019568925060780423	-0.0033808966641146617	-0.001116978138275568	-0.002280057507311451	-0.007535844221824923	-0.0002682499649671877	-0.005246435816048265	-0.002057955141804815	-0.0028608712414990344	-0.004672275865609208	-0.0003472231896644732	-0.0010239746073490163	0.0006303712677035861	0.0	0.0	0.0	0.0	0.0	0.0	0.0	0.0	0.0	0.0	0.0	0.0	0.0	0.0	0.0	0.0	0.0	0.0	0.0	0.0	0.0	0.0	0.0	0.0	0.0	0.0	0.0	0.0	0.0	0.0	0.0	0.0	0.0	0.0	0.0	0.0	0.0	0.0	0.0	0.0
jr1304	-0.04016551228562094	-0.0026925157076089193	0.011960030983219556	0.008685053194220953	-0.01301223293689372	0.005923495898249485	0.014867412663883958	0.012937435287281293	-0.0021200037907923635	-0.003954806222896275	0.004155447829715791	0.002369796450930199	0.00571222950218775	0.005547924940954537	0.003963679170705402	-0.0037214664014020332	-0.008616447289784347	3.273493981853854e-05	0.0002657039580693821	0.0010226104608057176	0.0026481625591773385	-0.004048161171595475	-0.0034614075138402972	-0.007493741627265018	0.009822249529978256	0.0007244025397193516	-0.00798454953301346	-0.002697092860355665	0.00010672813104572482	-0.003219136726605691	0.0004020083543367834	-0.002393890332035759	9.730054762744759e-05	0.0010417059011558927	0.000571489050109933	-0.0012201603170515585	-0.001208049986978409	-0.0007532129316307184	0.0	0.0	0.0	0.0	0.0	0.0	0.0	0.0	0.0	0.0	0.0	0.0	0.0	0.0	0.0	0.0	0.0	0.0	0.0	0.0	0.0	0.0	0.0	0.0	0.0	0.0	0.0	0.0	0.0	0.0	0.0	0.0	0.0	0.0	0.0	0.0	0.0	0.0	0.0	0.0
jr1305	-0.07373458030534422	0.001253776252953012	-0.005649272127881142	-0.00437661407837375	-0.0027951197325320506	0.006078354300949242	-0.010228252083766723	-0.001544098549117415	-0.003784503420831738	0.007942946876040592	0.0016774945225837804	0.002485616598704807	0.0006301662561081092	-0.009591043969952511	-0.01367837348173732	0.01290930105008128	0.006627070385656782	0.0022769601858976143	-0.002131158320870187	-0.006365240104198403	0.006191405173988395	-0.0002658214235869131	-0.002006457954827256	-0.0038320937505850524	0.010733293334207571	-0.008237566956438548	0.0040364666571998655	0.003783955547684627	0.0047168097257941095	-0.0024659442117964765	-0.0019231659856764288	0.0032170478750787115	-0.001329184105632839	0.0010226937850312035	-0.001380397274754465	0.0003200632570133356	-0.0002877682535513254	-0.00027240412026226257	0.0	0.0	0.0	0.0	0.0	0.0	0.0	0.0	0.0	0.0	0.0	0.0	0.0	0.0	0.0	0.0	0.0	0.0	0.0	0.0	0.0	0.0	0.0	0.0	0.0	0.0	0.0	0.0	0.0	0.0	0.0	0.0	0.0	0.0	0.0	0.0	0.0	0.0	0.0	0.0
jr1306	0.23938271219692556	-0.15882087492783686	0.02972743862712893	0.19001135965677235	-0.009795107648094138	-0.006121822214805346	-0.0673835160827232	-0.03630565642707668	0.02687070989334347	0.02304875734363422	-0.014158111869823096	0.007879165399237038	-0.008624751922365259	-0.0023336475801839993	-0.0008562507517882755	8.970936501766771e-05	0.0022292781049032934	0.003944344616385349	0.0021712906245031686	-0.0012254816826235112	0.00047288280613830714	-0.0011043725840677002	9.348894335990425e-05	-0.0009659200096842572	0.00047343257501521944	-0.00041609689675652377	5.5275093705848116e-05	-0.00013926116823783863	-0.00020073595349546318	-0.00032086466005534715	0.00019250937031447602	0.0001483615812676718	2.484388488083518e-05	7.470155985703156e-05	-3.614709004763348e-05	-3.339376128895325e-05	-5.706738034190177e-06	-3.627930857056743e-05	0.0	0.0	0.0	0.0	0.0	0.0	0.0	0.0	0.0	0.0	0.0	0.0	0.0	0.0	0.0	0.0	0.0	0.0	0.0	0.0	0.0	0.0	0.0	0.0	0.0	0.0	0.0	0.0	0.0	0.0	0.0	0.0	0.0	0.0	0.0	0.0	0.0	0.0	0.0	0.0
jr1307	-0.06279276882235416	-0.010773318689993728	0.0020653584570507312	0.021247322689155405	-0.002098540375985822	0.0010425221916353451	0.01753279677531273	-0.006747247866014132	0.001191071149457812	0.01343283019799027	-0.006354532367206094	0.0014071469417829782	-0.007184137533367995	0.01746014288862681	-0.03083832433090755	-0.012247626286323516	0.010043303591089198	0.012560554384699439	0.0017040091387202925	0.006287940467896216	-0.0025858527934458156	-0.013353241840897343	0.00898528361647926	0.00033197461007957943	0.011196369954329719	-0.0044870892073193705	0.0002324001307004813	0.002056885931078124	-0.0057142527854652965	0.0021613343363172705	0.0012417653113468263	-0.0004423037949747464	0.00021905003920676832	-0.0008444794201313741	0.0010368372815944254	0.0003029809738028617	-0.0004168370271659918	0.0005364635493395531	0.0	0.0	0.0	0.0	0.0	0.0	0.0	0.0	0.0	0.0	0.0	0.0	0.0	0.0	0.0	0.0	0.0	0.0	0.0	0.0	0.0	0.0	0.0	0.0	0.0	0.0	0.0	0.0	0.0	0.0	0.0	0.0	0.0	0.0	0.0	0.0	0.0	0.0	0.0	0.0
jr1308	0.09105448651937392	0.09726697759804447	0.002733682821642334	0.04454398483918415	0.0194834525611228	0.07956223651616477	-0.009896858496491747	0.006425428269501211	-0.007459742227530803	0.001941310191488948	0.021477377242680652	-0.0022285677043868152	0.03775413539298796	-0.006037238978766183	-0.0029017103602513284	0.009220374115999568	0.006324803349815369	0.007419937597002013	0.0023131781225474283	-0.0009198150919327923	0.0011835044539823957	0.0024409057624517443	0.0056604509050352915	0.0055453767931809405	-0.002485131306024988	-0.0015366401571528488	-0.0008762359815034279	0.004082790877035999	0.0031812922393253834	0.0007595099353696623	-0.0005351090136392507	-0.0006258916449013086	0.0005461378167057917	7.388883474086944e-05	-0.00022045211087663372	0.00039831196301096577	5.0698686892117846e-05	9.299606040151687e-05	0.0	0.0	0.0	0.0	0.0	0.0	0.0	0.0	0.0	0.0	0.0	0.0	0.0	0.0	0.0	0.0	0.0	0.0	0.0	0.0	0.0	0.0	0.0	0.0	0.0	0.0	0.0	0.0	0.0	0.0	0.0	0.0	0.0	0.0	0.0	0.0	0.0	0.0	0.0	0.0
jr1309	-0.01022810271893085	0.0015519127827501374	0.03336640684773104	0.015365297296652196	-0.026713798825416624	-0.03536633059147556	0.002942501272549154	0.003640669643752376	0.014186516495821986	-0.008524171596054227	0.01492679259690958	-0.008006054761709819	-0.005383701908928399	0.0019332911138984323	0.0057565686755656695	-0.003297119407086843	-0.007946423228278607	-0.0008300518511399698	-0.00524637509116597	0.0021905054957300856	-0.0020431566867328663	-0.004252012424076255	-0.0006483939366375345	0.0037128122736380604	-0.0013822738830304034	-0.0027227863303239366	2.0508617276827584e-05	0.0067997051371100755	-0.0018524129884895679	-0.0059244407552826945	-0.0007820883626489202	-0.00011152185156592199	-0.000356666568674662	0.00019840263308767994	0.0018054646703097017	0.0016735488932005196	0.00040478198309462047	9.396744531981652e-05	0.0	0.0	0.0	0.0	0.0	0.0	0.0	0.0	0.0	0.0	0.0	0.0	0.0	0.0	0.0	0.0	0.0	0.0	0.0	0.0	0.0	0.0	0.0	0.0	0.0	0.0	0.0	0.0	0.0	0.0	0.0	0.0	0.0	0.0	0.0	0.0	0.0	0.0	0.0	0.0
jr1310	-0.053902171032593094	0.0035116334796382992	0.013016558085327302	0.007237661321503238	-0.01782433707082538	0.009037714183630714	0.006064154883802165	-0.003645250998722046	-0.006082478702421046	-0.0051601477514909965	-0.006699247635341724	-0.005807414876308814	0.006669329793967265	-0.0016764771544315654	0.0008661117614280083	-0.003551608308741345	0.0017566947539588013	-0.00347518035248935	0.006539031292743298	-0.004074508648543682	0.00235191745577425	-0.004649208310036172	0.0025216275191687894	-0.002701234329244092	0.001309064429713772	0.0043856050840783275	0.004104639517636917	-0.004705513065357246	-0.00020278601289675413	-0.0025506457872831517	-0.0018786590909982482	0.0022041260289892253	-0.0031819739104209524	-0.0007694501878170682	0.0014123490016030493	0.0013005937438999237	-0.00020856248958141932	0.00043380415797218723	0.0	0.0	0.0	0.0	0.0	0.0	0.0	0.0	0.0	0.0	0.0	0.0	0.0	0.0	0.0	0.0	0.0	0.0	0.0	0.0	0.0	0.0	0.0	0.0	0.0	0.0	0.0	0.0	0.0	0.0	0.0	0.0	0.0	0.0	0.0	0.0	0.0	0.0	0.0	0.0
jr1311	0.05498312155536915	0.07586443470996003	-0.010979354677569667	0.05642029205000416	0.0498525751116624	0.07237963138169771	0.02092946356199339	0.009457831293182773	-0.0006698207931568418	0.030575083868241194	0.006997404781956493	-0.03480727996839912	-7.582968289121372e-05	0.02190632534791404	-0.004013319245238771	0.005708330102115276	0.000305255130876667	-0.0009508385234656011	-0.0014703467931542018	0.006250897736648502	-0.0027243571090011455	-0.004894532879891776	-0.004292454750772108	-0.00598434120404504	-0.003346491801554749	0.001583760402257425	-0.000350530340989037	-0.002496703884406295	-0.0013897923672174586	-0.0014771483179578232	0.0002958842475154359	-0.0008718422980402374	-9.134063478611037e-05	7.373073753853315e-05	0.0004073761408686692	-0.0006238904685352307	-7.698022832504862e-05	3.22723619865618e-05	0.0	0.0	0.0	0.0	0.0	0.0	0.0	0.0	0.0	0.0	0.0	0.0	0.0	0.0	0.0	0.0	0.0	0.0	0.0	0.0	0.0	0.0	0.0	0.0	0.0	0.0	0.0	0.0	0.0	0.0	0.0	0.0	0.0	0.0	0.0	0.0	0.0	0.0	0.0	0.0
jr1312	-0.00898755900521126	0.013526132574658536	-0.007963061117393418	0.04052532709651458	0.009902614207997658	0.033306765677030975	0.017737295780307565	0.0016794631374919917	0.042329655000159686	0.014593447977667444	-0.020570715874931533	-0.0011721597848795419	-0.009812674691351808	0.006970294965629598	0.006181185620648195	-0.017640640831503778	-0.001267015031873122	0.007817726956589093	0.012442574284320891	-0.005275136086858896	0.008015533022767689	0.006401481291494207	-0.0037284312598729573	-0.0009982136784531905	-0.0065503841501703755	-0.002571360570415092	-0.0012212786728495349	-1.4817035074357099e-05	0.0023109900383052385	0.0018175948199698254	0.0009415129530339988	0.001322803490279507	-0.0005525987906232017	8.652057619249612e-05	0.0001533089932412591	-6.288224747790222e-05	0.0003158991042874285	-0.00045273829881827557	0.0	0.0	0.0	0.0	0.0	0.0	0.0	0.0	0.0	0.0	0.0	0.0	0.0	0.0	0.0	0.0	0.0	0.0	0.0	0.0	0.0	0.0	0.0	0.0	0.0	0.0	0.0	0.0	0.0	0.0	0.0	0.0	0.0	0.0	0.0	0.0	0.0	0.0	0.0	0.0
jr1313	0.10425245362977374	-0.07984849582379534	0.06111162030635037	-0.05436538835922256	0.020701168247918414	0.04194111323829963	0.013035103878297588	-0.025467176344208756	-0.04251375481034947	-0.004366171914191507	0.01958457271299081	-0.015342782495131175	0.028517875245691177	-0.027822285205875312	-0.010002127490864375	-0.03258350484153464	0.00014654141899622214	0.0072275482894937045	0.009794912205714816	-0.003923394114434477	0.0020672707160117264	-0.0016318324669098304	-0.0033774951481886813	0.00026862303933813166	0.0027514937228233028	0.0009601908435848753	0.0029292509082035527	-0.0013361934787957741	-0.0026813388149534256	-0.0008410248810728468	0.00019989173135824981	0.001503273914800956	-0.00022480871440208462	0.0004214797556694278	2.1959193561781557e-05	-0.0003035756959214864	0.00012436033746116346	-4.255894475521903e-05	0.0	0.0	0.0	0.0	0.0	0.0	0.0	0.0	0.0	0.0	0.0	0.0	0.0	0.0	0.0	0.0	0.0	0.0	0.0	0.0	0.0	0.0	0.0	0.0	0.0	0.0	0.0	0.0	0.0	0.0	0.0	0.0	0.0	0.0	0.0	0.0	0.0	0.0	0.0	0.0
jr1314	-0.026531134625660546	0.004595486319055319	0.0352278387281923	0.01430979640856371	-0.035105107866432186	-0.02778465280574826	-0.0027894562287007424	-0.0031835968561008945	0.008545471764736166	-0.0002899069660232007	0.015967983944433783	-0.004773670117894546	0.00012102218735489032	-0.00046512915109897475	0.009732048230988555	0.006520229544571314	0.012620781394441923	0.0035848485145212883	0.0060024544945962745	-0.0019732787816445566	0.0028975924401925196	-2.768003861823498e-05	0.0068793859815926995	0.002142247215981432	0.003590093189347257	-0.0019883874550887448	0.005329873741231239	-0.006097488172505587	0.003864826919224629	-0.0018359708382579445	0.0015428925264441746	-0.0013720662993899403	-0.0012173529437551898	0.0009537289802460863	-0.001845557058757778	-2.855381289973352e-06	-0.00015438598266554772	-0.00016354899528591246	0.0	0.0	0.0	0.0	0.0	0.0	0.0	0.0	0.0	0.0	0.0	0.0	0.0	0.0	0.0	0.0	0.0	0.0	0.0	0.0	0.0	0.0	0.0	0.0	0.0	0.0	0.0	0.0	0.0	0.0	0.0	0.0	0.0	0.0	0.0	0.0	0.0	0.0	0.0	0.0
jr1315	-0.016521745829398412	0.007558598654297403	0.03486050231484889	0.026242485231618814	-0.03752523691558562	-0.03433846906796236	0.0002712149336188445	0.012074090540766804	0.016673323975057972	-0.010566599203008675	0.015569997115649969	-0.00450079727729898	-0.0013606431723053051	0.0011286323274908084	-0.0006062432799312938	-0.008894874015138683	0.00886160135161385	-0.0034482339396789607	-0.002348614272364766	-0.011159348615556536	0.0021251017875542765	0.005014096237119511	-0.010146870152957734	-0.0005971363935856154	0.006655686605802464	-0.0005940666964192869	-0.006222943916392357	0.0023138504655160898	-0.0010350367138959502	0.006042556302147571	-0.0005073337344651707	0.0015008320416575543	-0.00020352285721891633	-0.0009496728258236364	-0.000333950676473805	3.928032282678038e-05	-4.115532485477829e-05	-0.0003739632794813918	0.0	0.0	0.0	0.0	0.0	0.0	0.0	0.0	0.0	0.0	0.0	0.0	0.0	0.0	0.0	0.0	0.0	0.0	0.0	0.0	0.0	0.0	0.0	0.0	0.0	0.0	0.0	0.0	0.0	0.0	0.0	0.0	0.0	0.0	0.0	0.0	0.0	0.0	0.0	0.0
jr1316	-0.06780965004671194	0.0036086753266448075	0.012869149582398357	0.00951694123333177	-0.023404165554420465	0.016263962500339367	0.00926913947366851	-0.0065943901133921935	-0.0038557816069391816	0.0018048310858245278	-0.004239834014622536	-0.0012891983182552582	0.006849557014262606	0.010116865552019873	-0.0053008313339508945	-0.002365895108520483	0.006154929983714967	0.0012707664814293998	-0.00042945160576516136	0.00012107449602685409	0.009088757860035457	0.0042319488754415865	-0.0029557425664283156	-0.00257719193738202	-0.001657530817629437	-0.0024094999422882087	-0.0011099425159290675	0.0003656181598278149	0.00479606741739192	-0.0018502759220065568	-0.003966940922063283	0.0027943753243298165	-0.0004899284295454847	-0.0025118816415473167	0.0006479655744471535	-0.0002185497868603741	-0.0011642213386198772	-0.001382943906779897	0.0	0.0	0.0	0.0	0.0	0.0	0.0	0.0	0.0	0.0	0.0	0.0	0.0	0.0	0.0	0.0	0.0	0.0	0.0	0.0	0.0	0.0	0.0	0.0	0.0	0.0	0.0	0.0	0.0	0.0	0.0	0.0	0.0	0.0	0.0	0.0	0.0	0.0	0.0	0.0
jr1317	-0.022879316096115408	-0.005813875861285828	0.02908294046411978	0.027215958687034126	-0.005680091042773475	-0.04799546858261819	0.03805008839383954	0.013923606698894794	0.010843670344294737	0.05018402012285987	0.021819225151111555	-0.025886218569894225	0.008858419683054435	0.015277361480632785	0.0042224311415679765	0.005957932958933228	-0.003203287197633093	-0.0076938483270084365	-0.004922637977809391	0.0049537229112323	-0.0050657179138709554	0.002076060508192364	-0.0031539778392801272	-0.006148788476506358	-0.001868676510648831	0.0012474427922939894	0.00021950915694462706	-0.003196717191209064	-0.00010225685812652797	0.00225382392203777	-0.0006924964552866997	7.285370426908468e-05	-0.0006264788521631614	0.00016241041695406281	-0.0005201856565684138	0.00013581107263644466	1.3551409475033783e-05	5.8177998374924517e-05	0.0	0.0	0.0	0.0	0.0	0.0	0.0	0.0	0.0	0.0	0.0	0.0	0.0	0.0	0.0	0.0	0.0	0.0	0.0	0.0	0.0	0.0	0.0	0.0	0.0	0.0	0.0	0.0	0.0	0.0	0.0	0.0	0.0	0.0	0.0	0.0	0.0	0.0	0.0	0.0
jr1318	-0.0007116722691588528	-0.01500763263955798	-0.009143505664079362	0.007889318873434498	0.02289381400031162	-0.0028483618717528173	0.05703636555877221	0.021623691180050822	0.009167176583972831	-0.009055062588547111	-0.015839993058017844	0.007608967402394135	0.013428949615667417	0.011727995740159123	-0.010372264950369645	0.005430464490011475	-0.0013768089043545459	-0.004674959015610244	0.010345720073482001	0.0026924473169382098	0.00714820730269792	-0.0005860889291737927	-0.0041390542786907515	0.016525834256543172	0.007200498738586025	0.00468279646897039	-2.1613460980325626e-05	-0.00150545286675369	0.001268698327702695	-0.0025323255032114124	0.000889826736357814	-0.00036600297981453917	-0.00012573348918808617	0.0014391778146529773	0.00029081917961045834	0.0002945461542953601	-0.0004865914300295603	-4.035277793721809e-06	0.0	0.0	0.0	0.0	0.0	0.0	0.0	0.0	0.0	0.0	0.0	0.0	0.0	0.0	0.0	0.0	0.0	0.0	0.0	0.0	0.0	0.0	0.0	0.0	0.0	0.0	0.0	0.0	0.0	0.0	0.0	0.0	0.0	0.0	0.0	0.0	0.0	0.0	0.0	0.0
jr1319	-0.07259461244896918	0.0009863389766980627	-0.010194215723389324	-0.012632104625862242	0.010522695741096938	-0.016276336552024713	-0.03096172255678257	0.0015453406646738605	0.003243466294945111	-0.003163703147776354	0.01292254707424187	-0.01429029991492032	0.013012229049618903	0.002242837592286124	0.003379674945825154	0.010952061677974726	0.013763413419428673	-0.014249402093185676	0.00544943537155965	-0.00252199952904392	0.011105013954590515	-0.004050648165452472	-3.5342509876687754e-05	-0.00015543862063565378	-0.002079945817723329	-0.0021573534681848115	-0.0030905329741024476	-0.005173592254127369	0.00038241681329839343	-0.0013434207446122348	-0.002998794735728416	-1.8921694700432106e-05	0.0001427492605769096	0.0017794145173835975	0.0009892871433032698	0.0002935283220021738	-0.00042573468893165623	-3.3835863766902625e-05	0.0	0.0	0.0	0.0	0.0	0.0	0.0	0.0	0.0	0.0	0.0	0.0	0.0	0.0	0.0	0.0	0.0	0.0	0.0	0.0	0.0	0.0	0.0	0.0	0.0	0.0	0.0	0.0	0.0	0.0	0.0	0.0	0.0	0.0	0.0	0.0	0.0	0.0	0.0	0.0
jr1320	-0.09306092238127758	0.0019729879442369172	-0.013843226557660284	-0.017601184346984388	0.008924104663425384	-0.018778850151660385	-0.03213696555441497	-0.00526422062019169	0.007217376014995201	-0.00968024168534592	0.005962281214322937	-0.008862402887424821	0.012681401990201928	5.8163622303410434e-05	0.014131682899625377	0.004842110239380163	0.0037426465788314997	-0.011709890512691416	0.010806871866062396	0.008258634175730807	-0.003613440511614965	-0.002469302785001599	0.002414395841739803	-0.008609024014830172	0.0049489340202144	0.0070072168293916545	0.0006692649369739124	0.0037503166837552465	0.001379444523898896	-0.0001230593539206838	0.0005125360533714055	0.0025985115700193633	-0.00026979786898346543	-0.0010730444563236015	-0.0008850667980973614	-0.0014540067742603328	0.0012236156919082516	0.001176667715592391	0.0	0.0	0.0	0.0	0.0	0.0	0.0	0.0	0.0	0.0	0.0	0.0	0.0	0.0	0.0	0.0	0.0	0.0	0.0	0.0	0.0	0.0	0.0	0.0	0.0	0.0	0.0	0.0	0.0	0.0	0.0	0.0	0.0	0.0	0.0	0.0	0.0	0.0	0.0	0.0
jr1321	-0.0933663370964314	0.0022014113157325836	-0.012897157287627987	-0.016278561415624712	0.005646373655149547	-0.016030240849566276	-0.03183628823280732	-0.0036461430454607217	0.004671481551041821	-0.005198197941687879	0.001664369928509307	-0.006009452373091506	0.007738010574134332	-0.0002520845497318655	0.0018951931293732641	0.00165352997865591	-0.0006085397609561903	-0.0032804356147825954	0.00010121363469759183	0.00017837735421177486	0.006374267373929174	0.0005527577258344528	0.006042275715842205	-0.003022132177146906	-0.0023496912734878696	-0.003378326323106649	0.007247074153408964	0.0016520354645782789	-0.006902897736259036	0.004001527665426948	-0.0013187477694996549	-0.00421671518952838	-0.00078124958283855	-0.0018818481857806326	-0.001580942183158703	0.0001483294933961025	-0.0007055581358318265	-0.001454934582646009	0.0	0.0	0.0	0.0	0.0	0.0	0.0	0.0	0.0	0.0	0.0	0.0	0.0	0.0	0.0	0.0	0.0	0.0	0.0	0.0	0.0	0.0	0.0	0.0	0.0	0.0	0.0	0.0	0.0	0.0	0.0	0.0	0.0	0.0	0.0	0.0	0.0	0.0	0.0	0.0
jr1322	-0.05616294545370257	0.017198623989491353	-0.048064468651159035	-0.011523597594122487	0.03805954057424294	-0.020472587728614725	-0.018599577860560365	-0.015839288406212505	0.04291476137022831	-0.024053930505374355	-0.019058833633286153	-0.002289593553049526	0.01751339546720455	0.01043412312074711	0.00341509436610678	-0.007048267580937621	-0.005346616339348086	0.00870731526850256	0.017682050167236823	0.000939194566464875	-0.015447627167830097	0.005036438998928802	-0.003842355748409724	0.0027719234578765617	0.0030285111254771614	0.0008790700805077822	0.0006840933567790472	0.001761292600900459	0.003049709010351056	0.0003656225593614961	0.002492540038846343	-0.0015199398046025954	-0.0003875756816000781	-0.0013016945590566306	0.0006219063508189966	0.0005743675377177001	0.00026646000928521164	-0.000586403747498267	0.0	0.0	0.0	0.0	0.0	0.0	0.0	0.0	0.0	0.0	0.0	0.0	0.0	0.0	0.0	0.0	0.0	0.0	0.0	0.0	0.0	0.0	0.0	0.0	0.0	0.0	0.0	0.0	0.0	0.0	0.0	0.0	0.0	0.0	0.0	0.0	0.0	0.0	0.0	0.0
jr1323	-0.04332304396635034	-0.00847025665939296	-0.03871518217487506	-0.016805565638586876	0.038351876295984105	-0.024924655547460713	-0.002758848759501474	0.02523622269311398	0.03374286892389149	-0.016517073741475676	-0.0009257338849856406	0.013129161282347016	0.017129251519311998	0.00983682000412244	-0.00670857136827926	-0.011465000747734936	-0.008965841207681456	0.0021237414407441206	0.0009660384349046299	0.010049992080639308	0.003356916650474965	0.012076565690089738	5.8019492194162774e-05	0.0008244290274570499	-0.00019159646112068977	-3.9543463778194346e-05	-0.000902767020107638	-0.0006981607283609423	-0.003124265530276044	-0.0014751297332435743	-0.0032961032412060646	0.0007070393362577137	0.0011241914575007665	-3.3538542823767244e-06	-0.0004371905915087262	-0.00020942196132351954	3.125562942463207e-05	-0.00012140477423666537	0.0	0.0	0.0	0.0	0.0	0.0	0.0	0.0	0.0	0.0	0.0	0.0	0.0	0.0	0.0	0.0	0.0	0.0	0.0	0.0	0.0	0.0	0.0	0.0	0.0	0.0	0.0	0.0	0.0	0.0	0.0	0.0	0.0	0.0	0.0	0.0	0.0	0.0	0.0	0.0
jr1336	-0.0698108782289204	0.005793218241648303	0.025510433175843377	0.013753415882439307	-0.04107615256878077	-0.002063954789416068	0.011225513906306892	-0.010897659747425067	-0.005990763240871932	0.0007879790563505003	0.0009243024116906464	-0.0028226900735041187	0.009712086099314326	-0.01239548293818509	0.002626481791453353	0.02118188371942567	-0.002238380751060733	0.0043978855611653805	-0.0025527234313613293	0.011516697180842712	0.0016667802837443619	0.0040748061719802645	0.0009746496963872306	0.0022308058769453278	-0.003521890623975705	-0.0055702289207549644	-0.004618111486866289	0.0023953264781207454	0.0003405682735581644	0.0011286305087663726	0.000398358960578291	0.0008994696914470734	-0.0060074608791767575	-0.00013678128339751	0.001202673140262904	-0.0007196024026551575	0.0008439643992903501	-4.161875176076812e-05	0.0	0.0	0.0	0.0	0.0	0.0	0.0	0.0	0.0	0.0	0.0	0.0	0.0	0.0	0.0	0.0	0.0	0.0	0.0	0.0	0.0	0.0	0.0	0.0	0.0	0.0	0.0	0.0	0.0	0.0	0.0	0.0	0.0	0.0	0.0	0.0	0.0	0.0	0.0	0.0
jr1337	-0.07121874725977065	0.0027425276762826313	0.014237142248243656	0.0016889563454157218	-0.026345074423508676	0.006620806073613807	0.008374067331975337	-0.009058420019465838	-0.015477300704564162	0.0040139185962627805	0.0023217827559445983	0.006621176928906003	0.004279833075514067	-0.014516828037135452	-0.004157881385698713	0.021783757361513945	0.0013140840251564445	0.0025673739157309906	0.007233056591923938	0.007213667987857519	-0.005803720506159015	-0.003265819739508542	-0.004192222455073163	0.0016307475751849208	-0.0052446379157154764	-0.0006247361894647824	-5.2895784764135593e-05	-9.29380399171476e-05	-0.003806969947453985	-0.0001723220925141506	0.00525877842696659	0.0024560718647331187	-0.001191382699969377	-0.0011254023927748623	-6.099522268100721e-05	0.001010972392609297	-0.0005730129543704314	-0.0003920150727140838	0.0	0.0	0.0	0.0	0.0	0.0	0.0	0.0	0.0	0.0	0.0	0.0	0.0	0.0	0.0	0.0	0.0	0.0	0.0	0.0	0.0	0.0	0.0	0.0	0.0	0.0	0.0	0.0	0.0	0.0	0.0	0.0	0.0	0.0	0.0	0.0	0.0	0.0	0.0	0.0
jr1338	-0.05275100754265793	-0.008333256314876745	-0.0011515927836292913	-0.010260879736100206	0.0035038403759860104	-0.009994621360133156	0.007946931932606005	0.016811534948690105	-0.010019138443069885	0.0011046512753109705	0.013231847969802469	0.013227589087791923	-0.010834668254312518	0.0022358844100776654	-0.00022502455391726957	-0.003771907008506708	-0.00808437324180041	0.00016445583483329346	0.006079190192631432	0.0023461976922927114	-0.004254645566782428	0.006904445605078795	0.008444225942394391	-0.010435124885217134	0.0008706208588198673	-0.004806771762127888	0.000197894459759121	0.00044848390181342044	0.0013852218302383536	0.0035922948241369503	0.0011503550647135445	0.0002523598444693039	-0.0017671875426191357	0.003587972333235248	-0.002074929755519576	-0.0018781443778579938	-1.7889036705908086e-05	0.0007470992156795128	0.0	0.0	0.0	0.0	0.0	0.0	0.0	0.0	0.0	0.0	0.0	0.0	0.0	0.0	0.0	0.0	0.0	0.0	0.0	0.0	0.0	0.0	0.0	0.0	0.0	0.0	0.0	0.0	0.0	0.0	0.0	0.0	0.0	0.0	0.0	0.0	0.0	0.0	0.0	0.0
jr1339	-0.05549906936828117	0.002689061668667837	0.011211641565447423	0.007833720232416772	-0.018811596826222004	0.008615695926814541	0.010881508157906065	-0.004518822803885424	-0.0018994776317342445	-0.005105892928006824	-0.0009921685948123754	-0.0017521270438637078	0.007635631999564947	-0.001865853795500519	0.0025849102622272054	-0.010264728594328188	-0.003363506678854908	0.004074080548831988	-0.006210819164385419	-0.00857032475884026	-0.0037913059824632722	-0.0012372493812165888	-0.0022031806284479255	0.004649436617693819	-0.0011879642982876772	0.0023627770845973373	-0.0008557733235395795	0.007313779175313011	0.003320227478581601	0.00636954335129035	0.002084395593132684	-0.0005314016514487345	-0.001657881541725177	0.0014053312370699905	-0.0008365803884994371	-0.0008932552921804572	-0.0013762481407730268	-0.00020137694006894333	0.0	0.0	0.0	0.0	0.0	0.0	0.0	0.0	0.0	0.0	0.0	0.0	0.0	0.0	0.0	0.0	0.0	0.0	0.0	0.0	0.0	0.0	0.0	0.0	0.0	0.0	0.0	0.0	0.0	0.0	0.0	0.0	0.0	0.0	0.0	0.0	0.0	0.0	0.0	0.0
jr1340	-0.05445999702234528	0.004722692111650122	0.02018765526703229	0.010641814640004568	-0.02752287733438186	0.0017610316648133798	0.00664522322537474	-0.009399827465739955	-0.004456056496642572	-0.003685829656352874	-0.00281050914161372	-0.009441741148349586	0.00922990796679392	-0.012802507050891582	0.007361279087176696	0.01168360619883697	-0.0013738676836726387	-0.002885847384893855	0.011083015529426433	0.006631568585071067	3.958799222608657e-06	0.0015461619652797436	0.003254325196835771	-0.005551274564629524	0.0016925881559927427	0.0023646881155853067	9.851920115842815e-05	0.0033121193361439504	0.0013217664285063606	0.003280460846240129	-0.0018851387289031526	-0.0011021240109937555	0.00763460915072321	0.000764815469207981	0.001102266779249108	-8.04442397262676e-06	-0.0009350149227417997	-0.0005712987241627658	0.0	0.0	0.0	0.0	0.0	0.0	0.0	0.0	0.0	0.0	0.0	0.0	0.0	0.0	0.0	0.0	0.0	0.0	0.0	0.0	0.0	0.0	0.0	0.0	0.0	0.0	0.0	0.0	0.0	0.0	0.0	0.0	0.0	0.0	0.0	0.0	0.0	0.0	0.0	0.0
jr1341	-0.11216202874709408	0.002314095623846397	-0.021689381210691853	-0.01816154244249432	0.00745482221516085	-0.016359624357881825	-0.03132986728007094	-0.007968510900961838	0.014892591804440672	-0.00594644464165897	0.0011497086526926843	0.004636846306138346	0.017290864374045138	0.008515830150537626	-0.004596300894466909	-0.008748032564216046	-0.0007703494898327118	-0.002118639665866316	-0.008412954525378264	-0.00372608425697415	-0.01722712198544706	-0.0037894822575318867	-0.002351291846227566	-0.0023203881682463353	-0.0031947245087212773	0.00016905244065332692	-0.0012694140341787741	0.004532136546994554	0.002196203059176274	-0.006336350691528991	-0.004135636211196503	0.0002830666780807051	0.000442382774218002	0.0034529316132139564	0.00027912401642885644	0.00014316692217370962	-0.0004636546386070886	-0.00021118928041618452	0.0	0.0	0.0	0.0	0.0	0.0	0.0	0.0	0.0	0.0	0.0	0.0	0.0	0.0	0.0	0.0	0.0	0.0	0.0	0.0	0.0	0.0	0.0	0.0	0.0	0.0	0.0	0.0	0.0	0.0	0.0	0.0	0.0	0.0	0.0	0.0	0.0	0.0	0.0	0.0
jr363	0.0896410407273368	0.07741869744314095	-0.022558234500069527	-0.0024260423898994432	0.024013489080896032	0.008205002276290858	-0.03499254688862376	-0.024158028808114487	-0.04414240289475683	-0.006550669526503205	-0.01933364288445677	0.013793982026819763	0.003408744744235425	0.013767253474857495	-0.02067392920768758	0.004738708968920194	0.01260378199265759	-0.011392252428955434	-0.0012692167784288028	-0.002952448807993824	-0.003989025815765655	0.012770058124315342	0.006109718162993867	0.0029740185425213817	0.003734182580577324	-0.0006534187485604996	0.00032256619693840405	0.0008308487110362601	-0.0009099924797256172	0.002514665422365968	-5.397652028132362e-06	0.00033174963839822843	-0.0005872229953031373	-0.0002780359815658942	-0.00018020358402915615	0.0002144250156770728	0.000412153243803815	-0.00024080253251572087	0.0	0.0	0.0	0.0	0.0	0.0	0.0	0.0	0.0	0.0	0.0	0.0	0.0	0.0	0.0	0.0	0.0	0.0	0.0	0.0	0.0	0.0	0.0	0.0	0.0	0.0	0.0	0.0	0.0	0.0	0.0	0.0	0.0	0.0	0.0	0.0	0.0	0.0	0.0	0.0
jr367	0.16559038369415796	0.008231332626034605	0.016690336586617175	-0.03191008412266954	0.04959265096451413	-0.01249876155218677	0.10280981507745442	-0.12167307903833596	0.04134411339547753	-0.025599022369716187	0.02408611405169439	0.021490915863212914	-0.002201042533622978	-0.0007848008896308016	0.006942678699947258	0.006685465268697049	0.009378954475730374	-0.00472763990308797	-0.006642021390406135	-0.0006523937977061374	0.0013280215407919394	0.00259644235971377	0.0036716247283547676	-0.002855817656607427	-0.0009664999077468076	-0.0001280660037599391	-0.0012821401113145515	0.0003001605901820602	2.874061962274874e-05	0.0005373022203634987	-0.0003875574268694999	-0.0004061966298132619	0.00024081512974111698	-0.000405471875625006	-6.671635476261622e-05	-7.058863355796734e-05	-8.084460435580008e-06	1.3355956375008549e-05	0.0	0.0	0.0	0.0	0.0	0.0	0.0	0.0	0.0	0.0	0.0	0.0	0.0	0.0	0.0	0.0	0.0	0.0	0.0	0.0	0.0	0.0	0.0	0.0	0.0	0.0	0.0	0.0	0.0	0.0	0.0	0.0	0.0	0.0	0.0	0.0	0.0	0.0	0.0	0.0

Biplot	0	0

Site constraints	0	0
