Eigvals	71
5.967334317001633	2.1040562907863056	1.6870412517577096	1.4510284607562143	1.0103186216225357	0.7655615226421482	0.7390770926588055	0.6439275136570644	0.5349156043923085	0.5068737376808492	0.4492492538355793	0.4314817206378813	0.3939363444597021	0.3338643273021039	0.3176810469572284	0.3064452843721721	0.27733735086151323	0.2620488433433373	0.2580499405267944	0.2370722580817704	0.21215401985581483	0.1920447949419426	0.18557288581413828	0.15780206709111266	0.14309211595015597	0.12667891198789616	0.11526558507037765	0.111891819854811	0.10489947368444713	0.08757805458648876	0.08334948181323737	0.06946311131241154	0.0652508936954439	0.06237408328022831	0.05470194248567664	0.043334875935573364	0.04133530222726345	0.03717359392986655	0.029858333044463392	0.0261082476924758	0.02201319825362652	0.016212695598426835	0.015485260539795875	0.01229897161059354	0.008157936057482607	0.005920264653425794	0.0018713934665559873	0.0010207479259166374	0.0	0.0	0.0	0.0	0.0	0.0	0.0	0.0	0.0	0.0	0.0	0.0	0.0	0.0	0.0	0.0	0.0	0.0	0.0	0.0	0.0	0.0	0.0

Proportion explained	71
0.28813488966687856	0.10159511684661794	0.08145939528706103	0.07006343255351048	0.048783599025146174	0.03696541422712492	0.03568660397354172	0.031092272234928463	0.025828592879996885	0.02447458123229362	0.021692162247058954	0.020834250498594418	0.019021358468768138	0.016120759454823757	0.01533934392673217	0.014796821078038298	0.013391334010449516	0.012653122911002637	0.012460034446267164	0.011447119483627548	0.01024393336391031	0.009272952186379036	0.008960453719993305	0.007619529722167345	0.006909254426055831	0.006116736953174915	0.0055656403466479995	0.005402736876436916	0.0050651089197510995	0.0042287379514873765	0.004024559790059786	0.003354051382188434	0.003150662935380633	0.0030117551069355247	0.002641303021647021	0.002092440113644949	0.001995889975975746	0.0017949403898800387	0.00144172037971658	0.0012606461559953174	0.0010629152169256727	0.0007828358542181751	0.0007477113900564677	0.0005938602799474209	0.0003939088847653645	0.0002858621139850401	9.0360908466808e-05	4.928718174440518e-05	0.0	0.0	0.0	0.0	0.0	0.0	0.0	0.0	0.0	0.0	0.0	0.0	0.0	0.0	0.0	0.0	0.0	0.0	0.0	0.0	0.0	0.0	0.0

Species	0	0

Site	71	71
SRR21280467	-0.322910562786761	0.09836154960998375	0.03738126569073913	-0.03173587291198479	0.019375061567337298	-0.04627998236824502	-0.006588198808340117	0.031385364342791315	0.05226890729074116	-0.07979108111457064	0.020152272600005426	0.08047230705414958	-0.00261144227859217	-0.006166674484551534	-0.03188663614388056	-0.018453698988461782	0.016650507629422155	-0.010109106645249019	0.013749293711965451	-0.03623703714909497	-0.041287503437154746	-0.022933300288480757	-0.00033160028949559035	-0.021120161788232488	-0.04028275242173707	0.04307054782722582	-0.00842592615882296	-0.01595302104655386	0.007742318965068798	-0.026639475901736483	-0.012775217694983394	-0.0024887576419715222	-0.00612164052968668	0.006696293188275079	-0.02812716454971421	0.006037396831574277	-0.013474080642114323	0.02418598885784485	-0.006174776228049241	-0.013180631004886862	0.04405573733943761	-0.00015523342664740361	-0.011314360041718007	-0.0321211921013261	-0.00040624372482135764	0.019937300019028395	-0.007954612744674905	0.00891330196254714	0.0	0.0	0.0	0.0	0.0	0.0	0.0	0.0	0.0	0.0	0.0	0.0	0.0	0.0	0.0	0.0	0.0	0.0	0.0	0.0	0.0	0.0	0.0
SRR21280470	-0.41599638419561297	0.00761812339043569	0.030392314909360875	0.014890315771523492	0.002849390402298876	-0.03231541003898615	-0.021259405190564573	-0.04077944781485488	0.030199674578656487	-0.019356281284121663	0.05130910551922529	0.04308473948498425	0.0022745170819821244	0.015163120926490255	-0.03261901106214184	0.003503974092103653	0.014715947444323061	-0.03742764051067659	-0.011202266202285843	-0.003400634396504175	-0.025172091849871462	0.04033854507275835	0.039348682419473195	-0.07887406346763615	-0.014620879765770685	-0.030377754242756072	-0.0015725683141428566	-0.00994672298256155	0.0034247497447649697	0.000981779106940282	0.032890692476827535	0.022387175206070288	-0.0243987904759303	0.0028856650192593644	-0.04285566824841231	0.014545013311728517	-0.009756644300070349	-0.012860177038245995	-0.01961645202802811	-0.020457487925019033	-0.019294787112282566	0.016864833489402726	-0.006239761817030015	-0.00896049602245223	-0.00870234424616632	-0.0018368023137605221	-0.008252188073882392	0.002625614782875737	0.0	0.0	0.0	0.0	0.0	0.0	0.0	0.0	0.0	0.0	0.0	0.0	0.0	0.0	0.0	0.0	0.0	0.0	0.0	0.0	0.0	0.0	0.0
SRR21280471	0.29229505609285605	0.025084983734695643	-0.2216083555893316	-0.011934828527602389	0.05562222139063	-0.1963977651141632	-0.001940443774320473	0.31854236504532796	-0.04500634031721669	-0.05917649177621146	0.07464264992262838	-0.16087890988677783	0.039138136370243194	0.001468913578107842	0.06527357231949613	0.0926180894270724	0.035225865782248164	-0.026103473353094184	-0.02201174481524899	0.0716198169826609	-0.005339036241521462	0.03947778732954774	-0.030490877843383887	0.03797350222933901	-0.0021513977276262737	0.0041399765892461745	0.02839603902929462	-0.024616607800216333	0.010677988693164695	-0.01678910977657562	-0.004504131335677238	-0.015703847231098016	0.02071796617901503	-0.025010749389054576	-0.0010769897871785873	-0.012047209307117763	0.011186841535366759	-0.013634643584798403	0.019912396034421315	-0.00729334181524413	0.003002679801515766	-0.01604094571781949	-0.0032804713118990384	-0.012427400679950344	-0.005938466311120743	-0.006074560615127447	0.0027698671275747577	-0.0014734624236176525	0.0	0.0	0.0	0.0	0.0	0.0	0.0	0.0	0.0	0.0	0.0	0.0	0.0	0.0	0.0	0.0	0.0	0.0	0.0	0.0	0.0	0.0	0.0
SRR21280472	0.16906869070517566	0.2428143230346237	0.18714535856089334	-0.03518102624620424	0.13834628501469537	0.007456449183356301	0.08636602938966637	-0.059716069866950314	0.10398374846821336	-0.1362364104657292	0.0595976761316769	0.09738065913656233	-0.04682972462490794	-0.03170955095161451	-0.03530238689529614	0.08580645241941874	0.019589419728444836	-0.006258185735338766	-0.013495319802960575	-0.0033442333702309026	-0.042893929434869325	-0.06146303696230379	0.07236033279155904	0.04211888520216	0.03396522989713121	0.01766001509997555	-0.0867005640611597	-0.04720160253973655	-0.02127440214600647	-0.060667178035702554	-0.00873908155768049	0.03921190879126148	0.0200155683457942	-0.04912233307024108	0.026295557322478867	-0.03535184531378492	0.02924662716838558	0.0018510546845278374	-0.006481415135616298	-0.004803395864775041	0.017865037573264315	0.016026545003688046	-0.008522549667380468	-0.01576810951288332	0.0013908093656346654	0.008281265931034721	0.005352160665741209	-0.005251073618263746	0.0	0.0	0.0	0.0	0.0	0.0	0.0	0.0	0.0	0.0	0.0	0.0	0.0	0.0	0.0	0.0	0.0	0.0	0.0	0.0	0.0	0.0	0.0
SRR21280473	-0.4023680046976839	-0.044895088620415025	0.024891640703975468	0.03608448751944922	-0.023661252167367114	0.03745042200324217	0.007631094402003943	-0.005207525025716686	-0.0002137944440811503	-0.03306062401031479	0.0143088786258128	-0.03720426795703767	4.690485237783457e-05	-0.011121329759768596	-0.04622436656884623	0.01680847519671681	-0.042326008882188	0.03525240456992577	0.0040482329998534124	-0.07684923445708988	0.10884529910299577	-0.016472657881969097	-0.029411247823848585	0.11559622768403996	0.14022435682170506	0.05305466106797147	0.019232816624974298	0.1089785641188836	0.047311183788475805	-0.020398461089713205	-0.04077800577099894	0.09825822752862028	-0.07933064131967439	0.011683926124105362	-0.04221476898282824	0.03926019428118817	0.005605943054214394	-0.026163209590208316	0.0014318768030661152	-0.007454030732586192	0.02313470754959815	-0.011228648923651219	0.0038198431662258034	-0.0027621436430265538	-0.008375917344100056	-0.003905774755717151	-0.0011573820096045992	-0.0005296563102557769	0.0	0.0	0.0	0.0	0.0	0.0	0.0	0.0	0.0	0.0	0.0	0.0	0.0	0.0	0.0	0.0	0.0	0.0	0.0	0.0	0.0	0.0	0.0
SRR21280476	0.30069901434611335	0.21701162535489144	0.030470746087061976	0.03195736142884512	0.05809651693592256	-0.1376839453810355	-0.016878218669919374	0.045732929331196874	0.10144408640659226	-0.0849334709920136	0.06269922988316269	0.09128245722917551	-0.06178042676003198	0.013421147184461964	-0.06313892770710629	-0.009763196815806046	0.06550288194333673	0.07741429193216119	0.08482417344528721	-0.1287707896033061	-0.07935980249863035	-0.12977195957767407	-0.10148870170660611	0.05311854782144057	0.013669678344512435	-0.08027330735214797	0.10096517732750551	-0.009828947942556572	-0.045913167910194806	0.05428221743944709	0.030266850762791005	-0.04260927988030713	0.004412460155498115	0.015367779828585781	-0.03211492107092461	0.03611648893524982	-0.013148630107055458	-0.018329293728264907	0.033903688092639446	0.001622681308666833	-0.021035522152463886	-0.013963069434510226	-0.005151090759974889	-0.016018821903115068	-0.006789957317736023	-0.003724413774774248	-7.258133922219839e-05	0.0009872236215559963	0.0	0.0	0.0	0.0	0.0	0.0	0.0	0.0	0.0	0.0	0.0	0.0	0.0	0.0	0.0	0.0	0.0	0.0	0.0	0.0	0.0	0.0	0.0
SRR21280531	0.14013958082273534	0.22657872793467973	0.20645611364369446	-0.03883742118541766	0.08499893546517663	0.11035904725669858	0.09926165130479947	-0.08746694678932425	-0.026169365710561766	-0.044712172117831676	0.039877137482215365	-0.032889455333099026	0.012205554219504103	-0.05122472224913523	-0.05030183384231689	0.11582366350441257	-0.03793299764047587	-0.006765382668103738	-0.07489626723197101	0.07489287714765085	0.018189908836132314	0.06995301549621853	0.07698036515284461	0.052545961818608836	0.010060125591217531	-0.0010137865768399376	0.1166642724679457	-0.014523241542501966	-0.08773455666205851	-0.029359347729462734	-0.009513117957020607	-0.0174668965855014	-0.0006816860057835814	0.024484724677773788	0.015757018943132237	0.050465492113227026	0.0023857595874929717	-0.004256860232919027	-0.04216421627488039	0.04290911896163571	-0.003623046784588693	0.002276056183526063	-0.004672928443525666	0.005038346325760904	-0.0008396484671950242	0.008652086974690817	0.0038517607570028854	0.0008448344853134682	0.0	0.0	0.0	0.0	0.0	0.0	0.0	0.0	0.0	0.0	0.0	0.0	0.0	0.0	0.0	0.0	0.0	0.0	0.0	0.0	0.0	0.0	0.0
SRR21280536	0.3484748034412955	0.14686959314546094	0.002209072437859632	0.10345224950886281	0.08919185726549175	-0.026442241363508347	-0.0778503270586582	-0.05048981416743289	0.11298347995080983	0.16856671415105043	0.04635724486292383	-0.06226939058198616	0.12133246355847413	0.0644518954779372	0.09382779762457139	-0.09208257926557319	-0.09054412160068573	-0.042945567742725455	0.11893761269312866	0.007898755278272544	-0.03182330259970907	-0.033466981315412314	0.1285732491888802	0.014003196447725975	-0.001900221925574176	-0.03690109586361207	0.03371980252227786	0.01657636891785384	0.04467184513144477	-0.020057007052687773	-0.0026064449799772706	-0.04638749361869635	-0.06419308301945308	0.0015883931161449843	0.035283299809986735	0.020746512423897568	0.009393169947385198	0.007851844444463515	-0.0015310410068286424	-0.013490942563098142	-0.011273263309263296	0.005622850634794471	-0.00357848321668277	-0.0074368929497378245	-0.00471452913939665	-0.0036521800514451733	-0.005712280071134444	0.0007572531157197433	0.0	0.0	0.0	0.0	0.0	0.0	0.0	0.0	0.0	0.0	0.0	0.0	0.0	0.0	0.0	0.0	0.0	0.0	0.0	0.0	0.0	0.0	0.0
SRR21280678	-0.44477408761944776	-0.03687016160908245	-0.06432309288994813	0.04817505599349203	-0.05446133195965656	-0.007886589503625632	-0.03201515200054018	-0.07167558905047365	-0.0367439927655267	0.03439424669696795	0.04727462144360681	-0.0033047898017173685	-0.00871434665087846	0.0009498896419701955	-0.003572159037158163	0.055868503075490156	0.029607209406285393	-0.017621890896619707	-0.013076861070619455	-0.017536402490087356	-0.031065011990990446	0.017516362732157606	-0.012484201898535465	-0.01890466853420161	0.0023653355008896866	-0.0307649866770871	-0.0028791019123289734	-0.020953296293561376	-0.007197418571195113	0.01143936720466737	0.04485161251431275	-0.025883421114749942	0.04868183028701485	0.0061623498200016535	-0.008381215250525032	-0.018180508343746852	0.03220772568433325	-0.03347086719048483	-0.009165006370297787	-0.016146147511886835	0.03839613077574767	-0.028951388248070194	-0.0010797708583992394	0.01817639431069512	-0.026178387678167773	0.014271949851275084	-0.001343617073313915	-0.004334917981299265	0.0	0.0	0.0	0.0	0.0	0.0	0.0	0.0	0.0	0.0	0.0	0.0	0.0	0.0	0.0	0.0	0.0	0.0	0.0	0.0	0.0	0.0	0.0
SRR21280682	0.08998303628448052	-0.05410699297815574	-0.27751772204580083	0.12311644614703292	0.07753727136165726	0.10567770220781163	0.22996613415713638	-0.03255518009664513	-0.07209800629251144	-0.04667317062845259	-0.12449124442945565	-0.05805223018316815	0.04848693545998741	-0.039793660122446284	-0.033400804895781046	0.032725916599685656	0.007264186479045353	-0.051608019909724495	-0.014086443564957097	-0.02148425039595249	-0.07170432166568498	-0.002026183244344558	-0.026168930441253232	0.03771257845194957	-0.08642816784730277	0.025275602125249222	-0.06809719428055873	0.019263243077597626	-0.034804508810359853	-0.05131322520732291	0.030721092597515303	0.00754842130407725	0.017274406506936214	0.07669097197655388	0.03415509613761133	0.0794671460113775	-0.016809850232764916	0.00019839151808680115	-0.0038458690056716875	-0.02822658956398378	0.013373144543763314	-0.0066933276527763475	-0.01961584813143845	0.008984553821279965	0.008202456466079094	-0.008901294841602125	-0.0024175753394481657	0.0043407448347792775	0.0	0.0	0.0	0.0	0.0	0.0	0.0	0.0	0.0	0.0	0.0	0.0	0.0	0.0	0.0	0.0	0.0	0.0	0.0	0.0	0.0	0.0	0.0
SRR21280683	-0.1952244574917444	-0.0180528995823024	-0.027751526025216976	-0.17001448007184314	-0.0015423045038114814	0.02577049530899234	0.15237371385892795	0.023122574495328698	0.0664023855689779	0.02337496529382464	-0.09231024447318893	-0.07884584922966854	0.06898832285691503	-0.07184681970729338	-0.012817660081158377	-0.053735206921762056	-0.04704557793449604	0.01858721742813269	-0.02831933767633537	-0.03402462493150364	0.12227505386731202	0.03201394813691549	0.0077508804511086426	0.06686428107890627	-0.044706112352270115	-0.09532996651953583	0.014894080861747915	-0.11351284484023065	0.10356420581075018	-0.021936327121908395	-0.012509190269996247	0.038702209371621416	0.08938788985778072	-0.01997370408278474	-0.033332656298402735	0.01418703151727384	-0.02767975307784521	0.0152365157795191	0.007757180304039581	0.00029489626013166345	-0.01652350056016773	-0.004685615447884702	0.012170864949671815	-0.009398113214890444	-0.002528364732254507	0.00459703421948773	-0.0024830119763913053	-0.0057720242515326885	0.0	0.0	0.0	0.0	0.0	0.0	0.0	0.0	0.0	0.0	0.0	0.0	0.0	0.0	0.0	0.0	0.0	0.0	0.0	0.0	0.0	0.0	0.0
SRR21280684	-0.4621765356148369	-0.11178029458304749	-0.06708529137553954	-0.12340165732817077	0.028515984031760047	-0.014004245153672096	-0.042249590849651436	-0.09668608728161328	-0.05006644490988227	0.03095363693525874	0.027969206238248775	0.033855795587791476	-0.08150846674400154	-0.03836194228085186	0.09851651384864099	-0.029469021076969908	-0.0026079742626562434	0.009679315856243001	-0.00703366028927698	0.002481105823432569	0.022544040039445084	-0.014474604448335773	0.01105399633340906	-0.03602216539212802	-0.031184179188378233	-0.04034293837425766	-0.024771743868718304	-0.03378790494549226	-0.03929925136871297	0.02259008556518854	-0.020468046544182907	0.03918520951452697	-0.0342076145726788	-0.007752120778757512	0.02449931693169578	-0.008028309655760374	-0.02570852394518446	0.01764734519972098	0.0015509988274107465	0.00619011702635506	0.021044011004657477	-0.0009767107666969169	-0.015648380553262845	0.005043163910308866	-0.009417307980521249	0.008410869197878418	0.0025752918371289837	0.0009730388006435762	0.0	0.0	0.0	0.0	0.0	0.0	0.0	0.0	0.0	0.0	0.0	0.0	0.0	0.0	0.0	0.0	0.0	0.0	0.0	0.0	0.0	0.0	0.0
SRR21280685	-0.2681800694067172	0.07596382646782322	0.013612369449778451	-0.026953113416515177	0.04731887584922195	-0.0377636973411472	0.04062996846612802	0.03167962207456672	0.08609857093748924	-0.09605081003261673	-0.02423176841665123	0.062420978689602225	0.05020579728431327	-0.008043331636187983	-0.07528395574527148	-0.06617675363212916	-0.03520818207939539	0.04139015823682227	-0.008214953510622928	-0.08147541453267716	0.005786313755038364	-0.06964472368481686	0.06603635758104472	-0.005959638055964033	0.025661899194741333	0.020013503092647607	-0.05203920001532925	0.00832418249480383	-0.012589160544305096	-0.003406698863428924	0.012258154273994135	-0.03195981368665041	-0.016279357880763286	-0.014955397188633054	0.05864733864494267	-0.019518406681520255	-0.0018318175326695783	-0.06355685090437467	0.030686409059230705	0.0045679556315943596	-0.015215970372122243	0.007456878704937374	-0.024396769275677646	0.0229400241956716	0.01503115140701546	0.006664298650436997	-0.0028965002856500602	-0.010158831874173185	0.0	0.0	0.0	0.0	0.0	0.0	0.0	0.0	0.0	0.0	0.0	0.0	0.0	0.0	0.0	0.0	0.0	0.0	0.0	0.0	0.0	0.0	0.0
SRR21280718	0.27213171958707866	0.025998296361556174	-0.174194004909291	0.1723305787234881	0.14356232502813213	-0.2167059538207131	-0.05361317479019753	0.3351408620687386	0.06080770335327476	-0.18053069975558858	0.11782532166314877	-0.04373070562714476	0.06513010971364186	-0.01198692561353549	0.07128151036017594	0.005243564519114038	-0.025169004829776704	-0.0071075239726718755	-0.023133303329534657	-0.015801800158100312	0.01722706944993424	0.04226760678530305	0.037481219347209785	-0.06925129189251288	-0.021554750712657764	0.012749287236343831	-0.030916825678779077	0.012440100884283307	-0.050906027878692146	-0.00838886504774148	-0.017724690596793623	0.03774312817387471	-0.013568975459748684	0.01191697603563508	-0.0007426297144993424	0.015424246080098167	-0.009207998028724688	-0.0012770554914518758	-0.020884837420297172	-0.010283395572329811	4.266469829868465e-05	0.012148344843731113	0.013469238003912157	0.015129094538395269	0.0024407992297663	0.003807318348520972	-0.0031694475897195247	-7.718834137351619e-05	0.0	0.0	0.0	0.0	0.0	0.0	0.0	0.0	0.0	0.0	0.0	0.0	0.0	0.0	0.0	0.0	0.0	0.0	0.0	0.0	0.0	0.0	0.0
SRR21280719	-0.38223676592208	0.04092470873540305	0.022934118266748592	0.08185811636764559	-0.006744739128382544	-0.05903409266820214	-0.01848126723092876	-0.02210187572243496	0.0634987803313291	-0.09862310516227502	0.005819587059158201	0.09035004931518226	0.00411623147779071	-0.028879979753447294	-0.0028345607666495237	-0.04343207376851976	0.029434356124694	0.05207361449191457	0.04918255309236245	-0.05025636043692639	0.017955954100206565	-0.01986970408782228	-0.018872900094817003	-0.02492688911715027	0.05366569160434996	0.03017156416180249	-0.00370223289880392	0.004594384375728627	-0.021976856868386466	0.027793134510591906	-0.04301817701937396	-0.01496407077194439	0.0661346003276253	-0.0013719360785618404	0.029586855012725663	0.01640009369347411	-0.03349992977383443	0.07604862634742819	-0.043663620325736605	0.00950194348703446	-0.011515196872158543	-0.008019651043918911	0.0024480180320574922	0.020202668674176673	0.015656396625758344	-0.014441757188559109	0.0080955405023504	0.00021144268245038567	0.0	0.0	0.0	0.0	0.0	0.0	0.0	0.0	0.0	0.0	0.0	0.0	0.0	0.0	0.0	0.0	0.0	0.0	0.0	0.0	0.0	0.0	0.0
SRR21280730	-0.32578083390472756	0.006430626542711706	-0.09386728324151188	-0.03249004116354738	0.035409727516539494	-0.04441098360768775	-0.00836235430299571	0.014623710578837736	0.003570508219795489	0.02208566717024742	-0.04099613996317719	-0.005218444174456667	0.023710526953633973	0.043372156980112264	-0.0321461966675776	0.017013782729289426	0.01621790215150528	-0.002629485198951563	0.03290323260435055	0.039276530631127786	-0.021492632470463225	-0.051032256809654425	0.008086080158997862	0.05567667012678091	0.025847172519196104	0.032216140822228415	-0.04626492766322167	0.04198833805033326	0.02588093424064238	-0.01861756528221263	-0.002432824419869163	-0.06556432429430173	-0.0023365191553649414	0.03915828286713755	-0.04362896759790009	-0.02160517852943625	-0.008435642541306446	0.04923797937001323	-0.030936085398445053	-0.0421542027117278	-0.03208540523855651	0.00039127008144657674	-0.0019710122562891894	0.01269993723701314	-0.018563937642792575	-0.007869055470812023	0.010304957909224527	-0.0032797651814360515	0.0	0.0	0.0	0.0	0.0	0.0	0.0	0.0	0.0	0.0	0.0	0.0	0.0	0.0	0.0	0.0	0.0	0.0	0.0	0.0	0.0	0.0	0.0
SRR21280741	-0.08463198046113386	0.16256482068540568	-0.08408034120994867	0.09697648804642113	0.07792759683814754	-0.034758280707251246	0.03271992732554489	0.10601459384789304	-0.04023707783671798	-0.01694966889970771	-0.070837659470095	-0.06336410426520846	-0.0002564075129029112	0.007192210370377375	0.04490245840708577	-0.003298420561145826	-0.08972245090701354	0.021897806745002635	-0.038806479706540775	-0.03741479566616613	0.04830309115900599	-0.02440619410210071	0.03215839164959324	0.05381122115233951	0.03439132084036676	-0.1091492989191721	-0.009525762922419311	0.0037708155013212075	0.04269710701861837	0.02746954564405724	0.05822421806458554	-0.0126677316650406	-0.04581679565518354	0.0027819122868025696	-0.01539035912869966	-0.05408492834699916	-0.030288074509801113	0.017597891829490224	-0.015737296016734327	0.038062831063109995	0.01367284662249127	0.01582152239113975	-0.021781700319860497	0.013356895748146665	0.014004614399654919	0.0013761603524700522	0.0011954176091358239	0.007436132795404337	0.0	0.0	0.0	0.0	0.0	0.0	0.0	0.0	0.0	0.0	0.0	0.0	0.0	0.0	0.0	0.0	0.0	0.0	0.0	0.0	0.0	0.0	0.0
SRR21280788	-0.3624965949374929	0.052294782980868065	0.016063211132346742	0.04525350207757231	-0.021629849919988352	0.009336825660442404	-0.05820815806489789	0.021083405454933403	-0.0038075285969162245	0.01713456916720091	0.0022570742272469565	0.06869090439069414	-0.012422287990059178	0.0037198818130822985	0.007714184678663357	-0.019789704560277798	0.03677523757948292	-0.027673444284736615	-0.007993765982000006	0.03862233073480861	-0.02094742819007484	0.05827769850071328	-0.0019733672947120904	0.00875169022421431	-0.06265054059693136	-0.005250681099908376	-0.010271657150471262	-0.011441083704071067	0.013004693709161273	0.03955360091077567	0.011551344584412634	0.021339669716449263	-0.003980378243461277	0.0113638380349443	-0.005701093638661819	0.027943294942276972	0.002359797601802001	-0.035186599112743404	-0.0032124029646174706	0.0028781071634510786	-0.011073391543313148	0.03932451423635518	-0.014603232053865753	0.02088802080442837	-0.03162896097281419	-0.018020748984459534	-0.0018800417949836968	-0.004524719994057378	0.0	0.0	0.0	0.0	0.0	0.0	0.0	0.0	0.0	0.0	0.0	0.0	0.0	0.0	0.0	0.0	0.0	0.0	0.0	0.0	0.0	0.0	0.0
SRR21280789	-0.30336142593513826	0.12039442893150044	0.09037598926643774	0.06208715058404068	-0.05162608103717214	0.029626705922233675	-0.07180210497368304	0.00030654780835631445	-0.11043952617590776	0.07316742334290563	0.02907480805267272	-0.03191153619008901	-0.04828887632705725	0.0076093738264096785	0.03094935884761788	-0.011434107493226393	0.032421910299807385	-0.016962713224142632	-0.00799311082408976	0.021573561067241218	-0.02267960854866294	-0.002657900467217917	-0.031479689998789744	0.008219047963913683	-0.004692945601159157	-0.011204083131246564	0.007003041856423621	-0.009478227578831832	-0.01494514968976912	-0.009787184446768734	0.008482736264704464	0.02385895419730857	0.011417501458411502	-0.010716543505287082	0.015586063035914827	-0.012140138541218324	-0.018698688075055328	0.002281341661162321	0.023171573538061867	0.008807925378142803	0.03574155551432268	-0.013915842242755709	-0.025355487910391765	-0.024826378305508393	-0.004979564716364209	-0.019857635486456863	0.01199098716290965	0.0006550894462201701	0.0	0.0	0.0	0.0	0.0	0.0	0.0	0.0	0.0	0.0	0.0	0.0	0.0	0.0	0.0	0.0	0.0	0.0	0.0	0.0	0.0	0.0	0.0
SRR21280792	-0.14860495034677196	0.1650886242269781	0.09098611242854886	-0.06883439804225149	0.022316435984318927	-0.02546968888582199	0.016758544009870976	0.02485531109299304	-0.052235197048855	0.006187822818418831	-0.01386843053932097	-0.041952002431424364	0.0530678347990884	0.017620810707084846	-0.0026245310016288336	-0.06539288667064241	-0.06128796583757598	-0.03708603492036525	-0.0045238656835509565	-0.024468837636935057	0.02512848537187098	0.00469750931914678	-0.012735752414075976	-0.00796016053708522	-0.030434275089100744	0.06345321081868051	-0.001742458549967211	0.01510419509001477	0.024868953409726616	0.029265270643240884	0.0143497909575887	-0.019336541050515115	0.026812975661539153	-0.041803597256584654	-0.03187323971446561	0.02964928443449609	-0.027107347647647627	-0.057595381014612625	-0.020207597923532297	0.009037589806400945	-0.004011730856055519	-0.0023302334031063566	0.014282293201648635	-0.003893294052231434	0.02418979527356258	-0.006936778492727863	0.007011290185354998	-0.0005124573692364405	0.0	0.0	0.0	0.0	0.0	0.0	0.0	0.0	0.0	0.0	0.0	0.0	0.0	0.0	0.0	0.0	0.0	0.0	0.0	0.0	0.0	0.0	0.0
SRR21280795	0.3495235687792718	0.16182734224141823	0.11593960417404961	0.08834559506360161	0.1171701363550049	0.10256202082707358	-0.0032205807323088444	-0.14337284052902607	-0.12308026156838374	0.06715559484407821	0.23261360518047064	-0.1481892864458149	-0.0009004307913143267	0.00699482570681121	-0.023810427156082222	0.09762684558650485	0.018315245256409478	0.07064802049309477	-0.05097480232729658	-0.12051920525323594	0.06737701567713571	0.06215512346336334	-0.06160745150516327	-0.003977822650280439	-0.03708036431637168	-0.007884819159220666	-0.0619979770339774	0.008847587356350895	0.015372429267133189	-0.020875655012678664	-0.018660800493137775	-0.02094976592135625	-0.020543352666597375	0.03381086927330257	0.032035003040888015	-0.029927933878092044	-0.02745250086801203	-0.0004220276830029368	0.04516558704253149	-0.007099289497317858	-0.011596392798739781	0.002827806329352869	0.008918502429279362	0.004466686011623756	0.0034061177542489725	-0.0014506672030136364	-0.00046856012232547	0.0007818424576300953	0.0	0.0	0.0	0.0	0.0	0.0	0.0	0.0	0.0	0.0	0.0	0.0	0.0	0.0	0.0	0.0	0.0	0.0	0.0	0.0	0.0	0.0	0.0
SRR21280798	0.02359962391965102	0.09890988471559618	-0.0070949656115145265	-0.0833020191108296	-0.26219111231326375	0.025116130156260078	0.1702370583432958	0.016449501671414797	0.046230149656283276	-0.16578965010477606	-0.09101110971305541	0.00943142396842179	0.003644242763095631	0.0062267802055067465	-0.032723898884805896	0.013404248283472003	-0.07358177667895316	-0.04790265733814302	-0.03436219822560135	-0.05132348011469807	-0.061327033758204856	0.0621225670840423	-0.009213835908807578	0.012860144642896499	-0.07787461884784558	0.05045129110650898	-0.03195938462671997	-0.019223036639957107	0.027858175600655385	0.023912553628568627	0.0894773875766098	-0.017550980560548178	-0.08647631081879668	-0.0036267199185217474	-0.011839931489710517	-0.025615287029772126	-0.037342671688842415	0.0246318025655768	-0.003133567541376249	0.025247854444768767	0.0007128225532959618	-0.008244251378382824	0.009636967722615193	-0.014054882428206569	-0.007212037573091648	0.0005867464201188733	0.0015571120122993218	-0.004576429292811377	0.0	0.0	0.0	0.0	0.0	0.0	0.0	0.0	0.0	0.0	0.0	0.0	0.0	0.0	0.0	0.0	0.0	0.0	0.0	0.0	0.0	0.0	0.0
SRR21280800	0.2484611062168394	0.21528986092722943	0.02567824785422231	-0.09822530789382458	-0.07382894578062596	-0.014504497096723445	0.12991456839966084	-0.08448055713626594	-0.025830620758614378	0.004951328939179929	-0.04675924390249228	-0.004024319066686229	-0.007033044005407895	-0.010676235969621741	0.02842481665575908	0.07871379453779062	0.051983277381761867	-0.025737689563052862	-0.008722598784751187	0.0862590277979797	-0.05345174857052714	0.05454811327176415	-0.054335904060564016	0.046576587868495056	0.05827521635191649	0.001818673983276367	-0.022337486182561306	-0.03141530661733507	0.033754005921503065	0.03895792106252772	-0.02058314074055662	-0.038980510129513694	-0.041972283325713775	-0.005261790543255091	-0.02734096881926304	0.029520272298577992	0.009249382563922225	0.022877078769288003	0.022526115177669604	-0.018485434229951202	-0.015870128176917617	0.015260061757434346	-0.0018427132683571648	0.004010061623879991	0.007005421559862665	0.00672897547145394	0.00021052110990266553	-0.006037996000181639	0.0	0.0	0.0	0.0	0.0	0.0	0.0	0.0	0.0	0.0	0.0	0.0	0.0	0.0	0.0	0.0	0.0	0.0	0.0	0.0	0.0	0.0	0.0
SRR21280801	-0.25990431537152936	0.1555906296172227	0.11440406206401249	0.02854845854915551	0.02469917802102536	0.040287824056486114	-0.05583415278122258	-0.008884196268651294	-0.07898711503801151	0.06566742686302547	0.05618081850169391	-0.04422312988104264	0.016287166866892418	0.03194312351926541	0.019700245264028627	-0.044533305849887905	-0.02588360741413265	0.013012851207146818	0.0011136592655635294	0.007730117807718045	0.030408385352416033	-0.028903659497109675	-0.02777398532472734	0.02624479847747336	0.002025046665123792	0.008282086977292196	-0.011437830953021385	0.028525354772844336	0.021061130951071847	0.015085288892578042	0.017638479144722313	-0.015188147348132949	0.008941152447785315	-0.00762332349447669	-0.013620567070503995	0.007321163746634257	0.03273514938487416	0.03216323882129092	-0.030900759970219207	-0.006373274392543601	-0.0017469055399270707	0.004074522567894898	-0.006739887332926831	0.012612260005178766	-0.012698337113459914	0.022857568365957023	-0.005656459562595732	-0.002755760583743144	0.0	0.0	0.0	0.0	0.0	0.0	0.0	0.0	0.0	0.0	0.0	0.0	0.0	0.0	0.0	0.0	0.0	0.0	0.0	0.0	0.0	0.0	0.0
SRR21280847	0.23380867856296889	-0.15943208578060195	-0.15730832247921905	0.04612445817305024	-0.5454544262794342	-0.0024668505333895474	0.03467249524599141	-0.08965953237210926	0.05677172271422059	-0.12503369422416016	0.1606962308471093	-0.07641376038517471	-0.004093121688273503	0.06519798618397034	-0.09823828380916835	0.11015191181631509	-0.009683291493691595	0.030855357063402963	-0.06758690154121981	-0.008298216993111762	0.08532853876700373	-0.14593108965045026	0.08339280715370137	-0.05833866163997096	-0.03558887847266791	-0.03466029153375111	0.015404372056389368	0.010828472320694643	0.027333697667651195	0.0396115694887028	-0.008372923777701276	0.011001950752497085	0.017214611963073265	0.027486748924980604	0.0060377153790396815	0.008793707697991326	0.036450673398041936	0.011900027669264006	-0.008961131678032351	0.006875040389464813	0.0022478185163019465	0.014988956248608973	0.00037084230286296374	-0.0019152692580944129	-0.0007698353720318957	-0.00866088789482499	0.0010515824641959151	0.0010447033230768844	0.0	0.0	0.0	0.0	0.0	0.0	0.0	0.0	0.0	0.0	0.0	0.0	0.0	0.0	0.0	0.0	0.0	0.0	0.0	0.0	0.0	0.0	0.0
SRR21280848	0.37556949142846324	0.1412147332655274	-0.16684317759086204	0.09024164007104156	0.041228741909595905	-0.049874693386268744	-0.1320232517917261	-0.033845952187347934	-0.04338451504829427	0.09117877297713652	-0.1318021892935036	0.01654530643753269	-0.03423286720979437	-0.012182881290614815	-0.010048773235213602	0.010101633816829934	0.007912893184909961	0.011399552149716335	-0.05702655787045258	0.06749107938114676	-0.007620431517245707	-0.12570941620602202	-0.030718170401103695	-0.014688963304363818	-0.0362653551681053	-0.013117683829326718	-0.009306185414921767	0.0041179595415172495	0.011052374811954235	-0.0901926398308443	-0.03079019405679667	0.0009124002993723136	0.007106981603339806	0.07062338850158364	-0.07312884112527768	-0.04264730410480313	0.011447583566070283	-0.025730996600540824	-0.015159112672931201	0.005393729638444825	0.0047629375752439385	0.02523419410364148	0.018390201057963466	-0.006771369402198186	0.012507033386103532	0.002317007375837028	0.003732686030853533	-0.001350888250774879	0.0	0.0	0.0	0.0	0.0	0.0	0.0	0.0	0.0	0.0	0.0	0.0	0.0	0.0	0.0	0.0	0.0	0.0	0.0	0.0	0.0	0.0	0.0
SRR21280897	0.11253000591902595	0.027579368401635093	0.09337379598856754	-0.03192163398062619	0.021688232454118165	0.22443234971193493	0.1281134811507668	0.1558208330335039	-0.07171007880320233	-0.029070497910581066	-0.060902634683993484	-0.07577591043233238	-0.3438844335211519	-0.06354830145348248	0.15626246739303626	0.02279863259374209	0.034422948412490835	0.13807296351594273	0.1009153452812105	0.020997700450437782	-0.006626263053962527	-0.024126491387597884	0.10077117983748068	-0.09274618045717765	0.038218308075620926	0.03218427315113918	-0.0021411402449698575	0.038040910227950836	0.06845427239563726	0.01580794281727949	0.05167840380647088	-0.008031357102764767	0.02859254484668946	0.006978975602097228	-0.0028938847970685485	0.020597472664941552	-0.006564014549626078	-0.014446597563810738	0.0014214775306052908	-0.01780425434383852	-0.0014211364885601302	0.005372323000905083	-0.00040710300888167043	-0.006880408021476244	0.003797624584932585	-0.0010862354237141329	-0.0004468113989096925	-0.00023204773706793241	0.0	0.0	0.0	0.0	0.0	0.0	0.0	0.0	0.0	0.0	0.0	0.0	0.0	0.0	0.0	0.0	0.0	0.0	0.0	0.0	0.0	0.0	0.0
SRR21280898	0.18364581040387185	-0.34325324284572717	-0.16574473288804473	-0.4617826291486776	0.10920273187229018	-0.08173366495606542	-0.06484569670199478	-0.14967836886118402	-0.021680496512849617	-0.07766047098637761	0.16644974734828788	0.06700225682695103	-0.13176474519525405	0.014885039382964564	0.09253877959651921	-0.04762196951620059	-0.07264761659385506	-0.006936075517080507	-0.027276577331457757	-0.02447460314190121	0.035994083691480855	0.030139584988416707	0.05749044789349389	0.09421632494289624	-0.006402169124639458	-0.0003048572436527747	-0.006741858317820264	0.018231373396231484	-0.029141290046220722	-0.04825748538706326	0.015583956227456251	-0.042007204970240575	-0.011065139244553688	0.003969503883593144	-0.027666066687961035	-0.000810683187231559	0.013812678590865858	0.013129579485890032	-0.010474299460889173	-0.0158495998698053	-0.0011604076671265261	-0.025125027645330204	0.001413255351678818	-0.005013654442897665	0.015874556971797557	-0.003996063314443093	-0.001271545449872652	-0.0023568318799630085	0.0	0.0	0.0	0.0	0.0	0.0	0.0	0.0	0.0	0.0	0.0	0.0	0.0	0.0	0.0	0.0	0.0	0.0	0.0	0.0	0.0	0.0	0.0
SRR21280902	0.1102169869706792	0.0119855507337284	0.07469031431305174	-0.057276281719866526	0.012784238474080395	0.3276650814535109	-0.19575840409298517	0.010725864894870332	0.03611957138076363	-0.04478264535333769	-0.13403360513786444	-0.11463825746617316	0.13116282014549419	-0.03403174555795013	0.08612681382285645	0.11406416368319237	-0.0786158028583703	-0.13185033785232583	0.08634194894579839	-0.10219322638631435	-0.02137768075394055	-0.06227953641331852	-0.03352909399060049	-0.06966982865892442	0.046719120896142205	0.03892662499909641	-0.017393249841657788	-0.03295709524708739	-0.029520114869206242	-0.0032759204068707206	-0.02112694731329757	-0.02284127081713659	0.005608710874342587	-0.0035112041094829006	-0.026454676223143146	-0.005168417168589714	0.026769669917161506	-0.007785918349170686	-3.329574753373511e-05	0.013220535429227345	-0.008090111330364141	-0.004852242687395543	-0.009388203269735279	-0.006777181500284582	-0.007160455625510056	0.0020958448032181803	0.004405615451947396	-0.0014254365725853348	0.0	0.0	0.0	0.0	0.0	0.0	0.0	0.0	0.0	0.0	0.0	0.0	0.0	0.0	0.0	0.0	0.0	0.0	0.0	0.0	0.0	0.0	0.0
SRR21280903	-0.3131433815008559	0.08981165154390586	0.024588171421904944	0.019506549603361893	-0.019320926834082954	0.06458372122861597	-0.04218735365125531	0.06415190375976747	-0.050784376113448826	0.035610985132513026	0.038065959882785036	-0.01426958387022233	-0.06143161341152288	0.01913558565161894	0.008296795223705102	0.049054189212234374	0.01446010726930287	0.022281005182324464	0.03238473107580798	-0.021667050286746297	-0.011889935637735102	0.015454577958411249	0.02145057094792736	-0.012354414654082988	-0.020498121518509608	0.01097858313583493	0.02038475259220112	0.051371188603675434	0.005137105323979754	-0.05164554881297513	-0.014521235489251237	0.0077236342772887675	0.024046246481214804	0.027439119246207646	0.04103420356808026	-0.006555614882101939	-0.004469773864687373	0.029741778298366956	0.015950888708268364	0.044990840877137506	-0.042460618193206234	-0.009548412694173005	0.028208037648383873	-0.0009023082929609977	-0.010152460347000453	0.014253140454624924	-0.010267222514383853	-0.002244273962848811	0.0	0.0	0.0	0.0	0.0	0.0	0.0	0.0	0.0	0.0	0.0	0.0	0.0	0.0	0.0	0.0	0.0	0.0	0.0	0.0	0.0	0.0	0.0
SRR21280909	-0.3259715411528029	-0.021773855700807664	-0.004527570345853409	-0.05169623691954666	-0.06225828266406686	0.046468533301220756	0.07453949864152523	-0.0009326715034340214	-0.07075942152888776	-0.0006619916895486762	-0.07694939915917559	-0.06457283304712491	0.01069491343652845	-0.0902836769523872	-0.04128675532096759	-0.06281987362373186	-0.027518470245898267	0.06630036844383529	-0.05072688398924854	0.02779817879437161	0.1300135782711754	-0.01410568862901917	-0.022365372494186832	0.02476159136555481	0.0165126340156941	0.07965892877341728	0.07839218547030125	-0.010931048783856616	-0.11947692758972726	-0.010203938549631501	0.022996677030153824	-0.07608358905637032	0.0028252035675239862	-0.04206026415108614	0.010440877321148463	-0.03624473018819009	-0.0024548014376850383	0.006709218204811064	0.026206239544046297	-0.040417636218000666	0.0018457248352654698	0.04688382579354811	0.006436178381712733	-0.006919726761947204	-0.008526041181389667	-0.004994933895882691	-0.005363517432958265	0.005480964941206355	0.0	0.0	0.0	0.0	0.0	0.0	0.0	0.0	0.0	0.0	0.0	0.0	0.0	0.0	0.0	0.0	0.0	0.0	0.0	0.0	0.0	0.0	0.0
SRR21280910	0.12029839966129609	-0.04946939091421268	-0.0034507646341345177	-0.31733965746833404	0.09749684885165814	0.1506205332740085	0.0146858533974852	0.04002690001002451	-0.05318599994784156	-0.06747558093716843	-0.02114136087382622	-0.07084782551998756	0.009845463678894693	0.10998589855834513	-0.01575477714964127	0.013520649107682846	-0.004247095200186908	0.10702234248465017	0.06138291363984886	0.005970499530675493	-0.13961764338830193	-0.05111383858435571	-0.13471131687865168	0.04437944656309399	-0.050059052493240594	-0.04308702116834404	0.053503906912927376	-0.007361165456535188	-0.004331148461024593	-0.02421987767889499	0.01850289384277218	0.0775449243418716	-0.0225182986418324	-0.036307208782935745	0.038037308861263774	-0.02714015937652566	0.023851027290176408	0.024825244899538936	-0.030384004058611306	0.0007361883076559329	0.0016108737678252496	0.016097007926800442	0.007891353062899339	0.014581331868847983	0.00038577181753187003	-0.010320766867669874	-0.00627183860409384	1.7481482165974452e-05	0.0	0.0	0.0	0.0	0.0	0.0	0.0	0.0	0.0	0.0	0.0	0.0	0.0	0.0	0.0	0.0	0.0	0.0	0.0	0.0	0.0	0.0	0.0
SRR21280949	-0.3241967388896032	0.032940070386949134	-0.13167968476866584	0.0587729310119071	-0.07141397943037883	-0.026329984182754063	-0.016494997863773994	-0.004886383962298572	-0.01434176481615749	0.07412614151104509	-0.03142646065148701	-0.009963536569285591	0.008195983038548602	0.010890930230260503	-0.026408805783242353	0.02111248029979016	0.028178623302578698	0.021197099682842734	-0.01126313724035837	-0.010124800407884027	-0.025446171911435646	-0.04762179949254759	-0.008259970329326361	0.02246931085057654	-0.011478656130022606	0.011744345548913342	-0.016706214097307392	-0.0028985177352780517	-0.03357816120203078	-0.013617345009275647	-0.037349097111873536	0.02165540910113012	0.04438687267863496	0.014588218965115054	-0.023188650679217156	0.014567668213681348	-0.02532630955220495	-3.200086305928846e-06	0.01925573858468706	-0.0034486705914020936	-0.01508152060588042	0.004204216734364946	-0.02755290850741932	-0.014333013814709123	0.016797507213913498	0.01156008328735322	-0.012149398485276788	-0.00327486581382807	0.0	0.0	0.0	0.0	0.0	0.0	0.0	0.0	0.0	0.0	0.0	0.0	0.0	0.0	0.0	0.0	0.0	0.0	0.0	0.0	0.0	0.0	0.0
SRR21280952	0.24021694036788757	-0.25455680493800625	-0.35219238503180306	0.4020533986568581	0.18843639169568868	0.10896734998612032	0.0883945573096972	-0.11052518576207229	-0.060496750961649644	-0.11067598334162515	0.05931970146221608	0.09336456547549579	0.02698722588180074	0.009755294880088838	-0.031248289472231867	-0.126381911300316	-0.002079987631640091	-0.0009501841186375254	0.0608478159081454	0.03241359477513525	0.06287690235013017	0.009646454060620278	-0.020149692049465186	-0.03063738038854911	-0.014231867603092047	0.034266273177794654	0.052688197855362155	-0.02384817580709671	0.06458918930821239	-0.018691369091266216	-0.002717481640922793	0.019028149579855838	-0.003201744203528758	0.006047001763650533	0.0011369855552756294	-0.035009748606618436	-0.01835219300952646	0.00192427192581669	0.017216388612442745	0.006929941034835294	-0.012960261211386773	0.0026750093041633923	-0.01571446820061687	-0.0009108715460218189	-0.011446286981333117	0.004249187778628906	0.005957864707314846	0.0006559900936776713	0.0	0.0	0.0	0.0	0.0	0.0	0.0	0.0	0.0	0.0	0.0	0.0	0.0	0.0	0.0	0.0	0.0	0.0	0.0	0.0	0.0	0.0	0.0
SRR21280954	0.18272112159957143	-0.0938482352732618	0.004342370829385891	-0.22557122664950904	-0.14168926175937951	0.0545672501604214	0.21962342429271664	0.16222505975182006	-0.150913090284016	0.10298248606545625	0.0379434894064068	0.23789729569295837	0.14403589300304176	-0.0816545404436376	-0.024255133793641834	0.01917294458481706	0.030548503107133123	-0.019370764932706206	-0.026074919865693328	0.0250249501110031	-0.02670525556091595	0.012138432739936426	0.01932981929495278	-0.04356734111704361	0.06817079518433984	-0.04038672104456108	-0.009854811525678306	-0.000554698355382413	0.027500692502151584	0.0034252963728623365	-0.03275999145401288	0.012652758519712285	-0.022893349719763725	-0.009667954298904909	0.015148868045420644	0.0010101514073793385	0.0194713576161887	0.005001311497974646	0.014773439363456034	-0.03335442055480504	-0.012567132087491282	-0.006735845349561827	0.005843179953594244	-0.004135466798475427	0.005868856016024066	-0.004544698371717302	-0.003512375551507637	0.0022133238312239943	0.0	0.0	0.0	0.0	0.0	0.0	0.0	0.0	0.0	0.0	0.0	0.0	0.0	0.0	0.0	0.0	0.0	0.0	0.0	0.0	0.0	0.0	0.0
SRR21280955	0.27479550902244554	-0.24637485889133873	-0.36053924955624717	-0.25943768500786657	0.0717824127275312	-0.04566949381387082	-0.20220390654443193	-0.12986528537049608	-0.023362439218862	0.038765120025801424	-0.11552362879553502	-0.005906748681367452	0.05146678067839844	-0.11572662604188966	0.06985034626200623	0.1177275269097157	-0.015332059518046254	-0.04181324490072618	-0.012034148161993507	-0.07354900869190535	0.03376873982997755	-0.031058812666672014	-0.014531413041200505	-0.0687369180937761	0.07524250517418997	-0.023679175293443874	-0.007467205797683652	-0.01999357889570371	-0.02748328844571105	0.045069598693914976	0.024970401891485836	0.027875273116550442	-0.003642831237555546	-0.0038335913027107166	0.027148591981235162	0.005029892155644449	-0.04035513734915884	0.012242058386261686	0.0037352106929809184	-0.007055966604958436	-0.005683920546846507	0.0012999204089178874	0.004265663183261578	0.0017865755696928397	-0.002571402505175114	-0.0018672236259279845	-0.005045719821558763	0.0004173180592431336	0.0	0.0	0.0	0.0	0.0	0.0	0.0	0.0	0.0	0.0	0.0	0.0	0.0	0.0	0.0	0.0	0.0	0.0	0.0	0.0	0.0	0.0	0.0
SRR21280956	0.32757217684795087	0.0610111120326809	-0.16482927427285493	0.14493103898424825	-0.005533543164987084	-0.029642392704688852	-0.0861279037020142	0.0544648947153251	-0.1069472901804528	0.18080932730319174	-0.03210037036715661	-0.044304050993571105	-0.14410188497081194	0.016644368401317902	-0.09310143004001747	-0.1138364572734447	-0.06094140126509656	0.00747105688610902	-0.173857034878261	-0.18489600522058025	-0.13782295508338613	0.03134717189369744	0.07789647948512034	0.03617907255812117	0.03408714577757274	0.08619503153781904	0.012568147525666819	-0.0946156878579451	0.011282956206434294	0.05919049332028077	-0.03841299389109428	0.017099514413669442	0.00318187681092845	-0.00091617896039392	0.013488118364885296	0.0021792906058873277	0.030182823513546304	0.01125421032036496	-0.014748878484435506	-0.006986462842923084	-0.004003349677293173	-0.0017308580939131655	0.012729424726503118	-0.001662857729132131	-0.005575861196004696	-0.0007449050697088196	0.0019194826352080625	0.0016161002499036565	0.0	0.0	0.0	0.0	0.0	0.0	0.0	0.0	0.0	0.0	0.0	0.0	0.0	0.0	0.0	0.0	0.0	0.0	0.0	0.0	0.0	0.0	0.0
SRR21280958	-0.451732662387101	-0.03373771286189835	0.019011144960703844	0.04386573942300366	-0.04441784016778007	0.02926984282789477	-0.04306800331575621	-0.04297911057789391	-0.014635587686456727	0.008436398277065384	0.05900743356489291	-0.005131244582416396	-0.036334690097279326	0.010599400726428359	-0.012249330787773712	0.0466474937970398	0.03327900166894794	-0.005355157377613635	-0.0027104661480733118	0.006476856824222757	-0.019056057861797565	0.044505533143773264	-0.005539987930117008	-0.02066853898764546	-0.0017862102104770844	-0.04157605168769028	0.005099303887038732	-0.04397155499354326	-0.025365300876078006	-0.039269209108684124	0.028967516869055313	0.010015447667450146	-0.03166245106902689	-0.005642296482300012	-0.014533706400063786	0.010085870198367331	-0.014143413441342925	-0.03449161362036227	-0.0024622355232275543	-0.010591410694230212	-0.05366859787020433	-0.014602025412416427	0.010691109549893984	0.004844615582118202	0.004810240897703686	0.018960948155051602	0.012242468415342395	0.009312986103078897	0.0	0.0	0.0	0.0	0.0	0.0	0.0	0.0	0.0	0.0	0.0	0.0	0.0	0.0	0.0	0.0	0.0	0.0	0.0	0.0	0.0	0.0	0.0
SRR21280960	0.3741150017884423	0.12034302243609149	-0.1663858861109669	0.11376622474116942	-0.13424258574375517	-0.04766033498555471	-0.09908247295843137	-0.0023576967497777193	-0.08670210296611268	0.0441082913614829	-0.12607288785311827	0.03324828036481048	-0.08368965784478324	-0.04858599303162465	0.003797739380715335	-0.06621786761240467	0.046920014275306524	0.05355251762883514	-0.12185839192309801	0.08400289124871627	0.03627767392971746	-0.053274687648260814	-0.05097066138069305	-0.05529275904671944	-0.025236901935053298	-0.040169091804346205	-0.020696179213787004	0.03985639346649733	-0.016960226300365235	-0.05916771325233818	-0.027755987229696803	-0.006118034939575751	-0.061067658326833134	-0.09891943260250076	0.016270415997444873	0.05267596202688233	0.00235653407493061	0.014405655185415816	-0.0006288655767343861	0.021167273783434897	-0.014919734451838827	-0.017011062703645455	-0.017031958789881056	0.0014760576130728419	-0.005188738290340103	0.004653115727729076	0.003948108296436596	-0.004242275301867601	0.0	0.0	0.0	0.0	0.0	0.0	0.0	0.0	0.0	0.0	0.0	0.0	0.0	0.0	0.0	0.0	0.0	0.0	0.0	0.0	0.0	0.0	0.0
SRR21280962	0.1952277704152526	-0.0745113624155163	-0.10445010624265356	0.12415696665633094	0.028166700698445752	0.11392374042852414	-0.11469567074971798	0.1172377974954876	0.11791867158704712	0.09256969563367383	-0.11507726857836174	0.22905721593062695	-0.03949578351447962	0.24765259903744208	-0.1037620403032931	0.16882074675102116	-0.1670511304469242	0.14598784269875814	0.0333185389218829	0.027889320149297014	0.0874707895746721	0.11436362941567903	-0.030242159982374974	-0.015090276457656744	0.010341106305907427	-0.001968339279804476	-0.02449023658700194	-0.03116791439637232	-0.0030327295408713226	-0.009330471015808653	0.0005992502533542629	-0.03205557898799226	0.013160881132125102	-0.012040735025146014	0.007264749035406821	0.012063563094330999	0.0019745455300607634	-0.0009918295606324878	-0.000200104346173681	-0.007451345242676721	0.012983982442707754	-0.009625618192349437	-0.008524771769140608	-0.005062870680664745	0.0004161772951076974	-0.0021726846435576527	-0.0014373297488262393	0.0015247726404394367	0.0	0.0	0.0	0.0	0.0	0.0	0.0	0.0	0.0	0.0	0.0	0.0	0.0	0.0	0.0	0.0	0.0	0.0	0.0	0.0	0.0	0.0	0.0
SRR21281007	-0.4062507873313018	-0.02421598051338052	-0.05339820372523478	0.0584226877422739	0.03843077745206456	-0.10954647544939246	-0.050939513301399314	0.16448524667719858	-0.0023515020948979295	-0.0747302039180135	0.07587069576313543	-0.06816794558616769	0.012261426196372998	-0.004014700189375935	0.072031434234927	0.04614695916463795	0.005864016493210033	-0.0018315755671591107	-0.015894750702221235	0.05840832665890705	0.014937529131367937	0.021437610437540496	-0.022803327816353823	0.0021057911119877347	0.027896061599254476	0.03216805569913466	6.476747241264576e-05	-0.039857954139410234	-0.005184063557302799	0.02554560247155899	-0.026488043546881657	-0.012332835101664988	-0.009333902611618804	0.002252800302005338	-0.00839955316962936	0.0015061435394833971	0.028299652961069184	0.031052419480266075	0.010202061547126827	0.012300968063167168	-0.001854506129782124	0.002691077417979429	-0.015238563593337329	-0.013103058877180187	-0.0032273475757166247	0.002235383643396483	-0.0008468288702175695	-0.0013556839883701688	0.0	0.0	0.0	0.0	0.0	0.0	0.0	0.0	0.0	0.0	0.0	0.0	0.0	0.0	0.0	0.0	0.0	0.0	0.0	0.0	0.0	0.0	0.0
SRR21281018	-0.28386200587568416	-0.0197947132816687	-0.13580787225039165	-0.14775757953422766	-0.03379644546911813	-0.1131688339602597	0.07355260888980364	0.008958040642688712	-0.052874200448061494	-0.008503535754583874	-0.04214904180411141	-0.06301342101149557	0.04831395771537418	-0.014525370189245376	-0.015615099756693993	0.05122149165430814	0.01122303382963165	0.011006794248765557	-0.02124462853819308	0.013839338791043003	0.01447952614231483	0.006269904090285584	-0.0634586103123968	0.011279713051179285	0.0730571167651457	-0.008398073892381506	-0.026552233839921675	0.025180952898011557	0.05354362637595574	0.03072891880679682	-0.0019050545338978966	-0.041846436737645425	0.023564882254573042	0.015535393650680804	0.052018207005341294	-0.005052018653506405	0.03078959523832618	-0.04537810842238639	-0.022698646220667834	0.027485585666310604	-0.000805331056491168	-0.006952355905623988	-0.009438314558950731	-4.732188127982635e-05	0.00010417201537896221	0.0024983218987886108	0.0015774724100030362	0.006296916212121661	0.0	0.0	0.0	0.0	0.0	0.0	0.0	0.0	0.0	0.0	0.0	0.0	0.0	0.0	0.0	0.0	0.0	0.0	0.0	0.0	0.0	0.0	0.0
SRR21281022	0.2292363751681982	0.0753356858348947	0.40099020460158175	0.09774077077266075	0.10915678927400549	0.02804781965452566	0.011057115001315211	-0.0818389306024405	-0.04637430660182111	-0.018819432565834925	0.039600172185252296	-0.029014763742818982	0.04500977106650741	0.06657726783175248	0.08827920433000662	-0.01828093792960825	0.007683168044176433	0.05488049176127768	-0.05982929961973052	-0.02445087299425842	0.07863030016456726	0.017790679362204853	-0.08635317220233812	-0.03719076593457958	-0.08127463302306076	-0.024432400716797	-0.08323184520883849	0.02834757243695335	-0.02722719717421556	0.09294467432213081	-0.03915006397545805	-0.002387846574704647	-0.0054368594178062024	0.001661578341288118	-0.018725735850873594	0.006718321985215692	0.010430495615517486	0.0067114414942231965	-0.01611987607536054	-0.02157026180749066	-0.0003181513439452122	-0.0021587350922427566	0.0011307509524412808	-0.016103527374647816	0.005767325235846873	-0.005281293654765076	-0.0007816266854207529	-0.0028170709825703247	0.0	0.0	0.0	0.0	0.0	0.0	0.0	0.0	0.0	0.0	0.0	0.0	0.0	0.0	0.0	0.0	0.0	0.0	0.0	0.0	0.0	0.0	0.0
SRR21281023	0.21131891520695928	-0.2730503906565391	0.30982483728006927	0.057905556463422415	-0.0744754350037494	0.1061102184371621	0.048436494835509575	0.23068691843259756	-0.23957441719592945	0.149881426532883	0.11440510504382202	0.2224591208365556	0.14013726727460493	-0.0850683776212358	0.048837711542835185	-0.0010396402190619995	-0.018396372989255862	-0.004792740582953656	0.01471740064448673	-0.044654569089687304	0.0016340443510361087	-0.07754064130321875	0.024436989965460263	0.028629513684846414	-0.026578408264495257	0.00025015934013621283	0.003283718215324239	0.0032680516709186324	-0.02356215266502591	-0.005739372435419026	0.031227538158558343	-0.012819555006067603	0.006220166501233941	0.021094694846069795	-0.021153047152517552	-0.005732068667283425	-0.013106206162371561	0.004379744288168113	-0.011282923469562074	0.028885723777128478	0.009924468862118568	-0.00037052988821374553	0.0005061353929165411	0.001489628797557717	-0.0013773765908462103	0.0013588969120767293	0.002635456731086393	-0.0014879180232502535	0.0	0.0	0.0	0.0	0.0	0.0	0.0	0.0	0.0	0.0	0.0	0.0	0.0	0.0	0.0	0.0	0.0	0.0	0.0	0.0	0.0	0.0	0.0
SRR21281024	0.17370273874044714	-0.5240750730359593	0.39097965793629447	0.18131331831751568	-0.014536770005264604	-0.19967348125433984	-0.02343978189993755	-0.04027262752719522	-0.0026473268729366017	-0.004933355628323781	-0.1066664195930999	-0.027308625891659537	-0.01759515699637111	0.06795378953983713	0.06163347833750404	0.04260558061093566	0.08240397888015452	-0.03765936033475832	-0.05397300516453491	-0.04993127217236023	0.02273241617827784	-0.022098692345863424	-0.0017186910344723606	0.019089926148128503	-0.013145162798952708	0.03004906447364523	0.07557958142405069	-0.008766161363565124	0.03676132467776809	-0.0497707646314354	0.02554669485447518	-0.01515239075228302	-0.002204078869344598	0.010085141696519714	0.04621050873034034	-0.010718736317898589	-0.02616969388372857	-0.006995394317915366	-0.018317242488410768	-0.021535275764541464	0.0019758322216892874	-0.018217989484027853	-0.02098185893484151	0.0008628325215966269	-0.0058147633752431895	-0.00010062953298957041	-0.0022649718587900965	-0.005585248007612071	0.0	0.0	0.0	0.0	0.0	0.0	0.0	0.0	0.0	0.0	0.0	0.0	0.0	0.0	0.0	0.0	0.0	0.0	0.0	0.0	0.0	0.0	0.0
SRR21281045	0.22944607338922327	0.03937768865590992	0.04571535795831951	-0.10223285317220604	0.022005982491199148	0.024324358965606044	0.06142781156929533	0.13673848179245557	-0.03629337146168124	0.08040256761381878	0.016422093988174166	-0.038927999694282685	-0.20132849525178284	0.13773897683680722	-0.16846047469828382	-0.08395665041647257	0.079849928884482	-0.30248703945663735	0.11128200441176746	0.012778728206795117	0.14848666591021425	-0.030342183467312996	-0.047871088082299944	-0.010678206988103383	0.030241226706344517	-0.023764217426713505	-0.03022967729958367	-0.02727166020744698	-0.04022045940207582	0.011481762687931446	0.01122208407150088	0.0061264458006025915	-0.010703907291426827	0.006541570931541905	0.024613147173039578	0.0033348203893677577	-0.0027923206925345055	0.009085029965577874	-0.012169438545996171	0.00546973648625642	0.002205743540771909	0.0025572327376662774	0.004518809406560709	-0.0007974782653593086	0.005637632447065611	0.00208559951193436	-0.003088991785109484	-0.0007553934566257014	0.0	0.0	0.0	0.0	0.0	0.0	0.0	0.0	0.0	0.0	0.0	0.0	0.0	0.0	0.0	0.0	0.0	0.0	0.0	0.0	0.0	0.0	0.0
SRR21281047	0.08019526902658985	-0.179864217797691	0.019245795881630702	0.0050415135270948114	0.014514120996765481	0.20933752822927026	0.1434615986915626	0.08421148413164535	0.45019114577331376	0.19201000740608884	0.15393497612898413	-0.016181172860381076	-0.04825432564311708	-0.05036252660979096	0.07642061586983136	-0.06365985351683211	-0.033854166428585866	-0.03518197823101816	-0.18475999445670718	0.05894336470776749	-0.0467805388370522	-0.03414110060224972	-0.11539274119902102	-0.020790000476915604	0.05245406849467525	-0.0005822023330907352	8.765738613803583e-05	0.022536970774917786	-0.006806119192781047	-0.007881392857835883	0.014341980026519428	-0.0012313305089754817	0.010326668299411992	0.011144562586091858	0.007158048347564602	-0.0076206043245444395	-0.027800189847829643	-0.007208071624782453	-0.007650655451045011	-0.0006632868509705511	0.003338201817888018	0.0013942380231843062	0.000943850278929677	0.005296514675190141	-0.0029161079292003974	0.00038424769444651933	0.0010104746537820013	0.0006416395244420697	0.0	0.0	0.0	0.0	0.0	0.0	0.0	0.0	0.0	0.0	0.0	0.0	0.0	0.0	0.0	0.0	0.0	0.0	0.0	0.0	0.0	0.0	0.0
SRR21281049	0.11071070227561756	-0.24182325775646346	-0.3050559969209498	0.34572903822671436	0.21889727136293752	0.1797635538806867	0.22636060405969455	-0.14756087520875744	-0.06558159502143546	-0.1358041621442672	0.03734473160994395	0.03564433070088128	0.011317936165091675	0.0010230595732737013	0.015006053115568126	-0.015779715961981973	0.016565036899494547	-0.05379323552514434	0.021190916168745702	0.014487228023298205	-0.04061663009162632	0.002873289334060263	-0.01697963401437227	-0.003560585180420404	0.031431687735898814	-0.022343496528349403	0.023723284647433177	0.018646300949229137	-0.0041555287304069705	0.05136384227713807	-0.030760875437113526	-0.026754867951569224	0.009791473130009012	-0.0514295804641806	-0.02021031332349277	-0.006735711124809702	0.034426831216592374	-0.006435999830503056	-0.009830645502440215	0.013391771020334568	0.005510404933199695	-0.004669065022285426	0.016857427294679365	-0.00798065443758117	0.0015311022792190022	0.0031779048692523945	-0.0033743615001438237	-0.0019955489843476934	0.0	0.0	0.0	0.0	0.0	0.0	0.0	0.0	0.0	0.0	0.0	0.0	0.0	0.0	0.0	0.0	0.0	0.0	0.0	0.0	0.0	0.0	0.0
SRR21281050	0.22819065911372938	-0.10800995385754776	-0.10325992927927914	-0.39969923623364845	0.07958583734493818	-0.07594661362470939	-0.04946656994993116	-0.04827810353547663	-0.004083154239233037	-0.018524407969444445	0.020367442937841946	0.14715821810710233	-0.08946917091902122	0.03773645188503146	0.0780040024171426	-0.00643821990969273	-0.08112987302408972	-0.07244078170865481	-0.016933172555798553	-0.0021631781325742927	0.005665504102157985	0.02001851055496467	-0.01609638533194425	0.017028904685797437	-0.0926106487695462	0.0489804150336855	0.015207581628156846	0.06289692353210584	0.01948138296997404	0.03570639540910809	-0.03321685711503289	0.006153898543932051	0.039002594740825874	0.010506581509400068	-0.011819903214709188	0.013191457066897644	0.013369175189964087	-0.022788294076039193	0.026020675316050377	0.03183125736597768	-0.009411798236292635	0.029065158601855472	-0.013818506846715754	0.003584878396281251	-0.011058568289388155	0.002737003059022998	0.004994013317781429	0.0023708530001150256	0.0	0.0	0.0	0.0	0.0	0.0	0.0	0.0	0.0	0.0	0.0	0.0	0.0	0.0	0.0	0.0	0.0	0.0	0.0	0.0	0.0	0.0	0.0
SRR21281052	0.3562874734769149	0.19118196837705517	-0.01538217412642234	-0.16864832407805028	-0.08649857602571379	-0.12495553846293034	0.025650830249951677	-0.07822401143503276	-0.007658466647382611	-0.020495122545617753	-0.016319110491716016	0.04241458438638286	0.022224220805719848	-0.013128901535221747	-0.01750752474532044	-0.03284409053373361	0.046359334814674434	0.020890240936477285	0.02715828001207575	0.049259305740369	-0.027907005340579653	0.023661632102634677	-0.050158895949878324	-0.04466662892128505	0.005310821659441155	0.003866268216973367	0.01654766702407173	0.017945856393324095	0.06890595774700685	0.023527491435698985	-0.02873777955726214	-0.03729792144146163	-0.00510453555455086	0.03755838345658263	0.051774590595413755	-0.02262316630475802	-0.017511628752520894	-0.017613057875078563	-0.02626119547075632	-0.01938239038331354	0.023512499102025672	-0.0022241747430776964	0.013032894833840717	-0.005557035123887545	-0.0020102013307603684	0.018890086418001998	0.0021779037188942407	0.003294614187198501	0.0	0.0	0.0	0.0	0.0	0.0	0.0	0.0	0.0	0.0	0.0	0.0	0.0	0.0	0.0	0.0	0.0	0.0	0.0	0.0	0.0	0.0	0.0
SRR21281054	-0.29836476638529047	0.09765347477181752	0.025287182237727728	-0.04708752096184729	0.022154335486050537	0.03204420287484169	-0.04993871362137532	0.026331568233982448	-0.05595831380787657	0.0399981134007287	0.03834988613398203	-0.004334434243550515	0.000714202032716463	0.04737610794665349	-0.031809560851645255	0.02719926174935985	0.007823127886064957	-0.022001698427532003	0.034570328315209065	-0.0003350290923241424	-0.05743368100218238	0.04343941610465152	-0.0012808809227640838	-0.005715693588271165	0.011036002509745704	-0.032980722481698435	0.08608914603912529	0.0021072208000927277	0.03392259741570984	0.010767200792449595	-0.07053904888969087	0.022924836763775814	0.003425163766231336	0.0067386706695449035	0.015746689655368032	-0.013463926183400149	-0.024651104306593428	-0.007552384164389627	0.0020115941840355934	-0.02490832540677861	0.017301616695857735	0.027296780951288048	-0.01836948765268535	0.01877153706549386	0.021221830982212735	0.00442483438171886	0.006376179463439278	-0.0034627104932594952	0.0	0.0	0.0	0.0	0.0	0.0	0.0	0.0	0.0	0.0	0.0	0.0	0.0	0.0	0.0	0.0	0.0	0.0	0.0	0.0	0.0	0.0	0.0
SRR21281056	-0.3825717044223056	0.003095331611690576	-0.06761784581285062	0.08202548486627062	0.01732670566307972	-0.06161000423249845	-0.03751902583598714	-0.04528019608314292	0.034063574930328445	0.03715172885201663	-0.009174197164540392	0.0342866420793655	0.024372809274497795	0.024213658959147174	0.00863266314881943	0.018099035665593382	0.002096597017454902	-0.010793369719273662	0.015945026674340182	0.00016823289572263526	-0.03086383809494879	0.008648439001653048	0.03496216374138535	-0.033792186460463364	0.0150064062495837	-0.03852997543816283	0.004976611611315947	0.03617441662530765	-0.034554195460927126	0.034954928202910844	0.04171105384556063	0.02693204239860147	-0.010284768405266737	-0.0013001391619405329	-0.008059068777824864	0.022457939518100257	-0.014142315056195523	0.02688344283868719	0.04053913259470893	-0.013202572284134644	0.01854802532446909	0.01016763952628094	0.031414211174432834	-0.0008937648286102361	0.005834763892777364	0.015428869160352738	0.010624238114766581	-0.003397295356316738	0.0	0.0	0.0	0.0	0.0	0.0	0.0	0.0	0.0	0.0	0.0	0.0	0.0	0.0	0.0	0.0	0.0	0.0	0.0	0.0	0.0	0.0	0.0
SRR21281057	-0.4923816021769371	-0.061847737684419465	0.006339086360408058	0.060743596332086786	-0.015780339448424253	0.027077739432881217	-0.05599932919695191	-0.06608037219498941	-0.025729962057892537	0.0029830716641520705	0.06879480021975869	0.016915100271450354	-0.04338282280110936	0.001661789871178994	0.01114125521778671	0.013120366611322551	0.026165386952245812	-0.015616857900120495	-0.01621622427393321	0.018895087074092314	-0.023317588552918184	0.02587747638895712	0.022829741989473316	-0.03985790705102874	-0.0020614243234174947	-0.05246752787392279	0.002145109527490441	-0.06463890397875058	-0.009602636607408574	-0.02079590628356459	0.025446070041598746	0.003346425854034589	-0.024694282297894544	-0.012122946994843955	-0.026238717205421213	-0.023072684762201964	0.03919369080671546	-0.027185671632598676	-0.026913950555015168	-0.016626539135094997	-0.020683220557460486	-0.010471490563596511	-0.006891812644458172	-7.907762719564682e-05	0.02171056795079514	-0.021246306171859075	-0.004369133396650361	0.0011112916769523056	0.0	0.0	0.0	0.0	0.0	0.0	0.0	0.0	0.0	0.0	0.0	0.0	0.0	0.0	0.0	0.0	0.0	0.0	0.0	0.0	0.0	0.0	0.0
SRR21281058	-0.4163277422919286	-0.025448444334965792	-0.11013905129981429	0.12641765698193216	-0.02279499349021609	-0.034210894893221516	-0.06751210125004127	-0.06568797057268552	-0.013247571912785317	0.07339731998584423	-0.02150560599941451	0.017649105754646646	-0.00412879048801331	0.005968385676068861	0.04616884122873254	0.02112886640863121	0.03187546215338277	0.007729315310150349	0.010781434553114998	0.05029538347974875	-0.034242359600607335	-0.008911842628408845	0.008117491833120612	0.033826694412212976	-0.013536156744613769	-0.0064608919252516295	-0.005034267842547976	0.01791026346832351	-0.00746361136754055	0.023026863337919506	-0.03349613611667145	-0.0422257781302184	-0.005586922119023498	-0.02159894570295745	0.016002711899354607	0.0006060363448237114	-0.04665865237642141	-0.03199313540643213	-0.03491508785617809	0.029285059465084813	0.02408581776938995	0.0024949984504378984	0.038390849859979356	-0.018862035126010354	0.006466258789839628	-0.009415817008768644	-0.011593668993259263	-0.004291888811871917	0.0	0.0	0.0	0.0	0.0	0.0	0.0	0.0	0.0	0.0	0.0	0.0	0.0	0.0	0.0	0.0	0.0	0.0	0.0	0.0	0.0	0.0	0.0
SRR21281068	0.27444728643263244	-0.0066207759814688166	-0.037111018562817656	0.0636313698479131	-0.4620398157331308	0.12465934226147271	-0.024778450488709202	-0.004442267923307648	-0.0009729465327940723	-0.06968765356764021	0.026785675239644223	-0.06222063144856156	0.0242172264583305	0.10830931211022915	0.14310775589587474	-0.08354740701663127	-0.07043688441050917	-0.01382000227991536	0.10609304459520409	0.053986909957233264	-0.03868425610952968	0.0033954427244960654	0.02246813192402601	0.08102417668303616	-0.015004219308245978	0.018905011704384675	-0.0006934758410861236	-0.02814266353384421	-0.056691399916206094	-0.0024794306085285977	-0.06335058553343938	0.01967961978435075	0.015768756384873104	-0.02472858038573187	0.0006157817838018815	-0.012133919525275453	-0.038804999506999706	-0.025353189330290255	0.010670088703332888	-0.024846327862989116	0.0018319204180787937	-0.014227698015690262	0.004323390919740622	0.015225389572487417	0.0017039386064214828	0.00802571815559034	0.0010099619688537726	0.0023056708294536786	0.0	0.0	0.0	0.0	0.0	0.0	0.0	0.0	0.0	0.0	0.0	0.0	0.0	0.0	0.0	0.0	0.0	0.0	0.0	0.0	0.0	0.0	0.0
SRR21281069	0.3774219125107139	0.18930916601913303	-0.04064095210401423	0.1538180882156852	0.045131327263596165	-0.06725658611023179	-0.09575071292849976	-0.09385774190112792	-0.0009378759816539467	0.08808924049989646	-0.0007113761958766406	0.033959246099138085	0.06548786078153032	-0.011304543894289414	0.04246655351481742	0.01814078423780212	-0.01236092472906632	0.009969638759578573	0.013494186374304372	0.11966420504462855	0.056537714125519896	-0.028261708137524773	0.015342848222840964	0.07095716000656745	0.009246038966685575	0.039876019611919646	0.01977024687187337	-0.014720407112334535	-0.015209698629899425	0.05570442362302807	0.138519975725578	0.0731145166560821	0.0307903947481707	0.015840573673126197	0.030541689353164776	0.01084395367015156	0.027698265333823028	0.00376546792987327	0.005581427199471489	-0.016818339394035292	0.004176345080626959	-0.0005466459454715229	0.015558557147138254	-0.0006804107330814819	0.012426625470790808	0.0035741459637932105	0.0017740726243292892	-0.002534378123821559	0.0	0.0	0.0	0.0	0.0	0.0	0.0	0.0	0.0	0.0	0.0	0.0	0.0	0.0	0.0	0.0	0.0	0.0	0.0	0.0	0.0	0.0	0.0
SRR21281071	0.3574249547132479	0.19024412841977667	-0.016681825485474158	0.07210251822455951	-0.18988285586208933	-0.08577698566493806	-0.010673532613501428	-0.06054147888842583	-0.015055915748990343	0.02130099300192175	0.013555862267935991	-0.014732825334398087	0.040793407630373806	0.005387257095713084	0.003691367857833785	-0.0751818536702668	0.0022000270814680417	-0.04257247567265776	0.013335968705142944	-0.12999179040377404	-0.036572582357486734	0.12935625802862452	-0.030416856506041604	-0.034856607854144996	0.04291216837652139	-0.05316703205243691	-0.010249917474102107	0.1229323633166055	-0.006330908424829282	-0.07857214703612127	0.06329303091077511	-0.003424676604533624	0.07964141512119235	-0.06562165611160986	-0.026974875032510996	-0.004435927637765183	0.02027947979469339	0.011667183587832202	-0.005165470899198476	-0.001180722967830837	0.010163569110589554	0.01438522704188745	-0.008097439816431604	0.006130611652625317	-0.0006619410879083309	-0.0017292548547479481	-0.0017093021561250215	0.00202871106716256	0.0	0.0	0.0	0.0	0.0	0.0	0.0	0.0	0.0	0.0	0.0	0.0	0.0	0.0	0.0	0.0	0.0	0.0	0.0	0.0	0.0	0.0	0.0
SRR21281079	0.35794848108712024	0.24172485491056134	0.07456750334409874	0.0736126376799928	-0.19162488430469318	-0.061362389118634196	-0.04163714404961615	-0.10359682301235991	0.05110112922717075	-0.058544518380938305	-0.015864512332059225	0.10036204876634375	-0.03623638347274917	-0.09326459597192158	0.08439341484716359	-0.06660336324403722	0.0529513542274053	0.015511029795085883	0.057971168754274376	0.008016119404038758	0.023638919860391655	0.124576215642684	-0.056284226795749605	-0.029672855551646424	0.08995228149096861	0.04003439959941369	0.01647914580313076	-0.0684410092330461	-0.016855033118992974	-0.027527496621577486	-0.004803233533581499	0.018341367975696066	-0.012213061540012076	0.07911596612033708	-0.020875093190796015	-0.022610507159824777	0.008337485467217047	0.003607106116666324	0.005460010820172592	0.03231843873820039	0.002994747327745293	-6.70059688454401e-05	-0.007592643137646003	0.00664083406378922	0.003311997571383016	-0.0124678619374231	-0.007141657455903407	-0.0026634119867513105	0.0	0.0	0.0	0.0	0.0	0.0	0.0	0.0	0.0	0.0	0.0	0.0	0.0	0.0	0.0	0.0	0.0	0.0	0.0	0.0	0.0	0.0	0.0
SRR21281083	-0.04353872271237859	0.19481264012930669	0.20209039150913907	0.0047079315060314176	0.07001465970789736	-0.022157458483640136	0.019781601850629358	-0.019562924085302653	0.03690759202288028	-0.08172650885332929	-0.1101935657103651	0.026562606880745434	0.009321630081400183	-0.03691973678914121	0.08509259042362893	-0.1444360464390292	-0.04764813039811785	0.03135590457693948	0.001766888626761517	0.0022433399296833594	0.05789968303347047	-0.044590350079653035	0.019734251610941153	0.023684614807914485	-0.008788010646279747	-0.08250694394491426	-0.047222653519495936	-0.05530042072140806	-0.0031776210462598816	-0.008221095983829876	-0.03570315149552561	-0.007995210890195139	0.004155099733492623	0.025983941160094302	0.02815222697157844	0.027561990147605832	0.04665744449607722	-0.008754100131593862	0.010014189318407283	-0.0053468519528543975	0.009204026395536823	-0.01289382793830152	0.009181671118786884	0.008233762315579585	-0.015153426624264011	-0.003028751122448039	-0.000129821016836514	0.007660864232946786	0.0	0.0	0.0	0.0	0.0	0.0	0.0	0.0	0.0	0.0	0.0	0.0	0.0	0.0	0.0	0.0	0.0	0.0	0.0	0.0	0.0	0.0	0.0
SRR21281084	-0.23908977040621496	0.10555304767826977	-0.013381060996552325	-0.0871795898934152	0.027134407916566374	-0.04583744074657844	0.010915627269873593	0.042103893856741785	0.01556799754231253	-0.04217946252830098	-0.0301341213915767	0.06281358525259914	0.018817992848783174	-0.002274658090203468	-0.02602309348143759	-0.02552676679977339	0.008128892516881538	0.02861819531566852	0.03126293624633337	-0.030258108487638158	0.034366895450242664	-0.018149339740507302	-0.03738741845778694	-0.02769269277438366	-0.01850420187776676	0.04174917837783338	-0.01768918971975287	0.002178983269813914	-0.015578310375328154	-0.04665149532057095	0.0029373102352754964	0.030536098771307064	-0.006510833359814832	-0.0019226032722965908	0.030078438143161013	-0.02069218300862118	0.0026891527629953026	-0.026174815109355817	-0.006406994464432502	-0.008268760218544658	-0.012866271029386289	-0.00827151503397509	0.048933462902023196	-0.004462453743553254	-0.015222325869565668	-0.009866272102007774	0.005392910133556565	-0.00036169021187630265	0.0	0.0	0.0	0.0	0.0	0.0	0.0	0.0	0.0	0.0	0.0	0.0	0.0	0.0	0.0	0.0	0.0	0.0	0.0	0.0	0.0	0.0	0.0
SRR21281085	-0.33006223057738754	0.013581007247349916	0.025723937474638185	0.019906238836638328	-0.04163713208792913	-0.018048786513266447	-0.028045746642853843	-0.013631939377309587	0.06412227366433952	0.06556923275204495	-0.03757649103447079	0.0022822992681133646	0.05606372551157217	-0.011006439012996678	0.007970126586082246	-0.04884966018030459	0.0033666938439333594	-0.004842115629946234	0.010898515130440802	0.052505035472816805	-0.008795306263981688	0.0001752485316315786	-0.029166687455308163	0.012837074922893937	-0.05055002775657371	0.09008414950546947	-0.0009427210070420258	0.054916641588984745	0.01487550147577615	0.04200788392657711	0.015306700766219948	0.045024912001603946	0.009166019474103533	-0.001254595645064381	0.023465403736622155	-0.035694851491326375	0.04337477213062148	0.011469460562817444	0.004752683983708378	0.010322020529407517	-0.04290788794855201	-0.02180262329323512	-0.02448428233796605	-0.01996745171489144	0.017092752689743557	0.004005384240087332	-0.0021364500286386555	0.005091572207443047	0.0	0.0	0.0	0.0	0.0	0.0	0.0	0.0	0.0	0.0	0.0	0.0	0.0	0.0	0.0	0.0	0.0	0.0	0.0	0.0	0.0	0.0	0.0
SRR21281109	-0.0207782320784696	0.09542418952582178	0.1641592028395117	-0.06572582222626869	0.08787750293013456	0.002560556808982578	0.0703052157921141	0.02869217529697275	-0.0011446128253558578	-0.06789364613032058	-0.1586260186014397	-0.04178839378478144	-0.010766099860863711	-0.009663242183461655	-0.0831610546570077	-0.0369779287669843	-0.12639529579446107	-0.04825693660948638	-0.08207745706636828	0.046680851543155065	-0.019593224219699543	0.03642018130850665	0.06124367626227083	-0.09808236958944189	-0.02447721694683366	-0.06406099178247426	0.09215272807667545	0.09130901360973452	-0.04821309535149405	0.030409877806471107	-0.0354476415886389	0.020379820134150007	0.005344863720349963	0.04606304964723943	-0.011624095508622413	-0.043610228872149735	0.008601292591090935	0.009676649786874976	0.021837720552811125	-0.019196524870111854	0.0035387071189358866	-0.034877235997166314	0.0009188710667683305	-0.0019387897019439767	0.0005620220257658197	-0.005658652418653905	-0.0007240828413276278	-0.004992767854932971	0.0	0.0	0.0	0.0	0.0	0.0	0.0	0.0	0.0	0.0	0.0	0.0	0.0	0.0	0.0	0.0	0.0	0.0	0.0	0.0	0.0	0.0	0.0
SRR21281157	0.34361211777690925	0.21822799618894267	0.17336232901700938	-0.12179212240381901	0.12930862311664026	0.006943549923636133	-0.09234484971916573	-0.07568606794462608	0.03976367765853951	-0.018696161346769262	0.07701553853291865	-0.0031033604927532053	0.06665568199190663	-0.0564292131990234	-0.07964567684130136	0.04725424913447323	0.022535444149695986	-0.017297294355567695	-0.0019955400014954575	0.023239644786967186	0.03464342929430188	-0.048739430808575464	0.014864194362765596	-0.09110173166239385	-0.03893284122591404	0.09391717485275573	0.06571763203483888	-0.03666562087354393	0.08505089668331235	-0.01024898052607447	0.0019314946795161952	0.0056007519528867115	-0.005516871617938819	-0.06384567533873185	-0.02640552849282639	0.020416685889502764	-0.02714633686919437	0.0048008731837446295	-0.007745970522298606	-0.011018129331069658	0.011378383898435538	-0.013857850245504523	-0.004830253775426597	0.018598885875169353	-0.0010334181759705607	-0.004331936573186838	-0.004012901688571935	0.003991325087245257	0.0	0.0	0.0	0.0	0.0	0.0	0.0	0.0	0.0	0.0	0.0	0.0	0.0	0.0	0.0	0.0	0.0	0.0	0.0	0.0	0.0	0.0	0.0
SRR21281184	0.2035245352372849	-0.10732872266725295	-0.20184363616473852	-0.10962253611593908	-0.0010367388101945557	-0.03810633561402415	0.17418800248544924	0.025211404695642186	0.18814046110433896	0.23710209729004755	-0.0594915219345286	-0.08104528364169296	0.03531238368737532	-0.0902259968102381	-0.030406198722019488	0.023506670882346422	0.17016857041143205	0.10826071770489736	0.15616359872838995	-0.09306666376568692	0.06523413348552473	0.0656969384907828	0.06400577024031809	0.002084547104566581	-0.09959038922128592	0.012116859101500385	0.012324910700817253	0.008263915642017275	-0.05917898411394084	0.021883074861362983	-0.030814763600230128	0.006798044782630373	-0.038455737269923615	-0.009866818832790787	-0.028251129373408717	-0.018939579766581914	0.033509415138517094	-0.005365801705719826	-0.021317140392251	0.01196127898064715	0.015609180516949499	-0.007237630676501958	-0.009420093248853963	0.005922352509654467	0.0012109517928250255	0.0033963693338643327	0.006016292970315508	-0.0017216820445837527	0.0	0.0	0.0	0.0	0.0	0.0	0.0	0.0	0.0	0.0	0.0	0.0	0.0	0.0	0.0	0.0	0.0	0.0	0.0	0.0	0.0	0.0	0.0
SRR21281185	0.29458457899930734	0.19534239335851472	0.05779848933354643	0.027960955636000685	0.09886946949263238	-0.0640068463464358	0.07804799392400454	-0.08130879071346776	0.01901411771112095	0.055749556550473596	-0.016478768797096997	0.013879305839012911	-0.014393869563336579	0.01733642328624246	-0.04356769541312064	0.10604256907627754	0.057377385551739976	-0.033927634960953454	3.478931412243891e-05	0.08069743319461914	-0.040037267096927724	-0.024692865971477202	0.12234324725353626	0.0662618067117926	0.03153895865029128	-0.002525218003778718	-0.06697327555468852	0.04130953765049986	-0.024571068573090212	0.03292572655780788	-0.026525476961626358	0.026542289204317688	0.03456796156683106	-0.03567415659071637	-0.021714743554923924	-0.04310030060594682	-0.05275968593378691	-0.003927730613060174	0.013093609502763537	0.010792186163045078	-0.013684411540078222	-0.016832949712392645	-0.004548112661515843	0.00755953140113677	-0.021174235353313857	-0.01442814310367939	-0.004877866009202752	0.007091775386016893	0.0	0.0	0.0	0.0	0.0	0.0	0.0	0.0	0.0	0.0	0.0	0.0	0.0	0.0	0.0	0.0	0.0	0.0	0.0	0.0	0.0	0.0	0.0
SRR21281188	0.19445168177527783	-0.3420610744908788	0.11250862168746031	-0.2699479049498505	0.08773659845870253	-0.048300426025719746	0.048598050553879356	-0.05319966008301272	-0.07227450838694228	0.008759709977524392	0.021117045169439113	-0.1632686095951963	0.139750694703991	0.18644007180056066	-0.09459197300618549	-0.16275865019758562	0.036897777749812524	0.1405066288790314	0.0017536610631707398	0.08920577591818059	-0.059080230144139156	0.0021077161382534087	0.03961791631021917	-0.09014680569074947	0.10012089681036378	0.024324912572156965	-0.050698790621466705	-0.03485430746486385	-0.03871367702475911	-0.008207576202353635	0.028752850103840967	0.009721749587886097	0.01033703481844617	0.02373447584800884	-0.0332034255490965	0.021924722465130244	-0.01811044424084916	-0.005187799855128906	0.00941388988052879	0.03484629526014209	0.004643629005518613	0.0025976285982739775	-0.005487878853282802	-0.008366220901541972	-0.006271014520766014	0.0026098114411529623	0.0015415952001221467	-0.0012040967212669819	0.0	0.0	0.0	0.0	0.0	0.0	0.0	0.0	0.0	0.0	0.0	0.0	0.0	0.0	0.0	0.0	0.0	0.0	0.0	0.0	0.0	0.0	0.0
SRR21281190	0.09635398867872343	-0.4444388812535159	0.3773238429543057	0.1453872347544472	0.012384985798655997	-0.14357616224648592	0.09505317328285413	-0.03301648873040183	0.06626902785628229	-0.03916646056776759	-0.19044185007300415	0.015752662528760137	-0.01666224095610771	0.1052888617872702	0.09347769477759162	0.07427459560618922	0.09616293354820843	-0.04389177929495254	-0.04752019926667165	-0.050287727970835	-0.01629620880297984	0.012818590659419598	0.011699619570078916	0.019620839668971827	0.011841214979892538	0.002678309028051011	0.008487528846039113	-0.0016410354882439094	0.011756853711861281	-0.0020731335236981725	-0.0196693537208848	0.013226353089424346	-0.004315593564889573	-0.02130032769301474	-0.013070139604715373	0.0019425180440059342	0.02104777990541989	0.004752331600700324	0.021817699537868926	0.009581615501255171	-0.0073649199176609	0.026279532504599093	0.020713550580619945	0.01009450302379462	0.008072928568036037	0.005202380580230254	0.0008648781835397092	0.00658115291977778	0.0	0.0	0.0	0.0	0.0	0.0	0.0	0.0	0.0	0.0	0.0	0.0	0.0	0.0	0.0	0.0	0.0	0.0	0.0	0.0	0.0	0.0	0.0
SRR21281191	0.17788251317912923	-0.4731958746944623	0.2873961077543509	0.16955754181784424	-0.042707942180121035	-0.17577764063394535	-0.09243063829357946	-0.019950283716541433	0.009923244791065922	0.019772850012741313	0.03772452905772634	-0.0942826675353728	-0.10364985385333936	-0.2623078500524934	-0.18921498184218083	0.016020804052675017	-0.2022524188402153	0.015007556884865091	0.15004623882866097	0.0848542015031165	-0.07513890113270937	0.025301272593669714	-0.057474971758987546	0.016887069294945836	-0.015559505365670011	-0.024640415188049866	-0.05587820593855609	0.0006145040793382319	0.007285388039565983	0.008132324824598379	-0.014784604685347182	-0.0015771534754638007	0.00026112543116990443	-0.0131771021842976	0.000780645677255441	0.0053267715904309456	0.0038480687412696135	-0.00025051487518924683	0.0023174886307016874	0.0016028220103276201	-0.0008072952930068493	0.008448367056309984	0.003067307864261364	0.0016786512053159077	0.0009594268876794939	0.0013474644490827038	0.00013061504774028768	0.0004898503886044723	0.0	0.0	0.0	0.0	0.0	0.0	0.0	0.0	0.0	0.0	0.0	0.0	0.0	0.0	0.0	0.0	0.0	0.0	0.0	0.0	0.0	0.0	0.0
SRR21281194	0.21794704687005	-0.19853689622900747	0.0407754952808344	-0.060204288128812414	-0.0021654713631721477	0.32095210596838464	-0.4162920029311451	0.1213897556376344	0.07571651231602068	-0.16987744452778591	-0.042295567931459825	0.008921466934401332	0.048247662831207114	-0.07920780817856665	-0.11857597086130413	-0.08543011425020443	0.20651725363269033	0.008466531756905715	-0.0644423825568643	0.034944986780976975	-0.000856931981780806	0.07890900187066796	0.0629701038568655	0.09154611121934922	-0.01761551472265867	-0.04093101899768765	-0.022341361972695897	0.04011768457569957	0.030189208537789794	0.028346698744618357	0.009507543256697382	-0.02383908652928057	0.003228799687222577	0.01118928518528448	0.009745031773662895	-0.0009366955389569768	-0.0016702290305056014	0.0007768004517498334	0.007785738016899266	-0.003782659757396655	0.006316695402838394	0.001898867271055764	0.005352360569623109	-0.005297734633004741	0.005121505054845512	0.002009775311038418	0.00029655637966664525	0.0014415286322344177	0.0	0.0	0.0	0.0	0.0	0.0	0.0	0.0	0.0	0.0	0.0	0.0	0.0	0.0	0.0	0.0	0.0	0.0	0.0	0.0	0.0	0.0	0.0
SRR21281219	-0.3785950835384135	0.001925103947588291	-0.020531241683099295	-0.011544966647474538	0.018216299488298768	0.0006505414202104619	-0.012945662868310028	0.013291437282689715	0.015435027916305296	0.03436183485034197	0.012978829110254728	-0.0062281763957392905	-0.017648722033315672	0.020484659819637065	-0.019085740673586586	0.0033968657190951487	0.02253903885789541	-0.01693745721046256	-0.010887219458413892	0.04111947917313627	-0.022661814067859398	-0.04530206369999611	-0.010460323977971964	-0.012707031031322282	-0.04166374105915475	0.04610752140030135	-0.005899770193552699	-0.021512500579930035	0.028069699826315218	-0.015811380848689036	0.009950946296849426	-0.04080547068132528	-0.010290781889746066	-0.004617867433619714	-0.030550436670018624	0.008197508730881004	0.03038202861254599	0.024225535007205527	0.06307068868900897	0.02490045989596756	0.03489788715562795	-0.02341734811756601	0.01928942445976395	0.04946796991336152	0.014755509779035194	-0.007282767493238915	-0.004733801700094977	0.0024307326020304703	0.0	0.0	0.0	0.0	0.0	0.0	0.0	0.0	0.0	0.0	0.0	0.0	0.0	0.0	0.0	0.0	0.0	0.0	0.0	0.0	0.0	0.0	0.0
SRR21281221	-0.3942674564230762	-0.010315962886039191	-0.022709522403222247	-0.005140631713006669	0.006524070683014221	-0.010259855817884495	0.0017798380401670589	-0.055526577521817146	0.07206549041087319	0.058070212315897624	0.04345463206181014	-0.023644075428606807	0.05284650179963395	0.01715159061778879	0.008887858669956129	0.009262150865603416	-0.004279891918211521	-0.047939918496622554	0.03661943290668079	-0.009402948992098951	-0.03107347463294123	0.02537725707211921	0.04789319007009126	-0.021642837988463434	-0.004487118652425941	-0.016185040363412666	0.01152389504621066	0.004477321220332182	0.04174300058415813	-0.05380556379844334	-0.010194340475605726	-0.02366436141468862	0.0010983368177738774	0.001806468073853894	0.048626269111562224	0.029133435018591544	0.01980968680742677	0.022571248305886707	0.028248202679360377	0.013345109420405288	0.011935447687388226	0.019405274183255498	0.008494610279805465	-0.032704832797365926	0.0010091708773703795	-0.017755344148957342	0.006420147178822385	-0.0006009698745855317	0.0	0.0	0.0	0.0	0.0	0.0	0.0	0.0	0.0	0.0	0.0	0.0	0.0	0.0	0.0	0.0	0.0	0.0	0.0	0.0	0.0	0.0	0.0

Biplot	0	0

Site constraints	0	0
