Eigvals	53
5.026980745844074	2.7390457341553662	2.2903536192166736	1.1323854442065242	0.8499699060049397	0.6135947164519748	0.48149206524064864	0.4307543599115374	0.341695891688422	0.3279743450746004	0.27160700401776516	0.2641756087271603	0.16630264745227863	0.1643562463509144	0.13088372570064682	0.11807961161678288	0.10337437281250744	0.08694327130666013	0.08084366738919019	0.07567989089708793	0.05520059081698947	0.04469031109389185	0.03352229212647306	0.02510731824765164	0.012709051817644007	0.011380673362715171	0.0029683951485798277	0.0	0.0	0.0	0.0	0.0	0.0	0.0	0.0	0.0	0.0	0.0	0.0	0.0	0.0	0.0	0.0	0.0	0.0	0.0	0.0	0.0	0.0	0.0	0.0	0.0	0.0

Proportion explained	53
0.31651921122064086	0.17246149112245057	0.14421000549288512	0.0712996062088163	0.05351757204011193	0.03863442600632471	0.030316704281185373	0.027122051410634326	0.021514567010022037	0.020650602469373128	0.01710148477190349	0.016633573814099314	0.010471092979422418	0.010348539627326906	0.00824097320337587	0.007434773956729815	0.006508872143601049	0.005474302975533981	0.005090247034537584	0.004765114605186005	0.0034756543435642603	0.002813884264095899	0.002110700239095021	0.0015808591616711949	0.0008002137386359721	0.0007165736130786639	0.0001869022656982357	0.0	0.0	0.0	0.0	0.0	0.0	0.0	0.0	0.0	0.0	0.0	0.0	0.0	0.0	0.0	0.0	0.0	0.0	0.0	0.0	0.0	0.0	0.0	0.0	0.0	0.0

Species	0	0

Site	53	53
ec100	0.10721534073545629	-0.15817167627411868	-0.04548281480850487	-0.2709053650037665	-0.06952093439748899	0.5385506207420787	0.06322967582851603	0.031455452555485396	-0.140574082895234	0.10835494797405798	-0.06781429833021652	0.005067867116020606	-0.048736147241300064	0.009347729979281157	-0.042494486044216066	0.02415767809566449	0.01719417946644595	0.03710641829425764	-0.0029775592123706253	-0.006645909169619848	0.01130474128938647	-0.00657244112092033	-0.02376343162130878	-0.0018636176309325995	0.0034212724978616594	-0.00037953716325138425	-3.307705088149068e-05	-0.0	0.0	0.0	0.0	0.0	0.0	0.0	0.0	0.0	0.0	0.0	0.0	0.0	0.0	0.0	0.0	0.0	0.0	0.0	0.0	0.0	0.0	0.0	0.0	0.0	0.0
ec101	0.3342023460697263	0.16513536526800923	-0.021070431346925593	0.06542063172064368	-0.035347110780886495	-0.00030089545469401174	0.18976872913527684	-0.16327666073846683	-0.027796404745676857	-0.06277616276206992	0.12869843717966056	-0.020029537250979577	-0.151163462009454	-0.06979347217626519	0.029795005966464266	-0.01487173417573901	0.009242188005701767	0.02748029326839674	0.019194453682442734	0.006859079264515556	0.01480598794292162	-0.0033469590352204095	0.014745685298555158	0.02381732051292661	0.011184629231287232	0.009121772298744212	-0.0008065707238990976	-0.0	0.0	0.0	0.0	0.0	0.0	0.0	0.0	0.0	0.0	0.0	0.0	0.0	0.0	0.0	0.0	0.0	0.0	0.0	0.0	0.0	0.0	0.0	0.0	0.0	0.0
ec117	-0.18630215092453692	-0.02251160509482696	0.09852112776610708	-0.15765183726242082	-0.004420072178763882	-0.10068911418401218	0.13703539166615825	0.023620422901203458	-0.063427902511777	-0.03321225883750462	-0.08615696350191213	-0.03487617418601439	-0.013552122773200281	-0.07416836318014651	0.013124734970686261	0.03164418912627381	0.007895992266710998	-0.042641532569843904	-0.039074134079454356	-0.0799993949284324	-0.018998269085916793	0.008352151922152107	-0.0046775734191876195	-0.03105596838076076	-0.014027421241365827	0.015098545485820956	-0.0010493869643334033	-0.0	0.0	0.0	0.0	0.0	0.0	0.0	0.0	0.0	0.0	0.0	0.0	0.0	0.0	0.0	0.0	0.0	0.0	0.0	0.0	0.0	0.0	0.0	0.0	0.0	0.0
ec118	-0.14901435487973724	-0.14137675744483227	0.016900975659147003	-0.32745106972208676	0.006233990247813471	-0.1417684182804405	0.10062578242643536	-0.029061620902899	-0.04409720216969694	-0.022079227015641748	0.04860162605020925	-0.046842143669932085	0.03798247965812978	-0.030631668965621195	-0.04153822956403364	0.06172178229973457	0.00455283534332789	-0.014948879058716282	0.07227205524612955	0.010885993631507544	0.026077559528002923	0.006685015020083451	-0.0074950335210093215	0.004994326852257336	0.01105454267164725	-0.00966765728975676	0.013158666042921107	-0.0	0.0	0.0	0.0	0.0	0.0	0.0	0.0	0.0	0.0	0.0	0.0	0.0	0.0	0.0	0.0	0.0	0.0	0.0	0.0	0.0	0.0	0.0	0.0	0.0	0.0
ec119	-0.2779284417277962	0.0304550705029599	0.11028524510978278	-0.36454239626179136	0.0905113602622233	-0.10425486616482761	0.01236512360065976	-0.044184716056406795	0.04173701316637181	-0.04015782835594706	-0.009287839435935925	-0.02066490241223977	0.00131274747895274	-0.01646498075095152	-0.0811018869502183	-0.015104590081295331	-0.014245921300717009	0.04313249059069587	0.055882381501220046	0.041154705867712756	0.011508688586456376	-0.0023709785603635075	-0.00916536443546282	0.004528863583264731	0.00726583289798498	-0.006031758904884967	-0.01022125818007744	-0.0	0.0	0.0	0.0	0.0	0.0	0.0	0.0	0.0	0.0	0.0	0.0	0.0	0.0	0.0	0.0	0.0	0.0	0.0	0.0	0.0	0.0	0.0	0.0	0.0	0.0
ec121	-0.510288112078581	-0.10301607928711486	-0.08416594929520224	0.12868476572576074	0.018160533134922188	0.06036538746527109	-0.05912609223908185	0.03359179269089859	0.017409695148259227	-0.02087282683279948	0.028319313234335633	-0.012216478982774663	-0.031451102586953286	0.06151720023062281	-8.669092674139167e-05	-0.008143702349953586	0.029115628880085398	-0.040478383071318236	0.027883311512594034	-0.026838431514874167	0.05440098494726757	0.048350913263204925	0.03608973539820008	0.007649051871354108	-0.02607464200448596	0.03294021358401819	-0.013614598780322413	-0.0	0.0	0.0	0.0	0.0	0.0	0.0	0.0	0.0	0.0	0.0	0.0	0.0	0.0	0.0	0.0	0.0	0.0	0.0	0.0	0.0	0.0	0.0	0.0	0.0	0.0
ec122	-0.4540103000960028	-0.0743176629370901	-0.13446014056923805	0.16256327531900647	0.03287641401187739	0.029526391807310988	-0.049215740362383326	0.09672286271257627	0.055270945417912505	-0.046242644946963084	0.07639809732605905	0.003305883241579236	-0.004978385680119201	-0.026009116914332532	-0.027870702720504795	-0.011724316503880566	0.028293149322021587	-0.04465293550184054	0.03129157668801135	0.009244332894228945	-0.03498720076287815	-0.02241891874578287	0.021298169845553005	-0.007523782350049248	0.013963904930636427	-0.025041863927082676	-0.01662138273509999	-0.0	0.0	0.0	0.0	0.0	0.0	0.0	0.0	0.0	0.0	0.0	0.0	0.0	0.0	0.0	0.0	0.0	0.0	0.0	0.0	0.0	0.0	0.0	0.0	0.0	0.0
ec123	0.19929902831094357	0.18316821942660239	0.14196567254465167	0.0056961418119477955	-0.04641499605844462	0.008990836216490643	0.11343744352844357	0.1916002235950021	-0.022294401546324033	0.046665156810661225	0.014264430729802728	-0.05586753544714555	-0.03422665206891555	-0.005168901461839952	-0.032766612994568525	0.06787690179255466	0.1141307764063165	-0.06729867147479869	-0.03195431591822611	-0.013228178782666583	0.014505195628636761	-0.04863041986219093	0.013896935435789055	0.004398614118226098	-0.0293920977174007	0.001451503940004154	-0.004418149102157406	-0.0	0.0	0.0	0.0	0.0	0.0	0.0	0.0	0.0	0.0	0.0	0.0	0.0	0.0	0.0	0.0	0.0	0.0	0.0	0.0	0.0	0.0	0.0	0.0	0.0	0.0
ec124	0.257493044912486	-0.1364407073921532	-0.01580340681361902	-0.06445802681921488	0.049269907215324905	0.1237800284693658	0.20399145788102557	0.1709626521828219	0.012928195170694497	-0.012298684688202438	0.12344300416647688	-0.05188968213479894	-0.03405093470516979	0.11629610664326166	-0.006105511946368931	-0.024881885378865768	-0.05816257345978532	0.021439558682744362	0.03836331914677043	0.017192076335643597	-0.024755806164721585	0.09367889734520359	0.015552071315243426	-0.03804481862608682	-0.006724868964814227	0.003271101976504029	-0.0006370195062403914	-0.0	0.0	0.0	0.0	0.0	0.0	0.0	0.0	0.0	0.0	0.0	0.0	0.0	0.0	0.0	0.0	0.0	0.0	0.0	0.0	0.0	0.0	0.0	0.0	0.0	0.0
ec125	-0.07822316978024753	0.1285116381695093	0.09721410069183602	-0.17020358556605603	-0.3223668824909716	-0.003712095588167716	0.008988759360786035	0.008682840884274469	-0.024014846091477474	-0.015606598439001966	-0.002771847251470544	0.09798619460306734	-0.06380245574666552	0.06816120549378744	0.02419733199328031	-0.08507645435840659	-0.01787082799195524	-0.05713629078527564	0.042832736230574694	0.022651512167361776	0.08167669396543839	0.007262995648123319	0.005529891146526739	0.0004066794576711227	-0.019016359414393676	-0.012952849652416049	0.002634131520596381	-0.0	0.0	0.0	0.0	0.0	0.0	0.0	0.0	0.0	0.0	0.0	0.0	0.0	0.0	0.0	0.0	0.0	0.0	0.0	0.0	0.0	0.0	0.0	0.0	0.0	0.0
ec126	0.15617867328017093	0.1087034002813577	0.18321757877073586	-0.032362547883230085	0.044854767601494	0.346291629847094	0.10880264916613655	-0.1602122912046973	0.37579142414345457	-0.10605295527002682	-0.06981736738322554	0.05938671150072479	0.06560140270017246	-0.05858158120346871	7.871159041032256e-05	0.005632267116532704	0.009377967237132126	-0.030220682543234154	0.013569217494289338	-0.028966512663990064	-0.008093710956046872	-0.016802399924753502	0.03072479879621666	0.005262805968585675	0.003392895185997897	-0.001318172093208428	0.005171203397403281	-0.0	0.0	0.0	0.0	0.0	0.0	0.0	0.0	0.0	0.0	0.0	0.0	0.0	0.0	0.0	0.0	0.0	0.0	0.0	0.0	0.0	0.0	0.0	0.0	0.0	0.0
ec127	0.12680102857981107	0.26493598090541104	-0.337887114293557	-0.3036030029594229	0.17315775393180458	-0.051409928258409274	-0.05562353304552871	-0.022367112915475412	-0.022644362633434893	0.0051750563076243565	0.06101740514581846	0.03668082157115215	0.00016236338651411746	-0.050011601639076114	0.036272910463594224	-0.02493927977596408	-0.051685629796151114	-0.012419217862032737	-0.035423534331555026	-0.02724354327950898	0.05116104118327145	-0.007994852835123951	0.014505015496465459	-0.025970873632092592	0.006813260094512609	0.012183073438850294	0.0029499400514055715	-0.0	0.0	0.0	0.0	0.0	0.0	0.0	0.0	0.0	0.0	0.0	0.0	0.0	0.0	0.0	0.0	0.0	0.0	0.0	0.0	0.0	0.0	0.0	0.0	0.0	0.0
ec128	0.40751218756628504	-0.3387747934953671	-0.0931691132087242	0.026127554511660718	0.00019870902859619338	-0.04598593421984328	-0.06480810426054132	0.05872312885267036	-0.00657729555338876	-0.07558472607750988	-0.10523805165307655	0.11435965547563473	-0.045144955471350834	-0.09536334117781241	-0.023696870438549976	0.04109857774487672	0.008429206193364137	-0.06813079110811825	-0.009525358489715169	0.05447023358334744	-0.03954273189543441	0.034969217935581415	0.024004235021722244	-0.008614491464715258	-0.002931038399816217	-0.010117709063137791	-0.006353548974984108	-0.0	0.0	0.0	0.0	0.0	0.0	0.0	0.0	0.0	0.0	0.0	0.0	0.0	0.0	0.0	0.0	0.0	0.0	0.0	0.0	0.0	0.0	0.0	0.0	0.0	0.0
ec146	0.27493982364903696	0.19916209513440414	-0.3387377833721597	0.003828217245620213	0.017053135200873874	0.007307571067339097	0.050674022160416575	-0.0337021497553294	-0.10142165520081443	0.04749832397007538	-0.000785608138468764	0.011753543232418269	0.021619930149490117	-0.01693429598970433	0.03222651354056869	0.07694355705605259	0.01449764982450619	-0.04013213395211802	0.002385459408874721	-0.09058870056511643	-0.03900472690714541	0.029499041715296128	0.00996429975283208	0.015660341273868422	0.03907876566692394	-0.003584148806841988	-0.0008123743374068255	-0.0	0.0	0.0	0.0	0.0	0.0	0.0	0.0	0.0	0.0	0.0	0.0	0.0	0.0	0.0	0.0	0.0	0.0	0.0	0.0	0.0	0.0	0.0	0.0	0.0	0.0
ec148	-0.3049552184359506	-0.007404348174466793	0.09871843173440009	0.07132593114774123	0.02391551758592079	-0.04107530187523735	0.15587444032410813	-0.03549330677163486	0.0418385949661211	-0.05470584584689283	-0.05541989069767155	-0.09262667080417386	0.025176532100827917	0.008042836846947968	0.0592358032344319	0.010971801005989176	-0.08586688979629363	0.06465522921178479	-0.07027625161815025	0.041989224547523026	0.022286178603120647	-0.0055427020511206225	0.03472677172430963	0.03293878047466977	-0.011704491096797196	-0.01839341940682969	-0.01454481777073765	-0.0	0.0	0.0	0.0	0.0	0.0	0.0	0.0	0.0	0.0	0.0	0.0	0.0	0.0	0.0	0.0	0.0	0.0	0.0	0.0	0.0	0.0	0.0	0.0	0.0	0.0
ec149	0.1084749913211699	0.03331526077086026	0.09158552813908219	0.02092004188256475	-0.3802688187551198	-0.036682671478138786	-0.013455059659582084	-0.061878186386721774	0.05312577782140289	0.252484976545415	0.032901587856429666	-0.07371719201395618	0.04833201603353935	-0.016258157128973546	0.020510121543729058	0.028423304706713757	-0.0015944398401600002	0.01116780085099095	0.03513956777319155	0.0036958676737116505	-0.03662216471158991	0.029618968650232842	0.004251053342783027	0.035777563083063985	-0.0023956626495774476	0.006282179077554705	0.001159955379418884	-0.0	0.0	0.0	0.0	0.0	0.0	0.0	0.0	0.0	0.0	0.0	0.0	0.0	0.0	0.0	0.0	0.0	0.0	0.0	0.0	0.0	0.0	0.0	0.0	0.0	0.0
ec150	0.3501808811153254	-0.2114340738137761	0.28168406198338275	0.06416927237596118	0.03973577902046389	-0.07142957850697282	0.07818598245135039	-0.13356197189531976	-0.057568651750208796	-0.021043402808387342	-0.005477646261396295	0.06312566961067599	0.05110474161362254	0.007666791872472933	-0.023768820447726872	-0.04320899299726981	-0.009051538354067681	0.018893298709408556	-0.026050595961588492	-0.037456875122695354	0.00915340774265029	-0.015918890835677883	-0.027246498054064424	-0.002443405138497702	-0.006408163645926605	0.015021265590600248	-0.004194047526909203	-0.0	0.0	0.0	0.0	0.0	0.0	0.0	0.0	0.0	0.0	0.0	0.0	0.0	0.0	0.0	0.0	0.0	0.0	0.0	0.0	0.0	0.0	0.0	0.0	0.0	0.0
ec151	-0.475288321910407	-0.08302424493080093	-0.06095868999223262	-0.05173815905359217	-0.012050283296894244	0.09661916181295581	-0.04644019209143194	0.026030493472946878	-0.07563716943486222	0.004246336888491896	-0.03719599343913683	0.04648480118503163	-0.008145588883608418	-0.03559806712216596	-0.003940404460474437	-0.01388912824144574	-0.020044766755226005	0.005070983747314036	-0.024055904971210528	0.031002903587084907	-0.019585691875432517	-0.04175315090258803	-0.04391417195409488	0.01013209970594481	0.014878845426792306	0.02194308341791413	-0.014522250571908087	-0.0	0.0	0.0	0.0	0.0	0.0	0.0	0.0	0.0	0.0	0.0	0.0	0.0	0.0	0.0	0.0	0.0	0.0	0.0	0.0	0.0	0.0	0.0	0.0	0.0	0.0
ec152	-0.472799932563736	-0.06161702514209814	-0.034838711011452535	-0.1287425912848067	-0.026255765251944608	0.008815377939530907	-0.06987956510839033	-0.037116375147062716	-0.06996710253945321	-0.030710185512676492	0.0013716868108398508	0.05369503771993627	0.023442688264118758	-0.06440289682988387	0.03177755138162515	0.00026970881400701946	-0.030492271872104414	0.02356387345976219	0.0009300800435022668	-0.01608905831512294	-0.024624037369695113	-0.019565992192210283	0.0577688871561738	-0.06216432425788213	-0.007557780748994586	0.019489571740359285	0.0009931691394316484	-0.0	0.0	0.0	0.0	0.0	0.0	0.0	0.0	0.0	0.0	0.0	0.0	0.0	0.0	0.0	0.0	0.0	0.0	0.0	0.0	0.0	0.0	0.0	0.0	0.0	0.0
ec153	0.2806426811638308	0.3878375876944674	-0.37523598791457846	0.10595759090821907	0.038121991076351315	0.04966026637972471	-0.15920651915632042	-0.09295594996733003	-0.040186132727991104	-0.0919657834007032	-0.03334881320141945	-0.029931837959484765	-0.010124764182721603	0.037108511670056785	-0.04087543918181831	-0.04025735110726823	0.040574109752220915	-0.02339488451030209	0.007214837875353304	0.04055101366239634	-0.061187159414545916	-0.0017447716703835304	0.016065930695637647	0.0026907220626592814	-0.018868016799771004	0.023084764841153814	0.0020394830612177075	-0.0	0.0	0.0	0.0	0.0	0.0	0.0	0.0	0.0	0.0	0.0	0.0	0.0	0.0	0.0	0.0	0.0	0.0	0.0	0.0	0.0	0.0	0.0	0.0	0.0	0.0
ec154	-0.4546389034915717	-0.1318885039987887	-0.12183229190478183	0.14216078983389097	-0.00011097806802178756	0.0125799245858413	-0.02584828151301453	0.037635891342587095	0.03183529289835587	0.003334695927128346	0.01516700163138565	-0.020820294160495367	0.005621229920608287	0.003102461689227239	0.011829414035617858	0.0703895414429178	-0.0005638546511413292	-0.021497096508242965	0.0016611403231664614	-0.04802348221952686	0.051583453980276486	-0.026471872863598245	-0.047959775250454514	-0.020073326516204578	-0.026434710584142162	-0.024930071668712358	-0.001298465149124754	-0.0	0.0	0.0	0.0	0.0	0.0	0.0	0.0	0.0	0.0	0.0	0.0	0.0	0.0	0.0	0.0	0.0	0.0	0.0	0.0	0.0	0.0	0.0	0.0	0.0	0.0
ec156	0.3361520102869466	-0.02446847502660049	0.0819696537387692	0.10228816169374216	-0.25363704124266334	0.024026485807454097	0.01842943015094212	-0.08731273641516024	-0.053817547305096886	-0.08180071690790279	0.22469793758959036	0.06198574161135437	0.0968278262100792	-0.03338581944254146	-0.06668907107312942	0.037945824555534954	-0.012216277751445539	-0.0542297707359726	-0.05478093214178845	0.06396663745829993	-0.020912210931323706	0.012640895664034861	-0.038447851100646996	-0.028812783241371143	-0.002832098637923972	-0.01563818844692946	0.0030937002361398633	-0.0	0.0	0.0	0.0	0.0	0.0	0.0	0.0	0.0	0.0	0.0	0.0	0.0	0.0	0.0	0.0	0.0	0.0	0.0	0.0	0.0	0.0	0.0	0.0	0.0	0.0
ec157	0.34624358740047134	-0.5119691966167151	-0.044550143334296445	0.04687238085985594	0.017114057212672285	-0.04543508769522294	-0.14167247548133627	-0.1167357566381905	0.00757912231817035	0.014789712518802857	-0.049729897988163116	0.16835296171609587	-0.10195557833814131	0.004524627415440688	0.022340273115889663	0.10852087176015783	0.010176467568226322	0.04090900405268675	-0.007026397199694074	0.02244840754889282	0.03698054242923055	0.03338975883245956	0.01230230728610715	0.007609783369402534	-0.004167072889167141	-0.008098827218257307	-0.0023442367510098663	-0.0	0.0	0.0	0.0	0.0	0.0	0.0	0.0	0.0	0.0	0.0	0.0	0.0	0.0	0.0	0.0	0.0	0.0	0.0	0.0	0.0	0.0	0.0	0.0	0.0	0.0
ec158	-0.35995478100001566	-0.10903915632656358	0.021526083385560158	0.06214454111463263	0.001528195493058264	-0.03699255465727334	0.07694749309334241	-0.06364542474816327	0.06461111193724008	0.17975319914736976	0.01706000667356278	-0.13112862226313263	-0.0015508918000146353	-0.06312449250732013	0.015835815986034705	-0.054583410363350134	-0.012252865916215246	-0.02535381974953381	-0.015666939114661084	0.03467151435909751	-0.007668318437569784	0.00047140479461709486	0.009715616963503117	-0.028395544588589804	-8.903908917169753e-05	0.00048327201390715405	-0.0013905071811097264	-0.0	0.0	0.0	0.0	0.0	0.0	0.0	0.0	0.0	0.0	0.0	0.0	0.0	0.0	0.0	0.0	0.0	0.0	0.0	0.0	0.0	0.0	0.0	0.0	0.0	0.0
ec159	0.2844861272816078	0.3648512495124719	-0.3150616076111989	0.054433793161140435	-0.1933813056562033	-0.005265052374694185	-0.12338480336934164	0.04767703657169369	0.04778703186134079	0.01523566325999973	-0.0122970593605349	-0.004238122805215614	-0.017286935846329652	-0.017131674400033995	-0.016855325594084893	-0.010401397965748122	-0.022716451748072203	0.03800971648477599	-0.03406440744135472	-0.04334912341867991	0.06523263666581462	0.0141365810297203	0.0020522398113985156	0.014401963994249572	0.010540070162682496	-0.0139173083585973	-0.0016421931782954447	-0.0	0.0	0.0	0.0	0.0	0.0	0.0	0.0	0.0	0.0	0.0	0.0	0.0	0.0	0.0	0.0	0.0	0.0	0.0	0.0	0.0	0.0	0.0	0.0	0.0	0.0
ec160	0.08471228876679202	0.2392706462587111	0.11067286967508881	0.005600448945900693	-0.21713888375832252	-0.10637613376240045	0.014625483857219712	0.19706136540086294	0.1758788177885164	-0.0014410672731476066	-0.01979160637927236	0.03496995945262334	-0.03412248150514978	0.04680671906811434	-0.01378423228908108	-0.018304748694946783	0.026583092513678637	0.07308354026618333	-0.049215750937319065	-0.013199290300965612	-0.04312469401282103	0.010830398874741633	-0.01996346285767829	-0.005048713239200042	0.015222684761979511	0.01903938955786155	-0.004143677192682699	-0.0	0.0	0.0	0.0	0.0	0.0	0.0	0.0	0.0	0.0	0.0	0.0	0.0	0.0	0.0	0.0	0.0	0.0	0.0	0.0	0.0	0.0	0.0	0.0	0.0	0.0
ec161	0.23096362304691026	-0.35579837914242635	0.023313870817720374	-0.02205720916550183	0.10102657983718069	-0.1314773622951177	0.04945492406232752	0.05651527216637959	0.10865627152885039	0.08148689996932823	-0.05689743433479074	0.06548642425293488	-0.0485610670926799	0.05907083179550298	0.0033627798019794206	0.05326654225879004	0.011500168624166847	0.0005973556822331382	-0.0038609721434229856	0.0976348314763604	0.017263744771720334	-0.03149432660400841	-0.0013275976576959606	-0.002229514340028394	0.010959625751403818	0.022011935954312157	0.0057514811388292	-0.0	0.0	0.0	0.0	0.0	0.0	0.0	0.0	0.0	0.0	0.0	0.0	0.0	0.0	0.0	0.0	0.0	0.0	0.0	0.0	0.0	0.0	0.0	0.0	0.0	0.0
ec162	0.39085726985018693	-0.28211788375776853	-0.14638320236222274	0.08467853799400626	0.04275093353277229	-0.002408398848465005	0.013797792461222038	0.09441945075502095	-0.022679179778386346	-0.10778181938055303	0.0488159549137098	-0.013256682928140617	0.13464572946633702	-0.09265153621474413	0.048392267085947946	-0.06940151144924371	0.15656575000354814	0.13383886087732516	0.03765268405332196	0.002602475445877738	0.03855761245515521	0.0034524939456369867	-0.012961506150446705	-0.006746984547788437	-0.01473200543872083	0.0030302588700952464	0.00207243209804294	-0.0	0.0	0.0	0.0	0.0	0.0	0.0	0.0	0.0	0.0	0.0	0.0	0.0	0.0	0.0	0.0	0.0	0.0	0.0	0.0	0.0	0.0	0.0	0.0	0.0	0.0
ec163	0.08918415259086585	0.19699393864912887	0.4493517681600486	0.06734255691079569	0.17572215018910187	0.02843148758336614	-0.05564102451053448	-0.06274640982762675	-0.10156294132137013	0.09413557998418552	0.09329102326763945	0.10732702445846408	0.1002291459364661	0.11048015401001095	-0.004904533144693811	0.010275064466230126	0.00012874344846128635	0.038254517727496204	-0.0677316604863063	-0.016059514116431268	0.017497455797599818	0.004929982081722975	0.052501218412654524	-0.008118696592854628	0.010579210634385864	0.0059689220506387525	-0.0020548263230486213	-0.0	0.0	0.0	0.0	0.0	0.0	0.0	0.0	0.0	0.0	0.0	0.0	0.0	0.0	0.0	0.0	0.0	0.0	0.0	0.0	0.0	0.0	0.0	0.0	0.0	0.0
ec164	0.16307394570629644	0.25932380311817343	0.45034208718781316	0.10216848512330996	0.0032272285117602786	0.028752358765755343	-0.10208892721524022	-0.11772409627644259	-0.08351586526666423	0.015464798346803057	0.03496290414231222	-0.017984194744675875	-0.1178660627890736	0.022341039198798804	0.05004163832701278	-0.04339447543498772	0.028344698557308427	0.009807101694906594	0.022007837860707005	-0.0033972450360544673	-0.013729852738984596	-0.043107912441569335	0.000107187379641629	-0.02119104761495177	0.000845559563944924	-0.012045130938946727	0.0016136451872773275	-0.0	0.0	0.0	0.0	0.0	0.0	0.0	0.0	0.0	0.0	0.0	0.0	0.0	0.0	0.0	0.0	0.0	0.0	0.0	0.0	0.0	0.0	0.0	0.0	0.0	0.0
ec165	0.352675773224521	-0.24894998504186294	0.0011688567280727711	0.06080569592726043	-0.20482381374392897	0.014262227995447208	-0.05331333394103143	-0.061678532163153194	-0.08441668554699189	-0.20622510214418407	-0.10061864699751416	-0.25142581708088785	0.041733609100506185	0.11719265179142205	0.07840729687710943	0.07567506521265613	-0.02638294131234969	-0.00410269400472069	0.031289269271016475	0.02237244680308481	0.0030873233758468006	-0.03922869872555627	0.019715994224192946	-0.014398942411633727	0.018631474314103606	0.008475117576423951	0.0005289336637417978	-0.0	0.0	0.0	0.0	0.0	0.0	0.0	0.0	0.0	0.0	0.0	0.0	0.0	0.0	0.0	0.0	0.0	0.0	0.0	0.0	0.0	0.0	0.0	0.0	0.0	0.0
ec166	-0.3927835341617512	-0.044491459464768304	0.011900245375733597	0.13037190528491402	-0.05258197052495904	0.0006620902290002637	0.032862368079543625	-0.05694221586990722	0.016896144136755047	-0.025563924723865348	0.01625075969615333	0.060168232295784246	0.05916814380464823	0.0008915410824976149	0.09962047975051894	0.006834233545148398	-0.01884393246550956	-0.008491981330684583	0.012390984576543787	-0.016851130152386123	-0.011708085669528141	0.04134735819299243	-0.0255896853031783	-0.01515265531574415	0.0030052730849103575	-0.018770614425226886	-0.0034232378680912907	-0.0	0.0	0.0	0.0	0.0	0.0	0.0	0.0	0.0	0.0	0.0	0.0	0.0	0.0	0.0	0.0	0.0	0.0	0.0	0.0	0.0	0.0	0.0	0.0	0.0	0.0
ec167	-0.4899350406811659	-0.07910109999259046	-0.0013189468036587965	0.14778087314856095	-0.013271299539950548	0.0012562149185894307	-0.05059109646618916	-0.1000657455734001	0.025320741080706786	0.004470446420288941	0.09396592679164918	0.06629630219052139	-0.009887055173047539	0.017733944252115157	0.021631513715867932	0.014352067859935938	-0.013238157688632433	0.015356571273921132	0.00924795451732405	-0.012213177455026071	-0.004563953744007432	-0.014457950652909949	-0.01867158544297138	0.02304229170609501	0.0007162806174321175	0.010456275540462523	-0.0011828477771660658	-0.0	0.0	0.0	0.0	0.0	0.0	0.0	0.0	0.0	0.0	0.0	0.0	0.0	0.0	0.0	0.0	0.0	0.0	0.0	0.0	0.0	0.0	0.0	0.0	0.0	0.0
ec168	-0.09806517374655578	0.1350959214725303	0.053189802070900315	-0.19614970168680812	-0.3655326884183094	-0.1067599696294858	-0.10715323641958943	0.06003463967750125	0.040604444421758146	-0.018865722347014592	-0.07171094335917139	0.05838336859006409	0.03814483540413288	-0.037344589669561674	-0.01567082178343827	0.017211802634099146	-0.04108383491296629	0.04644681348204633	0.004539198439167644	-0.032215743950550865	-0.005263500197555482	-0.024041538302631896	0.004449792290309431	-0.01415182940094129	-0.0007729800817906173	0.011035177097908787	0.0017244025411779758	-0.0	0.0	0.0	0.0	0.0	0.0	0.0	0.0	0.0	0.0	0.0	0.0	0.0	0.0	0.0	0.0	0.0	0.0	0.0	0.0	0.0	0.0	0.0	0.0	0.0	0.0
ec169	0.3034795865798597	0.3679311276676712	-0.21912916763242044	0.053468206498846024	0.10815821398193276	-0.040934331834017776	0.055440423712433184	-0.06933314899968064	0.03903844689660373	-0.04694708899959053	-0.06922092063775641	-0.07320656096843452	-0.03221237832149514	0.010120753085335723	-0.011544332871308283	-0.022737599243900068	-0.018602204976723442	-0.012107089525228699	-0.07548899726203123	0.016580104576597098	0.03061296523221541	0.010164578302991245	-0.04416419369520829	-0.0303122076548833	-0.0019430623009194857	-0.01582527028290681	-0.004117080581201491	-0.0	0.0	0.0	0.0	0.0	0.0	0.0	0.0	0.0	0.0	0.0	0.0	0.0	0.0	0.0	0.0	0.0	0.0	0.0	0.0	0.0	0.0	0.0	0.0	0.0	0.0
ec170	-0.2131839834801888	-0.023755491098419332	-0.29584227482967573	0.1018880841208931	0.025025134427555606	-0.05463901178615652	0.160402667151931	0.027948100849920273	-0.07048205948044581	0.017289009069513497	0.07695588050367975	-0.03331129930646081	-0.0433512670018407	-0.10867620136555704	-0.010980428784149818	0.0408217643792772	-0.00034782380659890137	0.030557445565961704	-0.04122075678495117	0.01247131571581061	-0.0018182589217583607	-0.005528739344369892	0.02912502489009319	0.03903995013609864	0.0020306389853746113	0.009958054454069085	0.003384444735348857	-0.0	0.0	0.0	0.0	0.0	0.0	0.0	0.0	0.0	0.0	0.0	0.0	0.0	0.0	0.0	0.0	0.0	0.0	0.0	0.0	0.0	0.0	0.0	0.0	0.0	0.0
ec173	0.3053232926127911	-0.2821727044458046	0.15153216945409181	-0.0018509804714740155	0.10430103204067512	-0.1200411153020528	0.05499593607812371	0.0317547547275826	0.012581483347110123	0.034898266598537085	-0.12677946304377122	-0.006920296346249458	-0.025971425713450926	0.05913952282953955	0.009564360893668584	-0.030775482355035903	0.01919124339110572	0.004605809426397269	-0.055350105650685474	-0.0803873822188902	-0.019791272379673562	0.022682057109868287	-0.0016477043041760783	-0.002218000472841767	9.882580625371009e-05	-0.021533880247411583	0.00521862106419249	-0.0	0.0	0.0	0.0	0.0	0.0	0.0	0.0	0.0	0.0	0.0	0.0	0.0	0.0	0.0	0.0	0.0	0.0	0.0	0.0	0.0	0.0	0.0	0.0	0.0	0.0
ec175	0.22016820007056437	0.30808060137186144	0.3299190793767927	0.10877688482980266	0.013762838594424108	0.023907050233004226	-0.16163998795285694	0.1912390707435871	-0.007154718734634917	-0.03708889810022306	0.024213130494199687	-0.05258224375549393	-0.03822955259108127	-0.069934801246229	-0.02867525284077365	-0.023237237440398708	-0.008436618034541458	-0.017552656185565285	-0.018991840997459694	0.028348758492856584	0.019374903327769484	0.006762281461830729	0.026466836479401415	0.005180029001969673	0.014673958108228085	-0.00977722689482109	0.003974818414166863	-0.0	0.0	0.0	0.0	0.0	0.0	0.0	0.0	0.0	0.0	0.0	0.0	0.0	0.0	0.0	0.0	0.0	0.0	0.0	0.0	0.0	0.0	0.0	0.0	0.0	0.0
ec176	-0.4451267313484378	-0.04706274499970029	-0.009324721059610802	0.1013338914157814	0.07776506697980567	-0.008390608994368842	0.012294724184748088	0.047948310883205385	0.09361257646727696	-0.04099160728762248	0.03222698843223622	-0.013204542635188601	-0.02960782193340937	0.02984721786429458	0.015709983147881905	-0.013031070470913444	0.02140113038808761	-0.04360932832400827	-0.03666626870189767	0.0276636867787878	0.0333091596777546	0.011772866187228791	-0.04140771632793735	-0.016013643273988243	0.036714846830180926	0.030985011477010785	0.018671089770378405	-0.0	0.0	0.0	0.0	0.0	0.0	0.0	0.0	0.0	0.0	0.0	0.0	0.0	0.0	0.0	0.0	0.0	0.0	0.0	0.0	0.0	0.0	0.0	0.0	0.0	0.0
ec177	-0.5332729950246813	-0.11103645487449698	-0.07479399082479986	0.14820515937014725	0.019635204847778292	0.008596214016917103	-0.09850049899760566	-0.0012412775753742338	0.015364436226821761	-0.014819808829713437	0.009265354983473119	-0.02543651668117295	-0.0015384458644937028	0.04005167019927398	-0.008543569881587035	0.017596117674781434	0.030860133786722425	-0.012905370498115184	0.002768318291526029	-0.04340061152584318	0.011268421233035045	0.005792759546673569	0.024324901870315118	0.022668981963143327	-0.006545643971319946	-0.007021315442619088	0.02409774023342329	-0.0	0.0	0.0	0.0	0.0	0.0	0.0	0.0	0.0	0.0	0.0	0.0	0.0	0.0	0.0	0.0	0.0	0.0	0.0	0.0	0.0	0.0	0.0	0.0	0.0	0.0
ec178	0.15589710182026412	0.2997274943754712	-0.3180719928070587	0.04004805867077163	0.056551863684479044	-0.04182496205094022	0.0365445747894253	-0.022843219770055274	0.014606298517062417	0.05715101557756735	-0.03609324891125617	0.06137743277698334	0.044423034334175875	0.05782074801837813	0.07074555645231084	0.02352060446375867	-0.02241112566729128	-0.007695463567199454	0.02257033598334389	0.02217296219053033	-0.05646362280081844	0.004722459698717045	-0.034874906310252626	0.006240475130336874	-0.04108987354824787	0.01505413646663895	0.0018053086981804102	-0.0	0.0	0.0	0.0	0.0	0.0	0.0	0.0	0.0	0.0	0.0	0.0	0.0	0.0	0.0	0.0	0.0	0.0	0.0	0.0	0.0	0.0	0.0	0.0	0.0	0.0
ec179	-0.1568869553655002	0.15509440108831798	0.30179392651464193	0.06620011643331891	0.04456244759519431	-0.07476255940747453	0.09100438388619103	-0.034980085521093225	-0.05948153664416493	0.0067226271285449135	-0.07607886067203892	0.008017144507732847	0.1111130747957655	0.048975114179720336	-0.1633779326683036	0.0337846513712964	0.025478418602148726	-0.029473092028486775	0.005466371035503778	0.011431887068001861	0.018587009572630087	-0.0028321576354623248	0.014031391708027592	0.01436736733246963	0.0016221626537681144	0.004765197925940632	-0.002142749500480034	-0.0	0.0	0.0	0.0	0.0	0.0	0.0	0.0	0.0	0.0	0.0	0.0	0.0	0.0	0.0	0.0	0.0	0.0	0.0	0.0	0.0	0.0	0.0	0.0	0.0	0.0
ec180	-0.19987539264235474	0.1266155138244224	0.2560530995545062	0.07556046791745753	-0.005340358979556232	-0.10851944882347538	0.12730965886357745	-0.09972429367481818	-0.04663518372826505	-0.04990489823103154	-0.049361094070684536	0.051049678084300616	-0.11455450123934245	0.01534136781782548	-0.01754427598717057	-0.05347836529350433	0.045847655931361635	0.011735032754477494	0.06480224092154156	-0.03376089636183369	-0.043269421437451806	-0.013789222215318508	-0.02266075822744523	0.0016804010366633997	-0.0015632502602730735	-0.005095328205401012	0.00173256070500875	-0.0	0.0	0.0	0.0	0.0	0.0	0.0	0.0	0.0	0.0	0.0	0.0	0.0	0.0	0.0	0.0	0.0	0.0	0.0	0.0	0.0	0.0	0.0	0.0	0.0	0.0
ec181	0.1704614229564572	0.2224564157265076	0.44133299337220555	0.11020630852235014	0.20305522547635374	0.07677176435247296	-0.14469261214387866	0.027961728456257898	-0.04661322451871921	-0.002137590212152715	-0.07254055377960525	-0.08380192444582872	0.0237894705720006	-0.1091122129318546	0.008526025141772718	0.03507522613972433	-0.07410152653904563	-0.010871307362715282	0.03974148853096829	0.006500405275143859	0.02971893130855705	0.05619591064115113	-0.05516391511465648	0.02961912129671553	-0.011592445578010951	0.02101049108438101	-0.00025017363625886663	-0.0	0.0	0.0	0.0	0.0	0.0	0.0	0.0	0.0	0.0	0.0	0.0	0.0	0.0	0.0	0.0	0.0	0.0	0.0	0.0	0.0	0.0	0.0	0.0	0.0	0.0
ec182	0.11365501709080857	0.22697704967420293	0.2767676296087029	0.07836880381563399	0.19213581543919658	-0.009528279735599545	-0.015062573935577682	0.19569949524711128	-0.0009234313708568245	0.07796604739773663	0.006093733122877439	0.04438442337431518	0.015096971720082758	-0.04825347716511302	0.09409191584928425	0.04499433832126275	-0.04482823187906633	0.01722691149846219	0.08978581094318469	0.01577007734865278	-0.027280794081112572	-0.02853419616363317	0.008933967767976649	-0.018578237580286205	0.004179963727506571	-0.016074812846652284	0.004234331345885221	-0.0	0.0	0.0	0.0	0.0	0.0	0.0	0.0	0.0	0.0	0.0	0.0	0.0	0.0	0.0	0.0	0.0	0.0	0.0	0.0	0.0	0.0	0.0	0.0	0.0	0.0
ec184	-0.530973886796898	-0.11953695115442267	-0.08514003619741047	0.10938970043895445	0.015171789587965978	0.09484548416656785	-0.08652054780794176	0.017465456457191147	-0.041666401344330035	0.0014692802345912417	-0.03188472290963429	-0.024819239708500175	-0.02376882883870077	0.04629715979151976	-0.044881068271415706	0.004912648648923778	0.03234946986871691	0.05939990567204465	-0.012315970337042204	-0.0006999029806710635	-0.030292661652448573	0.01778338750516113	-0.024802059957095897	-0.009821169724972122	0.026117086991280996	-0.014269211712290956	-0.0033281227626903516	-0.0	0.0	0.0	0.0	0.0	0.0	0.0	0.0	0.0	0.0	0.0	0.0	0.0	0.0	0.0	0.0	0.0	0.0	0.0	0.0	0.0	0.0	0.0	0.0	0.0	0.0
ec185	0.3352366135860972	-0.5131406197880422	-0.061368470448373846	0.04715770648189145	0.009430311394158277	-0.040463306398896504	-0.13253218106428882	-0.11685479884602595	0.043137180774443916	0.206960766848162	-0.03216767034494684	-0.12514713988379816	0.014213662302773591	-0.0572807263013446	-0.038227734299104775	-0.11520195127460399	0.012093612010541677	-0.03806123238268621	0.008141180753596489	-0.008258327016117437	0.004179299403736476	0.007057135139349749	0.00904297815956568	-0.020842529673012908	0.0036369488919281174	1.2541380601752104e-05	-0.0027024528962039133	-0.0	0.0	0.0	0.0	0.0	0.0	0.0	0.0	0.0	0.0	0.0	0.0	0.0	0.0	0.0	0.0	0.0	0.0	0.0	0.0	0.0	0.0	0.0	0.0	0.0	0.0
ec186	0.37327165056676104	-0.4405946743322077	-0.12939280569328393	0.07341389198171136	0.08376254905257263	0.001467361084409677	-0.05696219301503394	0.09145471328092471	0.047073896014292224	-0.06151895378138673	0.1201722573246063	-0.019848602923910573	-0.03645995111080423	0.023625322902732324	-0.11900895389181802	-0.026967614660613762	-0.14416818379664842	0.025558442983481387	0.014242547227338592	-0.07658906098684952	-0.0335004346683544	-0.05852606511491793	-0.006545281366799025	0.020788016695379264	-0.019326753287449133	0.0016830972885546545	0.005748128410545166	-0.0	0.0	0.0	0.0	0.0	0.0	0.0	0.0	0.0	0.0	0.0	0.0	0.0	0.0	0.0	0.0	0.0	0.0	0.0	0.0	0.0	0.0	0.0	0.0	0.0	0.0
ec187	0.1484745729158354	0.25092814865728963	-0.39890379185658414	0.011831468982268027	0.1314050149759486	0.01918141157325285	0.024597862598003818	-0.028508821266990596	0.032238300923862005	0.1687089672930348	-0.0045239079413923544	0.0013123021576239033	0.02682498853402532	0.06501753742049181	-0.002792728736153697	0.030968809258252097	0.006302903977060578	0.022862611020787214	0.01593548009964744	0.041283234562426635	0.01953049701566929	-0.0628070526173313	-0.0022353296562263496	-0.01381416200763751	-0.004509186412498273	-0.013561694544091125	0.0020251156903018167	-0.0	0.0	0.0	0.0	0.0	0.0	0.0	0.0	0.0	0.0	0.0	0.0	0.0	0.0	0.0	0.0	0.0	0.0	0.0	0.0	0.0	0.0	0.0	0.0	0.0	0.0
ec188	-0.03910571160728347	0.29511600303982255	-0.3585879046382471	0.05087308336213917	0.0762151914011977	-0.08884023072752548	0.032582179197289333	-0.019453858847460995	-0.030020705833948873	-0.0249847260072305	-0.0993951718418569	0.047634385928869	0.04648602352355251	0.032099945308191935	-0.07763746891244513	-0.04512948519851314	-0.007556136528246017	0.00581913613545888	0.08422314203080156	-0.00011829750805067635	0.010204141760489971	0.028781795085144946	0.011923319251442957	0.005737237683811542	0.015091438057003933	-0.010684782665786641	-0.0019811360950880586	-0.0	0.0	0.0	0.0	0.0	0.0	0.0	0.0	0.0	0.0	0.0	0.0	0.0	0.0	0.0	0.0	0.0	0.0	0.0	0.0	0.0	0.0	0.0	0.0	0.0	0.0
ec97	-0.044513888475332865	0.029218837000243626	0.1042342161411518	-0.5548412682078231	0.17329198433769066	-0.05951536818297222	-0.20819165730496136	-0.05576148741900435	0.09627719751341464	-0.043087071020260985	0.13802247586289115	-0.09431694958856747	-0.01286657681492484	0.05769264083076582	0.04011607311189971	0.029536195041529052	0.07371285578162994	-0.010507985127031471	-0.033578852738359484	-0.006325189989041046	-0.043184650400685684	0.018469049427689985	-0.013943602688536979	0.0312764493198436	-0.0093097527352075	-0.011823907030899704	-0.0060893802467952415	-0.0	0.0	0.0	0.0	0.0	0.0	0.0	0.0	0.0	0.0	0.0	0.0	0.0	0.0	0.0	0.0	0.0	0.0	0.0	0.0	0.0	0.0	0.0	0.0	0.0	0.0
ec98	-0.4343468220997199	-0.04465904767533067	-0.015560217215089354	-0.11011600980928546	-0.011913693645514712	0.06579452261790096	0.006614498872090821	0.03516282578903349	-0.10944973863555747	-0.03188452659948061	-0.09630438617133641	0.020889812217702815	0.020145342307776294	-0.021027486702990834	0.02053471443465962	-0.08814519629184923	-0.018123048312463662	0.011642591050561046	-0.07340666953753902	0.06807808311925337	-0.04438006891051697	0.01160596467995352	0.015068097818116459	0.03375127252050464	-0.019029553468205923	-0.020452028446640264	0.019827427103943984	-0.0	0.0	0.0	0.0	0.0	0.0	0.0	0.0	0.0	0.0	0.0	0.0	0.0	0.0	0.0	0.0	0.0	0.0	0.0	0.0	0.0	0.0	0.0	0.0	0.0	0.0
ec99	0.29421753926017247	-0.2710339678672553	-0.04808936571601822	-0.08138967433182502	0.0046882098768012016	0.009040716839743963	0.05066637849395844	0.12799426897715063	-0.056574011177026075	-0.015909121578230694	0.012532984108054566	0.08062982621603801	0.08196940400514038	0.04099610919990465	0.10739459429164017	-0.1075341556849659	-0.00895195199717109	-0.1003080246967705	0.005279194595134243	-0.01178879185576133	0.010484722703366046	-0.037924109283918775	-0.010255350322221883	0.049940759526771225	0.023317973420406632	0.0031507615532708286	-0.007691160264739683	-0.0	0.0	0.0	0.0	0.0	0.0	0.0	0.0	0.0	0.0	0.0	0.0	0.0	0.0	0.0	0.0	0.0	0.0	0.0	0.0	0.0	0.0	0.0	0.0	0.0	0.0

Biplot	0	0

Site constraints	0	0
