Eigvals	79
3.620031536022819	1.2129240482169676	0.98548282804397	0.7040787993709139	0.5893552658720052	0.5056421700039907	0.4529309202101024	0.3808193188630281	0.3690026886777368	0.2634662750729613	0.245269581878834	0.23314323735919543	0.2190034734448804	0.19297299479856697	0.1642592456209955	0.1541139493437302	0.15049615542392827	0.12689992430190897	0.11701313277764366	0.10495075432516227	0.09126565455275973	0.08363172448221273	0.07577641824072451	0.07269653960370295	0.06985195616532683	0.06423270712812498	0.057084118055690025	0.04857215137508872	0.04391062938632026	0.03868168592766291	0.03598709715959092	0.0345052936359623	0.03323351509639472	0.026116245911679214	0.021564217686909026	0.017786699547442233	0.015943306161955093	0.014248747310966911	0.012248635360927518	0.009789347165601897	0.009479206127240791	0.0064717281078265215	0.004418999618666264	0.0022189289633838816	0.00158227924016284	0.0009280275845920533	0.00023492336841265948	0.00010924427042523221	0.0	0.0	0.0	0.0	0.0	0.0	0.0	0.0	0.0	0.0	0.0	0.0	0.0	0.0	0.0	0.0	0.0	0.0	0.0	0.0	0.0	0.0	0.0	0.0	0.0	0.0	0.0	0.0	0.0	0.0	0.0

Proportion explained	79
0.3098167967133792	0.10380689768467155	0.08434156718315951	0.06025788341461661	0.05043938396161961	0.043274881954744056	0.038763642094153436	0.03259204245119333	0.031580727915526116	0.022548498976555975	0.02099115309708485	0.019953331968309583	0.01874319434419666	0.016515401732208206	0.014057964081927322	0.013189688995632413	0.012880063703076644	0.01086060374313267	0.010014452528884919	0.008982105872314598	0.007810880226350496	0.007157537917794457	0.006485249349940071	0.006221661001581005	0.005978210158655513	0.005497292321527134	0.004885487439331184	0.004156999241238788	0.003758047520515402	0.003310533597933269	0.0030799198996059036	0.0029531012195803705	0.0028442573188196215	0.0022351329180476886	0.0018455521121587368	0.0015222569812046874	0.0013644919926704391	0.0012194648596658847	0.0010482872687352378	0.0008378115357785268	0.0008112684236320604	0.0005538764100849845	0.00037819568501245123	0.00018990482727269803	0.00013541779424162468	7.942431734609952e-05	2.010568271311005e-05	9.349562175256764e-06	0.0	0.0	0.0	0.0	0.0	0.0	0.0	0.0	0.0	0.0	0.0	0.0	0.0	0.0	0.0	0.0	0.0	0.0	0.0	0.0	0.0	0.0	0.0	0.0	0.0	0.0	0.0	0.0	0.0	0.0	0.0

Species	0	0

Site	79	79
SRR21280500	-0.23866087345015718	-0.01788922994926832	0.19818417586198808	0.02116729369313071	-0.17515577026617013	0.10671952411864334	0.014359789686799107	0.15877342127195446	0.030016586583860937	-0.02515846972618081	0.036975496543456075	0.01908412397499608	0.0785367050494489	0.003842276473358264	0.026645898370052944	0.028225921054943957	0.006441000849370741	-0.06142461156907618	-0.038659990984995146	-0.015903113989904853	0.03535255757850762	0.014843183106459035	-0.027799746544654485	-0.02058135968186985	0.0689390851238328	0.04607900460148926	-0.018058130112314486	0.0017718726500367652	0.005117275765423493	0.01649309232553393	0.011266842652703937	0.0017249643200182992	-0.010862832934503297	0.01420868930840373	-0.009512565866782148	-0.01245235781442775	0.007401199479040259	0.007485537671940969	0.017012536711663317	0.004548423294505507	-0.0007496173884661138	0.00614818528009442	-0.008850860233989729	-0.0011272027982402798	0.0008365586932919674	0.0023533743502410394	0.0017628747078898342	8.315527141270405e-05	-0.0	0.0	0.0	0.0	0.0	0.0	0.0	0.0	0.0	0.0	0.0	0.0	0.0	0.0	0.0	0.0	0.0	0.0	0.0	0.0	0.0	0.0	0.0	0.0	0.0	0.0	0.0	0.0	0.0	0.0	0.0
SRR21280501	0.030106911997202224	0.047061751748340125	0.24802391462298295	0.1660913984006166	-0.09503266574133061	-0.02960215003185747	-0.09689600472068557	-0.044716421193642095	0.004032699322173005	0.1002194057210198	0.0641901508879513	-0.06427576554554326	-0.08502550988906002	0.0030343470357878702	0.07685417851156268	-0.04520059835173984	0.07286361109030688	-0.02297358244774777	0.009149306407253996	-0.01206564685849942	0.012002844174225055	0.03505313465573937	-0.00762851166131829	0.01380732565963708	-0.016917456330095837	-0.001285638987902487	-0.019486608468573897	-0.002623290775768515	-0.011129542853809583	0.020760633454833026	0.006849152944080514	-0.017335420087634442	-0.022034135260494057	-0.000445105791894876	-0.031748276530575346	-0.0021768833324826726	-0.00021506262540366472	-0.016334975744251762	0.009037068334405263	-0.009648255436311683	0.005721904490695787	0.010618348621971318	-0.011772797869495697	-0.0020202639808721908	-0.003039416133474288	-0.0017167226510778442	-0.00020771091559873501	-0.0003943388263668914	-0.0	0.0	0.0	0.0	0.0	0.0	0.0	0.0	0.0	0.0	0.0	0.0	0.0	0.0	0.0	0.0	0.0	0.0	0.0	0.0	0.0	0.0	0.0	0.0	0.0	0.0	0.0	0.0	0.0	0.0	0.0
SRR21280504	-0.3149424431082708	0.19276843130052035	-0.01838097394884429	0.000304373541294531	-0.003895203820664705	-0.09875907261160857	-0.09108539598946658	-0.03807523527466511	0.09204392818536314	-0.11629484590421672	0.004393573625562362	-0.06407261431734272	-0.05429505344584883	0.05909429473370417	-0.09103745463931241	0.04617788296991324	-0.01824531400272372	0.037164078201681244	-0.0937715701098441	0.0557056797198124	0.024694165710340138	0.0076759735138236095	0.07618685148133532	-0.0358137957157232	-0.05148039300112599	-0.019870325580419804	-0.017145419000936947	-0.038058844221771325	-0.028449513243664157	0.014515753142375529	-0.06706642682135344	0.01341576978277555	-0.00033708129745680125	-0.02035483907692368	-0.004446689692492312	-0.002576389866973603	0.022976255409147855	0.0028649818541336123	0.0027274097600619193	0.01414956358783591	0.0032489734914088095	0.004838438273111886	-0.0020318096696531943	0.004151938116968353	-0.0018709902795071272	0.0006215631448293889	0.0005151181645903999	2.4732221976965295e-05	-0.0	0.0	0.0	0.0	0.0	0.0	0.0	0.0	0.0	0.0	0.0	0.0	0.0	0.0	0.0	0.0	0.0	0.0	0.0	0.0	0.0	0.0	0.0	0.0	0.0	0.0	0.0	0.0	0.0	0.0	0.0
SRR21280506	-0.30698101139302825	0.15805594341110468	0.008038217720557978	0.061421034508126	-0.05389421775153247	0.13623709210652343	-0.12074103811753095	0.010251225399048962	-0.06745923778769732	-0.013036878075570737	0.004119964733017064	0.06241155910664017	0.008565980467763903	0.033969138782771684	-0.02535724452810154	0.0025456263406444593	0.008570328554695172	-0.01046904431045872	-0.047316248891628845	-0.042485614375411	0.02065625953482124	-0.04792479931594121	-0.02598982230939535	0.013155865439327423	-0.00921378673538524	-0.04044481089256368	0.009875056668714376	-0.007231031774312183	0.034463385804040826	-0.008073443228175423	0.009502194161218516	-0.0084650604651718	-0.027743294528279873	0.006309939205646628	0.03103604183176781	-0.05158625724056823	0.047501956582295224	0.0049812790356669485	0.018719682858646707	-0.022769196354389905	0.012755137124896416	-0.0037792613987459403	0.005647743461112739	-0.002580292229389986	-0.0042074630268103645	-0.0011907477202541712	-0.0014047891971159868	-0.0001958484144756364	-0.0	0.0	0.0	0.0	0.0	0.0	0.0	0.0	0.0	0.0	0.0	0.0	0.0	0.0	0.0	0.0	0.0	0.0	0.0	0.0	0.0	0.0	0.0	0.0	0.0	0.0	0.0	0.0	0.0	0.0	0.0
SRR21280507	-0.31761759984284194	0.15558389155664798	0.0003852662870788645	0.05889334928658807	-0.08700192066564118	0.11288526221174705	-0.11381453469180561	0.00023084713095710958	-0.06721559699228068	0.025654861815961248	0.03689980692008757	0.021630758268751743	-0.03866034791898967	0.025768783775611457	0.014386418143800421	-0.06627670005436047	0.0265686636440241	-0.042123452205345274	-0.05549218167981075	-0.02550895526424463	0.03916675709850263	-0.02415449113913745	-0.005296731363020129	0.0011772652724788544	-0.007957002052952104	-0.03299463538968132	-0.014439191743607572	0.026975066628415215	-0.02107462174723442	-0.029432117102280737	0.011756941527343887	0.021708381455040924	0.028692317420923964	0.018959686645616473	-0.0006602603690928255	0.014724415574647235	-0.027007628192541266	0.003925944963925151	-0.009994998280080863	0.0036070502296599995	0.0038765811605138366	0.006465877213689616	-0.004082562552305218	0.001210001653462048	0.00507109105611779	0.001879600095021857	0.001960365203571913	7.430218945216048e-05	-0.0	0.0	0.0	0.0	0.0	0.0	0.0	0.0	0.0	0.0	0.0	0.0	0.0	0.0	0.0	0.0	0.0	0.0	0.0	0.0	0.0	0.0	0.0	0.0	0.0	0.0	0.0	0.0	0.0	0.0	0.0
SRR21280508	-0.03619713724246682	0.06705221538695713	0.18908269636244474	-0.0026718978937385106	0.08366275918223917	-0.1770135867812749	-0.05546926300651182	0.0362577313297416	-0.04744606120637769	-0.06103976173678806	0.044844132668153784	-0.046913477068090646	-0.12549728894548157	0.09248346920378211	-0.03287275583677041	0.015614628620929981	-0.006589183664889846	-0.014591536455292292	0.08267196022250518	-0.05329352306531269	0.005300378031849576	0.023234377757411443	0.08617207560954243	-0.004145396809780424	0.054602530893347934	-0.03544037539646311	0.043366932096929524	0.015159709057116279	0.038500601346353296	-0.0062839380071767655	0.026021321184450198	0.02093809909943018	-0.033898365650066244	0.00281428687316544	0.009606178268010485	0.016960027424594546	-0.002881916323743336	-0.011592129815768296	0.009544368838973064	0.004642388330263012	0.004118087344613399	0.00938578728519531	0.0138212929851421	-2.5711189386428098e-05	0.004295069758177746	0.0031126307152857585	-0.000844807259248531	0.00027640507247233257	-0.0	0.0	0.0	0.0	0.0	0.0	0.0	0.0	0.0	0.0	0.0	0.0	0.0	0.0	0.0	0.0	0.0	0.0	0.0	0.0	0.0	0.0	0.0	0.0	0.0	0.0	0.0	0.0	0.0	0.0	0.0
SRR21280509	-0.08335867715092418	-0.05046930187980174	0.03396428091863473	-0.2119171150750288	-0.050969696588834774	0.06289527102441955	-0.058264966154430387	-0.05004947108000415	0.1011953860666406	-0.019555321038575782	-0.06349720988144321	-0.08148298867864039	-0.06316762144721011	0.03141870420997268	0.05288987600989764	0.05461728293557048	0.043557844194197726	0.006087836566207854	0.010833723708465406	-0.08306059501651138	-0.01203965963405722	0.05947932620915031	-0.09074571858126837	-0.011378209736092451	-0.007347880391104226	-0.006302985151522771	-0.005763351733289223	0.0010885529891914666	0.001129272888350424	0.007052255430624645	-0.016268151724826926	0.01399388496223307	-0.053808026646726584	-0.02929028066300651	-0.007208771842004072	-0.022708850255164593	-3.528320430789475e-05	-0.010761422958405069	-0.01654302857918681	0.012407545530414201	-0.017552092872791962	-0.004373210940307367	-0.0006281848609121151	0.005981644818956579	-0.0012698972417181293	0.0023489276572460673	-0.00011892609855369685	0.00026185369224163466	-0.0	0.0	0.0	0.0	0.0	0.0	0.0	0.0	0.0	0.0	0.0	0.0	0.0	0.0	0.0	0.0	0.0	0.0	0.0	0.0	0.0	0.0	0.0	0.0	0.0	0.0	0.0	0.0	0.0	0.0	0.0
SRR21280510	0.201401795166276	0.018149991044312024	0.11923669694426274	-0.10775139238349576	-0.047748579177451005	-0.03801088775603268	0.002936637818779372	-0.014752867328126687	-0.05852338690743029	0.005048254340310551	-0.06779382422822178	0.023318533678147433	-0.07355936597015955	0.014145023273594709	0.028036348016520277	0.013187323365388378	0.02300048660451415	-0.003419396208778593	-0.01845691639427726	-0.039803324908923486	-0.024370816290466574	0.0050619156666265605	-0.002614175165883733	0.0018703591027015962	0.0354946892812202	-0.012153843392927743	-0.0016529322401283037	-0.0155343642326707	0.007118050521830871	0.023164722725049706	0.019233305257695357	0.022641886707825788	0.004292521419456374	-0.014028892194984202	-0.004991130929509604	0.029408952905839433	-0.00391212663420238	0.04321706889503059	0.007382939049105022	-0.010773934165207636	0.021554130526494412	-0.00626393676059969	0.003245156328913346	-0.002407561381641829	-0.0025608105596307	-0.00039114150592697524	0.0020994708256898867	0.00016738855841618997	-0.0	0.0	0.0	0.0	0.0	0.0	0.0	0.0	0.0	0.0	0.0	0.0	0.0	0.0	0.0	0.0	0.0	0.0	0.0	0.0	0.0	0.0	0.0	0.0	0.0	0.0	0.0	0.0	0.0	0.0	0.0
SRR21280511	-0.2292321629116756	-0.02743493624097589	0.05110889799965018	0.07353744173847242	0.006782794062191417	0.09394553621044992	-0.17571111689864155	-0.017199204579275363	-0.06376594256616826	0.07985743614217491	0.00323026412049529	-0.045844076727001165	0.012136865845031822	0.10780758896176452	0.023008564006822534	0.05502627011224635	0.031120325565665692	0.015252577940442704	-0.01677724823458163	0.009993431335064022	-0.025590546636492774	0.0045166123531148305	0.026731346542798125	-0.022579296432353495	-0.01090363105790993	0.045138057754210474	-0.002731701406510592	-0.002202636724761522	-0.010288903146726426	0.008697584071960798	0.02179852060698987	0.01283099453154128	-0.02723231356525861	-0.0016487626684998328	-0.018463779907758666	0.018468683389635976	-0.01632917062332646	-0.0063733080696056245	-0.035307790242485745	-0.005932721144625067	0.005668107621658919	-0.0027212743730983388	0.0009449389127705473	-0.0008092174321637233	0.0006840421028672281	-0.006163780766223227	-0.0003652208099579665	-0.0002651875639864648	-0.0	0.0	0.0	0.0	0.0	0.0	0.0	0.0	0.0	0.0	0.0	0.0	0.0	0.0	0.0	0.0	0.0	0.0	0.0	0.0	0.0	0.0	0.0	0.0	0.0	0.0	0.0	0.0	0.0	0.0	0.0
SRR21280512	-0.22342614902336955	-0.08502239523467675	-0.014065274581256533	-0.15915127564621487	0.030377922067195695	0.0061988898758471725	-0.023045353209543033	-0.03183333368674781	-0.0100506122103328	0.08088044025057038	-0.06078712290512091	-0.1127997350915191	-0.05300161711119049	0.052202890053162046	-0.07314087901605254	0.08795347253091612	0.020166463359157828	-0.05335966563533552	-0.05622678151249431	0.03206238072970166	-0.0030607508245268306	-0.07180337094766487	-0.022970337134346017	-0.01248505489653904	-0.05353912398314271	-0.03127693645866472	0.009411914225849393	0.03137626961345201	-0.0018357426100907613	-0.029584268901446942	0.017584477218014614	-0.0005154927840817082	0.011210628319923872	0.034986129416293275	0.003848992959382939	0.009682849242128859	-0.03169838595458293	0.008564896249150751	0.03421390462773383	-0.003953467263352783	-0.005876949874453428	-0.0025684703443507417	-0.009076068031106797	0.00021766496782558065	3.7126380280322867e-05	0.002298439361552912	0.00012205022105591149	-5.3065032410662744e-05	-0.0	0.0	0.0	0.0	0.0	0.0	0.0	0.0	0.0	0.0	0.0	0.0	0.0	0.0	0.0	0.0	0.0	0.0	0.0	0.0	0.0	0.0	0.0	0.0	0.0	0.0	0.0	0.0	0.0	0.0	0.0
SRR21280513	-0.14972691355148518	0.04617020897240771	0.13318190154442974	-0.04073887401505132	-0.11246069658939757	0.1183311782347909	-0.06525085817906236	-0.11425184651027602	-0.005598388700923271	-0.048246179050496565	-0.06938852270784364	-0.06301847534342708	0.01825125468279562	0.10208742833294814	-0.0066778556234558745	-0.028920389711029736	0.008244405726421648	0.10541830872947426	0.09265106532309994	0.026816089367575006	0.019231985568273144	-0.06259158592189605	-0.012371299719993664	0.02255081615427091	0.0072295937048908075	0.08816481584270555	0.08464270095823152	0.03713181358546179	-0.018817712562154743	0.03786549069320614	0.006314328095334573	-0.007878835445377043	0.0340561454844471	-0.00448754418358212	0.015634203796951424	0.004952211802907501	0.013331306394765062	-0.000124518092123189	0.009414285929655807	0.003536029270130983	-0.0025693349788690734	-0.006106710840159282	0.0023415347805927065	0.0002949988398785452	-0.0006102199180293312	0.002699776258794335	-0.0005806669447285128	-0.0001354181176430285	-0.0	0.0	0.0	0.0	0.0	0.0	0.0	0.0	0.0	0.0	0.0	0.0	0.0	0.0	0.0	0.0	0.0	0.0	0.0	0.0	0.0	0.0	0.0	0.0	0.0	0.0	0.0	0.0	0.0	0.0	0.0
SRR21280515	0.030371544939178353	0.039320038259625725	0.15559718451300142	-0.049384844260670746	0.049843672114164836	-0.19405409229931037	-0.0155623991323169	0.04170000978427958	-0.11172144100900738	-0.031972034327222426	0.015082622245026536	0.012431372749040485	-0.05905224840085357	0.025634192861253638	0.003017703803055378	-0.06343429576494954	-0.056310551845549714	0.009718586056093109	0.015285810458742813	-0.04962283200436107	-0.06562046862888377	-0.04217119161426487	-0.04169369985529388	0.035918385870848314	-0.021157850550413537	0.027851341712173135	-0.057030035683123495	-0.019176634058535175	-0.01904682254502278	0.0005992894790683452	-0.022548090557951275	-0.009448893956919776	0.002628074754018389	0.03976309333391433	0.003906686775497137	0.020647971051239708	0.0398294620170888	0.0008543185001042632	-0.018621069697980504	-0.006911574527867831	-0.001768629903522356	-0.009962908161312596	-0.01675510540249841	-0.00012130928202711962	0.0022231463539812203	0.003902940174769172	0.0006512646829215486	7.1681891005702e-05	-0.0	0.0	0.0	0.0	0.0	0.0	0.0	0.0	0.0	0.0	0.0	0.0	0.0	0.0	0.0	0.0	0.0	0.0	0.0	0.0	0.0	0.0	0.0	0.0	0.0	0.0	0.0	0.0	0.0	0.0	0.0
SRR21280516	-0.3014364357790368	-0.10352068221711401	0.06495897513456467	-0.02819319086322382	-0.12302046522499498	-0.13559614371630543	0.020117506448849732	0.0938952910636181	0.007193417139482282	0.08818889794913448	-0.08675219078929458	0.016306499422658164	-0.001657615049313305	-0.01492448728743855	-0.024294889650537173	0.04251503535331796	0.1101337968042094	0.045223421122875966	0.11262339486529216	-0.03195408249501838	0.06350942512542458	-0.050740264939194084	0.04111787570161042	0.020626399971384126	0.004476244116015978	0.009354677061398977	-0.06564774595950816	-0.02683893282439692	0.037220491413380186	-0.04808196517934333	-0.037465536472805	-0.04958676064068322	0.017169667032753837	-0.013571912852664366	-0.026143432887321617	-0.02509597251474586	-0.00990833504031506	0.009002630893537875	-0.0057919694707269835	0.007506276536093398	0.004466883694687819	-0.0061829571155393726	0.0070054587379919835	-0.0018748328371868176	0.0011208337105168419	-0.00042651420066464274	0.0005374720939013109	-8.54742127448414e-06	-0.0	0.0	0.0	0.0	0.0	0.0	0.0	0.0	0.0	0.0	0.0	0.0	0.0	0.0	0.0	0.0	0.0	0.0	0.0	0.0	0.0	0.0	0.0	0.0	0.0	0.0	0.0	0.0	0.0	0.0	0.0
SRR21280517	-0.36234516952342927	0.11070827130632825	-0.032437121177931634	0.08511512265094165	-0.14608171980902915	-0.13983254683960894	0.005360754253794759	0.07416192935894661	0.04248238889386268	-0.007102693472809451	-0.021511360859297685	-0.013671520415719162	0.0058874055088816366	0.009939986938258928	-0.05653260786874536	-0.029495324438873018	0.031029044211298724	0.07109003485804974	-0.041929138358839095	0.02101182672851859	0.015641120453751416	0.1246129338494775	-0.07316715123268934	-0.029531981592961953	-0.012770278405162446	-0.038878477437759504	-0.0012871123455240258	0.03136475545432621	0.03772460411288911	0.017882592587041432	0.008767607070835844	0.004502804790026923	0.023216375474506695	-0.002320801543130616	0.006044033767901948	0.01308167744508394	0.01197799633884678	0.015669078792063425	-0.0002278533013769082	0.00943041336361367	-0.00543572186516342	-0.003052036711369004	-0.0017526832329126175	-0.005997761535429088	0.004068133598743569	-0.00159280749528324	-1.3908560778285302e-05	-0.0001568473981427561	-0.0	0.0	0.0	0.0	0.0	0.0	0.0	0.0	0.0	0.0	0.0	0.0	0.0	0.0	0.0	0.0	0.0	0.0	0.0	0.0	0.0	0.0	0.0	0.0	0.0	0.0	0.0	0.0	0.0	0.0	0.0
SRR21280518	-0.25986960789098273	0.1268638783171575	-0.10442729255924421	-0.014755145218552812	0.1416648011610325	0.1525495305270056	-0.03559178644242203	0.2017698003223629	-0.12434648771369333	-0.04175145582220426	-0.09108845292755507	-0.062147348275523796	-0.08529274244377782	-0.02912779498393873	0.07232620348128849	-0.028286765583617455	-0.029451437887235424	-0.07115460553539639	0.015999965009638198	0.07471151976893341	0.01005820525691815	0.04495187297838256	0.04794059290100789	0.0935831385830874	0.03141212082368651	-0.014641497259184205	-0.03881696729861303	0.032292075333374214	0.025108555014635006	0.05537484134433273	-0.025350086298123638	-0.004532758595819	0.0216441005897643	-0.010599034714675786	0.011524358779829916	-0.005450049741329521	-0.011870146411861302	0.010051250319240259	-0.0024242467693929917	-0.0016104742866447053	-0.012642024051397052	-0.005502440581696297	0.000607224527508795	0.0004477939158949574	-0.002219455069014001	-0.0005843812039792309	-0.0007528127109725937	-5.3002999411304804e-05	-0.0	0.0	0.0	0.0	0.0	0.0	0.0	0.0	0.0	0.0	0.0	0.0	0.0	0.0	0.0	0.0	0.0	0.0	0.0	0.0	0.0	0.0	0.0	0.0	0.0	0.0	0.0	0.0	0.0	0.0	0.0
SRR21280588	-0.09699266453762015	-0.21734627968387799	-0.16977583298584903	0.008855158896612142	0.12056775637575444	-0.08026010655897342	-0.08844735834419425	0.03327432808891007	-0.007611190493366908	-0.04450740600336796	-0.06626083316976915	0.016342716398828255	-0.0018664122186524796	-0.020125756602405686	-0.05964687190711939	-0.013289120056861654	0.07643210556007897	-0.049116285127521565	-0.004909829849082425	0.012322195168966772	0.029933090887429018	-0.04545662638669779	-0.01930411548834059	-0.012360908455695683	-0.0004416158729940492	0.043677491654230495	-0.0018391861559874409	-0.003199640164500159	-0.018321501055901263	0.0438597390173142	-0.0027221692272442494	0.008419606107392032	0.004654751287323384	0.011966815362778082	-0.024068345109115836	-0.001748578600106725	0.004981970453405716	0.005002318907387155	-0.00495921883821272	0.002540714862379571	0.00023441976436896624	-0.00217437459503779	0.007011024965594347	-0.0021602873434252946	0.0011464920124833863	0.00024261737626227577	0.00027857881566249135	3.612800077488126e-05	-0.0	0.0	0.0	0.0	0.0	0.0	0.0	0.0	0.0	0.0	0.0	0.0	0.0	0.0	0.0	0.0	0.0	0.0	0.0	0.0	0.0	0.0	0.0	0.0	0.0	0.0	0.0	0.0	0.0	0.0	0.0
SRR21280622	-0.1943586067641598	0.0011188503552989715	0.11376092082295025	-0.18122069243157815	-0.11565188647942277	0.12616611881799847	0.07127342815729618	0.19923800742053233	0.10376595313376978	-0.04233228763768524	0.0449456680943551	0.02356341191988289	0.10437367267413525	0.008524429670740704	0.030525024156258764	-0.045256335658248055	0.018854771033972446	-0.01732338380395516	0.007634603148245172	-0.019266943677485247	0.015126930143331212	-0.028868332546045247	0.03482066565828057	-0.007861270395767199	-0.04673474789404975	-0.015075721661496455	-0.003769930346325896	-0.026752398969700494	0.0024036382984086013	0.00343780492065613	0.0040632241716323115	0.04384230107356323	0.019923407177822837	0.010804588276965768	0.003029885127119393	0.020388067024782457	-0.0035082426653348024	-0.036113555919833035	-0.004910322857462777	-0.015617838235245804	0.018087159066531012	-0.004833290961950079	0.00806977904523765	0.001224551374441794	-0.0005021063725440621	-0.00022400284666328085	-0.000563793893745314	0.0002429815553658719	-0.0	0.0	0.0	0.0	0.0	0.0	0.0	0.0	0.0	0.0	0.0	0.0	0.0	0.0	0.0	0.0	0.0	0.0	0.0	0.0	0.0	0.0	0.0	0.0	0.0	0.0	0.0	0.0	0.0	0.0	0.0
SRR21280623	0.30141227804051546	-0.06221602350516953	-0.008726721937513292	0.04065344000210809	-0.0033977634275905648	0.0008832424225261153	0.004876317477114973	0.01474621304414315	0.01228122385888911	-0.0031181719754489216	-0.02609891518407643	-0.008613429037748352	-0.0013499029278035148	-0.003041156066209684	-0.0009402683713543249	0.0033044981841713777	0.000609428324958363	-0.0020337480386806656	-0.008639674047266743	-0.005729625103073848	0.007569776036931609	-0.003705219131316513	0.006891529288093217	0.0029689191295526225	0.0007421309946379079	-0.01316112222072829	0.011571185729940793	-0.004852918760270415	-0.01164459085294209	0.0023762118312194054	0.007014084506237365	-0.0026827380687605264	0.0072330492352523125	0.014102535535525203	-0.013199456223602085	-0.015011011723927976	0.00970742021783691	0.014909676331180729	0.0017212799896485693	-0.002146436122595628	-0.01242825598791057	0.00022619936284980216	-0.012854982557881483	-0.0029599430878695134	0.011656693345928218	-0.008584906662357707	-0.005947810878618271	-0.0018512116450427028	-0.0	0.0	0.0	0.0	0.0	0.0	0.0	0.0	0.0	0.0	0.0	0.0	0.0	0.0	0.0	0.0	0.0	0.0	0.0	0.0	0.0	0.0	0.0	0.0	0.0	0.0	0.0	0.0	0.0	0.0	0.0
SRR21280624	0.06473434093989663	0.039197003511180106	0.1626578435613339	-0.024418984955831193	-0.07259474850897278	-0.04881491819355072	0.1449309643082361	0.002031052361494854	-0.058956365270833616	-0.034031621363721766	0.09981485398015763	-0.12855071363007645	-0.013615777974810103	-0.012453104316683629	0.006708036628360743	0.05627502003631341	-0.09098228826164038	-0.02782961304413264	-0.0241899166480196	0.0852977441213005	0.014501046102750315	-0.06350919234895826	-0.044686015109813494	0.006843514742187684	0.04088045103858851	0.02851958659773367	0.003672488541317416	-0.010702291400744957	-0.0004778159650684923	-0.018624376012573655	-0.009900965544299397	0.016599806315050168	-0.023146923258421315	-0.019051681524914318	-0.015384808827233042	-0.00800438839039262	-0.001839538048573176	0.021636983530856548	-0.013921273096599261	-0.013477637053461536	-0.01305614880749565	-0.011674067584777856	0.011236970863117281	-0.003971979667973133	-0.0037110097399236323	-0.004380944101135208	-2.2234181590029862e-05	-0.00016211110239604216	-0.0	0.0	0.0	0.0	0.0	0.0	0.0	0.0	0.0	0.0	0.0	0.0	0.0	0.0	0.0	0.0	0.0	0.0	0.0	0.0	0.0	0.0	0.0	0.0	0.0	0.0	0.0	0.0	0.0	0.0	0.0
SRR21280625	0.06790238331911687	0.05699929815397826	0.0006115132963953249	-0.16794284126528797	0.1351698795757744	-0.03148665620956968	0.04017088223238081	-0.010232082294866999	0.10515940955214417	0.14430277726631047	-0.02770626671313431	0.05903007615788904	0.027088953824811114	0.0367656757611589	0.08151510572235565	-0.01646002718448161	-0.14240308075427993	-0.02337137483761692	0.019145666459105697	-0.014055657972232878	0.09476719135107724	0.006288891700387161	0.011936973401944431	-0.020995901651700608	-0.06114558786699321	0.010030210876914898	0.0271731582587424	0.03475995533066647	0.014362375988073994	0.03350679071959943	-0.01978757926377627	-0.0049202813196014316	-0.03598395537152962	0.012803722839775676	-0.03074522381641467	0.0007177290997678502	0.01031718873236082	0.01847320529929993	0.012981681865316348	0.002282225323370883	0.00958409998447506	-0.002671818066769245	-0.0028885192914503595	-0.0028076554514848678	0.0005997157973214705	-0.0032769456016187195	0.0007008097237710089	-3.201791416149178e-05	-0.0	0.0	0.0	0.0	0.0	0.0	0.0	0.0	0.0	0.0	0.0	0.0	0.0	0.0	0.0	0.0	0.0	0.0	0.0	0.0	0.0	0.0	0.0	0.0	0.0	0.0	0.0	0.0	0.0	0.0	0.0
SRR21280626	0.27072965595663107	-0.05309726587817554	0.0005830753740405373	0.04600061801772997	0.0035527639493547064	0.032126414940938645	0.04094765369092077	0.03209164478944685	0.01788088394681007	0.019833386257381763	-0.015473359306333116	-0.09954571820611181	-0.002680371299746767	-0.00279241908613268	-0.028127727376930315	0.026228365674424967	0.004188207863379069	-0.03377678273884974	-0.014223937429183285	0.06890267135352247	0.022825388618670794	-0.021789353896293055	-0.006519511750574656	0.052671066338009796	-0.016141222368580177	-0.03872927837269551	0.03250284802620048	0.026706421816757416	0.024941831929639075	-0.04776997837701885	0.012127271311125625	-0.020186056562178516	-0.006823710787575034	-0.03357515080431774	-0.0024459792918385603	0.012278710328327868	0.03905122319177813	-0.014096842859155712	-0.016491490383793155	-0.0035939667403240803	0.016105866780526137	0.010211544988146448	-0.005692243894369088	0.0029977530253516163	0.00994718294995363	0.0022529105521739454	0.0016250106820209248	-0.00010388042111672286	-0.0	0.0	0.0	0.0	0.0	0.0	0.0	0.0	0.0	0.0	0.0	0.0	0.0	0.0	0.0	0.0	0.0	0.0	0.0	0.0	0.0	0.0	0.0	0.0	0.0	0.0	0.0	0.0	0.0	0.0	0.0
SRR21280627	0.12447078326848612	0.20536924265795506	-0.18379747851038444	0.09095869328395886	0.09146799216245582	0.002170470614333768	0.021616681158221563	0.08428273713796512	-0.029999860371975298	0.11235027514109801	-0.051069576867928415	0.0014868206195898835	-0.010490091336848403	0.048446899216795944	0.022449928247397978	-0.008112433120330248	-0.04882891043495004	0.05226621053470721	0.03702940012477769	0.04793646212010876	0.08821571840507458	0.008240284317739913	-0.03715929890197136	-0.024556535127246537	0.02507121760612791	-0.036405541120232095	0.025246928686920914	-0.06749916496441422	-0.026628079602907098	0.012662893723211966	-0.0033348328794332465	-0.024235917850453415	-0.020301713616093578	0.02121376232611296	0.0008607733909473629	0.006538366168759985	-0.0008346923336008604	-0.031843107642671335	0.005602206348354325	-0.009093061457438201	-0.0012679253246481515	-0.004428958153334733	-7.278385574630376e-05	0.0032365335800047506	0.00040636416654903345	0.0038938174315027003	0.0006260767076557053	0.00034694340334499515	-0.0	0.0	0.0	0.0	0.0	0.0	0.0	0.0	0.0	0.0	0.0	0.0	0.0	0.0	0.0	0.0	0.0	0.0	0.0	0.0	0.0	0.0	0.0	0.0	0.0	0.0	0.0	0.0	0.0	0.0	0.0
SRR21280628	0.2999298295378741	-0.05675378776275648	-0.005677122536937659	0.03734102710789241	-0.0019246604931900013	0.0004812527975203929	0.006910365302919487	0.022974260186811698	0.017047601165198285	-0.006068923192580992	-0.029830497790875536	-0.010524858755506655	0.003085463646748776	0.004694039238545617	-0.0033503493438744266	-0.006447277247080895	-0.000549430819399601	-0.0029173865580727544	-0.00902263946327402	-0.015655057979969703	-0.0014158608050446465	0.00795531740412028	0.03829765858111596	0.020846558533826793	0.00513520130334106	-0.03711283818148533	0.018505014762374043	0.012848634099245557	-0.009990011898943933	-0.011976156038322692	0.019206512776863558	0.016763945004533067	0.013280552738765076	0.04075235627262382	-0.024147478643785723	-0.004360367070226075	0.01876628982047738	0.009432910525737468	-0.012075044158659846	0.020662788012732705	-0.005264389582754446	-0.02501532543253629	-0.0012178346476228149	0.0018167334274343844	-0.00868645018493837	0.005444477312305585	0.0017057588469007003	0.00044568106714539934	-0.0	0.0	0.0	0.0	0.0	0.0	0.0	0.0	0.0	0.0	0.0	0.0	0.0	0.0	0.0	0.0	0.0	0.0	0.0	0.0	0.0	0.0	0.0	0.0	0.0	0.0	0.0	0.0	0.0	0.0	0.0
SRR21280630	0.18132109279237194	0.02580536153284465	0.1344265629550667	-0.13748218700703954	-0.06426098923903029	-0.04776478194143016	0.010371329866802862	-0.018751543338349778	-0.047383981873855716	-0.007451128857390908	-0.06876616348750351	0.01757513601859487	0.007810827777993511	0.00017103611383385145	-0.006370951139088589	-0.01758206562893852	-0.005952059416282469	0.003977299577954497	-0.04720812762610234	-0.004572692133683248	-0.026536331396665676	-0.017369063255078736	0.013884391163953935	0.017414554683288015	0.014750756157695425	-0.0610544729014429	0.022018586521971535	-0.02171994516380115	-0.042334057289533114	0.0038041711306716023	-0.0332929403830435	0.003226597081747943	0.0159904195829898	-0.017800207174226826	-0.0006518517659123428	-0.0242149766767962	-0.021260013353442717	-0.03270738940189303	0.006384752242053822	-0.0024219664396009917	-0.01060297369171264	0.004369874324253087	-0.0030019929196303864	-0.0016364908811673387	-0.0005526017413918085	-0.0033249071300438795	-0.0010440555002250338	-0.0006942091986025643	-0.0	0.0	0.0	0.0	0.0	0.0	0.0	0.0	0.0	0.0	0.0	0.0	0.0	0.0	0.0	0.0	0.0	0.0	0.0	0.0	0.0	0.0	0.0	0.0	0.0	0.0	0.0	0.0	0.0	0.0	0.0
SRR21280631	0.12955954615755602	0.21199549959264233	-0.1848987794900877	0.023147112255353902	0.020606134187252483	0.059703869391628556	-0.003835013982022858	0.013658969028329655	0.14998467065333387	0.0478530094290329	-0.01786549475673836	-0.08742511160531952	0.06975975228204599	0.003322231528670381	0.0013874383658558506	0.018232259952283718	0.04894959055352171	-0.020221518721985382	0.04618218185078832	-0.04370980362109319	-0.062012998190237305	-0.005598888867970633	-0.005025747780013795	0.023551412377758443	0.01894873430358862	-0.03422667649237309	0.001135260727094618	0.021119218679371162	-0.029024934067059582	-0.014920805272923427	-0.005127333110711409	0.007212466163012983	0.00869481092779869	0.002837123673807696	-0.007728579296586612	0.0034536287316903175	0.018222562239811686	0.019669457560039086	-0.015901108318540476	-0.015953062046039114	-0.008184951367666294	0.0023584293268679077	-0.0002542512957931258	-0.004135801072383084	-0.002213231904451399	0.0005065453986875718	-0.0002648187970139293	6.570185617200912e-05	-0.0	0.0	0.0	0.0	0.0	0.0	0.0	0.0	0.0	0.0	0.0	0.0	0.0	0.0	0.0	0.0	0.0	0.0	0.0	0.0	0.0	0.0	0.0	0.0	0.0	0.0	0.0	0.0	0.0	0.0	0.0
SRR21280632	-0.1959410595662643	-0.10832640528516843	0.050204675374751005	-0.12858425001943055	-0.09482595703905679	-0.08777832730510694	-0.01035994785744849	0.13976636237028156	-0.0058000524916000055	0.05466412023815146	-0.04664978765513317	0.09701835010509048	0.11046462955991485	0.030644989025872538	0.01439340931713907	-0.046891962276209176	-0.05014134983744322	0.05708265251005161	-0.0030079915177193984	-0.0028261322998528503	-0.05322422501623994	0.01271979569874042	0.04139943653982496	0.020278957282001638	-0.017357553773788524	-0.020376923733638877	0.05336809138907041	0.00949436902835401	-0.03861644213411499	-0.012479119580906287	-0.01963674661178535	0.02218984814987517	-0.02789219235708751	-0.01412242931773347	0.004568784857565522	-0.005707314574182113	-0.0143145229324619	0.02974192791916682	-0.01979706755256618	-0.00638018433405193	-0.006642476460181151	0.013350651655646317	-0.000792924021008682	-0.0008377691671063158	0.004281372236673275	0.0030230816106462007	0.00013566196132496023	-0.00021352467336937898	-0.0	0.0	0.0	0.0	0.0	0.0	0.0	0.0	0.0	0.0	0.0	0.0	0.0	0.0	0.0	0.0	0.0	0.0	0.0	0.0	0.0	0.0	0.0	0.0	0.0	0.0	0.0	0.0	0.0	0.0	0.0
SRR21280633	0.16214262141342742	0.233302136261216	-0.09790587587229561	-0.04264236583110656	-0.05341738763808321	-0.01931436231912904	0.02816643739374754	-0.023751815063110363	-0.07824576850496345	-0.004853241319048581	-0.015096584568496689	0.03506109953015357	0.021847873011764753	0.0064796990314397685	0.01758922199268105	0.02445943333672928	0.01932023424325743	0.0098684524168801	-0.009477824616654862	-0.002345431494777773	0.006098141805317298	0.019540543168327807	0.04030331126153787	-0.016368594529100937	0.019577973249709186	-0.028326579815680573	0.032259778043180136	0.02901988184507313	-0.0049039773331546	-0.026996023052964217	0.04683675706285396	0.012128185778166859	0.02900358123066201	0.013926154826803011	-0.03419647708104559	-0.018357226862651642	0.010473659171239026	-0.01273553616316946	-0.013180194115691227	0.019277914285779334	-0.010442086114399316	-0.016303643225714377	0.003690014837102135	0.0038637101785250517	-0.006091773027944263	-0.004550174540382656	-0.0006210743958539979	0.0001228860815299571	-0.0	0.0	0.0	0.0	0.0	0.0	0.0	0.0	0.0	0.0	0.0	0.0	0.0	0.0	0.0	0.0	0.0	0.0	0.0	0.0	0.0	0.0	0.0	0.0	0.0	0.0	0.0	0.0	0.0	0.0	0.0
SRR21280634	0.17307135219599248	0.011904410762646155	0.09853163351847737	-0.12388621190380113	-0.01635016805048049	0.04270836410341838	0.06939497899232873	-0.048085824823340714	-0.07498207682683511	0.0018918107844342522	0.05992155540767969	-0.07173682122085151	0.03983825113372744	-0.01611098108937355	-0.058199072348787004	-0.005817342131420012	-0.007168670802866122	0.017014781163702936	-0.015017119795748025	0.011198907403747656	0.05111263331110137	0.007826965409521599	0.01374597825759655	-0.008449908188914456	0.01024759518798883	-0.0052504123721504635	-0.03648885365315634	-0.023532004063796845	-0.008625179416809505	-0.019317902584854895	0.0025203129564732936	0.017598870055112275	-0.005384349823646151	0.029251588250384104	0.020547143258181005	-0.00548196959707051	-0.009009085361028369	0.02131466512324666	-0.012096720958243525	0.006006630658319475	0.004545738054856645	0.0028254504968457375	-0.007193090655979608	-0.002124483253362123	0.0003238787731133188	-0.0011281888544617449	-0.0009637272794952994	6.807678402094135e-05	-0.0	0.0	0.0	0.0	0.0	0.0	0.0	0.0	0.0	0.0	0.0	0.0	0.0	0.0	0.0	0.0	0.0	0.0	0.0	0.0	0.0	0.0	0.0	0.0	0.0	0.0	0.0	0.0	0.0	0.0	0.0
SRR21280635	0.20515015163195996	0.017863797166977537	0.10792286850690466	-0.109110254207586	-0.036537701857167364	-0.040852984321162925	0.01501002487449766	-0.013660076448436899	-0.057310705974307895	0.016769112266282218	-0.04453038490515625	0.012387454902869079	-0.034608183160364764	0.0073128056513256	0.015136142341712264	0.0026589598763984276	-0.015590460980929048	-0.026220158464600223	-0.030416190823194356	-0.023755920076180406	-0.05095744303421369	0.026842540582282696	-0.0009162548494592697	0.009362501560336814	-0.011473941004144186	0.03683195914403639	0.00215303843098882	0.0009533597505176294	0.017630312348220347	0.008212149143985265	0.0261900084173386	-0.038295784175717766	0.01596883614265254	0.014722783584210994	0.02012896876560797	-0.009208909710644133	0.009953313626883575	-0.011475028181200015	-0.0025442909840842267	0.01618710736755362	0.003222514613736934	0.013789383416784446	0.002862524791580897	0.007847280916984462	0.0029919081891579026	-7.860092732650623e-05	-0.0019131673375138937	-4.839302899954283e-05	-0.0	0.0	0.0	0.0	0.0	0.0	0.0	0.0	0.0	0.0	0.0	0.0	0.0	0.0	0.0	0.0	0.0	0.0	0.0	0.0	0.0	0.0	0.0	0.0	0.0	0.0	0.0	0.0	0.0	0.0	0.0
SRR21280636	0.011153937750159387	-0.06078813472921029	0.0008524739836232089	-0.16192029169520386	-0.14381690361074434	0.03113442149338322	-0.06821294815235447	-0.08043797186067135	0.016038292914985233	-0.06462888963991827	-0.046971519034558776	0.05574454191066764	-0.03478764684630828	-0.005262814325559245	-0.023956345357736178	-0.04964418758070207	-0.07179184519828664	-0.0012424966597951578	-0.03261597570378478	-0.005930868566770343	-0.015866712533787467	0.013047590052841528	-0.0024992124146035626	0.05367182072324207	0.03710239243804647	-0.002502583385138062	0.009098417496208409	-0.028133800640395255	0.001051964127407056	-0.02316021923035621	0.004639824057088895	-0.03242270079465734	0.01429064062443545	0.0019586878403951694	-0.02346811648906596	-0.0005000912672317595	-0.0020506680012295072	-0.0014384440303987546	0.013067172504530359	-0.003104035684570917	0.0066863200044514765	-0.0031087889324582984	0.0005819669984027855	-0.0024145549362174167	-0.0005153832147451781	-0.003593281508336908	0.0010649475289322761	0.00032158007562810905	-0.0	0.0	0.0	0.0	0.0	0.0	0.0	0.0	0.0	0.0	0.0	0.0	0.0	0.0	0.0	0.0	0.0	0.0	0.0	0.0	0.0	0.0	0.0	0.0	0.0	0.0	0.0	0.0	0.0	0.0	0.0
SRR21280637	-0.12395986666381661	0.09930528173541146	0.2097542129182503	-0.05724278281189889	0.20849819111518902	-0.052769198639442697	-0.09333101015010721	-0.05797966531244072	0.11455904922084362	-0.022218683118763096	0.02752883816287093	-0.03393631318946537	0.15100021305540642	-0.028044053319622928	-0.040010231821734764	-0.0917283103503491	0.04538851255848082	-0.03483862490762637	-0.02001307840890674	0.01810018112477973	-0.04178080086294077	-0.04781746790471551	0.010792602839679232	-0.00016702825381908245	0.06744862619994242	-0.04501783639568271	0.01888613417806305	-0.021645601090886032	0.01481076819357145	0.03374555945555139	0.009310564507524134	-0.05417235873533242	-0.025589896035632914	-0.022364282758961837	0.004294657694137848	0.007366806456257546	-0.016432413038638762	-0.0011912012051429647	-0.001916277478378621	0.006229377664581923	-0.005113763891507572	-0.00699282489194532	-0.007056438576917716	-0.0008043870849411181	-0.002900157491363188	-0.0011937575837448412	0.0007423263300667247	0.0004424368304572163	-0.0	0.0	0.0	0.0	0.0	0.0	0.0	0.0	0.0	0.0	0.0	0.0	0.0	0.0	0.0	0.0	0.0	0.0	0.0	0.0	0.0	0.0	0.0	0.0	0.0	0.0	0.0	0.0	0.0	0.0	0.0
SRR21280645	-0.33137065749709416	-0.025178441816402743	0.07620043523974021	0.165538523859889	0.09081218745939462	0.0612680611296105	0.2923849642547395	-0.10922186460494993	0.01804725767655442	-0.0853649660481154	-0.09138462424190787	0.11905540013656417	-0.005133325136066343	0.10123943485857416	-0.03656064077287399	0.049939542346039666	0.025342525083597675	-0.09781447527682244	-0.01628998192588297	0.00622167097526843	-0.03879619148756716	0.03255357050241325	-0.004779565285455489	0.012702087973535704	-0.03210764167241144	-0.010865342898155564	-0.007952006633095683	-0.026389369416744555	-0.026854763950207937	0.019725060135119432	0.028885776356044016	-0.017019245879525923	-0.024305632374880502	-0.0015739293969367137	-0.021419769634817516	-0.009146755134716808	-0.00631037810883694	0.0034735400167184593	-0.009566762823661753	-0.005264047211866117	0.013585474454138031	-0.00669254919714466	0.010373340968591365	-0.0028464967562438436	0.0026867505902106823	0.0034605275019051894	-3.0239118614129738e-05	2.939194631243295e-05	-0.0	0.0	0.0	0.0	0.0	0.0	0.0	0.0	0.0	0.0	0.0	0.0	0.0	0.0	0.0	0.0	0.0	0.0	0.0	0.0	0.0	0.0	0.0	0.0	0.0	0.0	0.0	0.0	0.0	0.0	0.0
SRR21280646	-0.37410837433647776	0.13115246170645858	0.008102140735513722	0.17678755459627343	0.004825293652288729	-0.042286784618278006	0.05891670818053378	-0.08387594830540504	-0.021215088560198464	0.06435326744784445	-0.15631013676188177	-0.09490857758066393	0.02922077819527843	-0.23621048668879444	0.03005992525266454	0.002681684685829878	-0.02790727924236245	0.03270183156019249	-0.10180179473481414	-0.09212331862735428	0.00987268785162123	-0.01216802793218442	0.0685129538711408	0.007178962252146098	-0.015290878731995928	0.05849180986209605	0.02653262460663472	-0.005385999268521271	0.014854962996786267	-0.00520697534096764	0.011788881496303383	0.009321985906067327	-0.02013242312567584	-0.0017490546061813736	0.006199065118521944	0.011023232814077208	0.00044544771581956456	-0.007401074727766882	-7.778928880752756e-05	-0.007970874009012337	-0.002258992689094663	-0.0033667719774759333	0.001524286334545881	0.00061066337626576	0.0009252104910964103	0.002324728180098706	-9.676163099008413e-05	0.0001487733836773156	-0.0	0.0	0.0	0.0	0.0	0.0	0.0	0.0	0.0	0.0	0.0	0.0	0.0	0.0	0.0	0.0	0.0	0.0	0.0	0.0	0.0	0.0	0.0	0.0	0.0	0.0	0.0	0.0	0.0	0.0	0.0
SRR21280647	-0.05731911337059009	-0.20133715502487312	-0.12173069893333256	-0.050198992930719034	0.05487995787288972	0.024214548201077414	-0.04632233105626479	-0.017040113936571295	-0.06950979444661234	0.030961153135735733	0.012713533964888534	0.047595892734267224	0.014207293744129948	0.002503755724943104	0.03793496362427063	0.01649367744099735	0.027916025516419758	0.02769932431590322	0.00035038243805714735	0.00635898662334208	-0.02602687440204758	0.013687344401020997	0.00021698233363386747	-8.867810564146698e-05	0.006975063816247288	-0.0008899100327956363	-0.007127328497808014	-0.026460149019128507	0.013495803044698948	0.0004808576068241849	-0.011547314585316003	0.019414014813209667	-0.00638272252953444	0.010794353683632657	-0.01074778096404553	0.0007199013844919528	-0.0007303668083215771	0.005735878621111871	0.02034469505709892	-6.963150956502846e-05	-0.0034615879504044022	-0.00599956476972646	-0.001479004802485643	0.007298515276584186	0.0011877116992084597	-0.0021212823297871203	-0.001138053793469682	-0.000562567939492411	-0.0	0.0	0.0	0.0	0.0	0.0	0.0	0.0	0.0	0.0	0.0	0.0	0.0	0.0	0.0	0.0	0.0	0.0	0.0	0.0	0.0	0.0	0.0	0.0	0.0	0.0	0.0	0.0	0.0	0.0	0.0
SRR21280648	-0.31817353738451876	-0.02338583766340163	0.041188752340673124	0.17818397262358654	0.008940457350405804	-0.012681542749990513	0.22866008415515446	-0.1981243617611739	-0.01901722269358824	-0.050593874409335236	-0.09271952350878179	-0.00790608736476259	0.0898747606095618	0.12428831519804817	0.06551576080406304	-0.06950779680295316	0.0028987972044627387	-0.007569087699954378	0.04195566590065123	-2.7468201952610812e-05	0.038073841182824794	0.006038568455472309	-0.0020822590567029925	0.029105280832544517	0.013534750829145846	-0.005748161118128197	-0.024779400687498617	0.006542085304113654	0.02143001915092641	-0.033038001819541515	-0.031470842164439114	0.025809609393923228	0.0135583443711596	0.0036869913879412084	0.015693842698388246	0.0172064634146857	-0.000991646820691978	-0.004121646925002408	0.007563979143901733	0.003912618154597034	-0.014821726012870975	0.010263438639323268	-0.011803439025521686	0.003592363514025895	-0.002539639828152372	-0.0037607975599839687	-0.0002816010487672352	-3.450950502266367e-05	-0.0	0.0	0.0	0.0	0.0	0.0	0.0	0.0	0.0	0.0	0.0	0.0	0.0	0.0	0.0	0.0	0.0	0.0	0.0	0.0	0.0	0.0	0.0	0.0	0.0	0.0	0.0	0.0	0.0	0.0	0.0
SRR21280649	-0.0673552739009412	-0.2385607195050331	-0.16298525795766183	0.03625004784949211	0.06339158745440097	0.030963514228403616	-0.026041146282547754	0.01325739369651266	-0.026281129365203097	0.0417968570182741	-0.048116392899945654	-0.01669674245192638	0.0024461116887307295	0.025850877851195428	-0.001769290679843624	0.02531251115501752	-0.01433987423143382	0.03577980168314881	0.0006798600277980426	-0.04920613927290544	-0.004336092117656039	-0.01688439506651286	-0.039694606119551425	-0.012297824126072261	0.026083428758719752	-0.05068775069882377	0.0075785301938434925	-0.013924157536543871	-0.010673505105567246	-0.0005616948935091383	0.00986366547198069	-0.011998333305182348	0.013957065964039481	-0.00012468971032804528	0.003472473295931223	0.021612287048220796	-0.0008926613669785271	-0.0016759612389225962	-0.004920930055761472	-0.006379854365759731	0.003910200190095637	0.01012920462971347	0.0010595779337609	-0.002096378055505796	-0.002024334125468082	0.0004159325664788574	-0.00028350121550973524	0.00010271171291802106	-0.0	0.0	0.0	0.0	0.0	0.0	0.0	0.0	0.0	0.0	0.0	0.0	0.0	0.0	0.0	0.0	0.0	0.0	0.0	0.0	0.0	0.0	0.0	0.0	0.0	0.0	0.0	0.0	0.0	0.0	0.0
SRR21280650	-0.24497410740047607	-0.18292118735444407	-0.0877458369703609	0.0990682076522354	-0.09501011033030592	-0.097536622783945	0.061570229275066626	0.13508045788155065	0.10076032767297068	0.01979921124662518	0.05207351323956424	-0.01805072382528448	0.00596467356398002	0.02658041165060862	-0.10386856026750442	0.04072960204421509	-0.060141035408662	0.0034473150901218053	0.024739528005887967	-0.008552271711856236	0.013103551205137374	0.04015835138165813	0.02664470482708511	-0.002085871998242718	0.0198201799245172	0.02304963041872061	0.006594379202154918	-0.003410485224334804	-0.004696939922709275	-0.007904629786148247	0.048866450333044424	-0.02737584180786795	-0.019638955924124166	-0.003728417593597111	0.03439813658579828	0.010576939382114195	-0.009644384739461885	0.0023194345929374947	0.006478057506247015	-0.016080200085490572	-0.018020169517309084	-0.012302093125485919	-0.008742204332327553	0.004458068639201009	-0.0070716031137055555	-0.003324406041749816	-0.0009613703609333578	-0.0001780619910165618	-0.0	0.0	0.0	0.0	0.0	0.0	0.0	0.0	0.0	0.0	0.0	0.0	0.0	0.0	0.0	0.0	0.0	0.0	0.0	0.0	0.0	0.0	0.0	0.0	0.0	0.0	0.0	0.0	0.0	0.0	0.0
SRR21280651	-0.16676349188768091	0.13784981810464333	0.2143823922644271	-0.009316632367906088	0.228113117688976	0.13936586895251965	0.0879047306618341	0.02621859074534105	0.20332516868069037	0.12485865752321314	-0.00043805394957044125	0.14329498342749442	-0.16705938938466805	-0.04977274854000727	-0.05925701578376473	0.003930740845212393	0.011136338046893176	0.12011161001526521	-0.019747019216889802	0.052003747653506203	-0.02504125466276089	-0.020585435420452786	-0.020859820611003776	0.03545288154462668	0.05344155771275945	0.02207738770807851	-0.021142452811974626	0.004893111662828996	-0.007858318363552356	-0.023506392346771418	0.015952312045282843	0.040571697137137805	0.004392050107926033	0.0006916889528574073	0.002736706515073776	-0.006241201499669097	0.0012417990392124215	-0.0028633713936288495	-0.0013592877128159595	0.007296683065610848	-0.0028291817399535867	0.007467848560851759	-0.0016639946045465222	0.0001488005764834583	0.00011989625043576818	-0.000989814463105758	-0.00024145042601410161	-0.00014881054175317005	-0.0	0.0	0.0	0.0	0.0	0.0	0.0	0.0	0.0	0.0	0.0	0.0	0.0	0.0	0.0	0.0	0.0	0.0	0.0	0.0	0.0	0.0	0.0	0.0	0.0	0.0	0.0	0.0	0.0	0.0	0.0
SRR21280652	-0.28883515031863444	-0.1286121036446411	0.01514921965133775	-0.027060492600428882	-0.1324662741489366	-0.17450856547357854	0.10268019006209503	0.10850738680784527	-0.0019604803125961618	0.06768487925695783	-0.02675251499930919	0.013467976230464817	0.006634298994454862	-0.05808278669473157	0.047189873336633936	-0.013635082056264012	0.028568140469857724	-0.05262363230936213	-0.02304782314360854	0.09132722542696939	-0.05229211673208386	-0.024233436638242283	-0.04464728348842095	-0.02171762760548505	0.0060509429906953115	0.007777787742936782	0.017262559267581055	0.019075177848479646	-0.02087504608123497	0.01721582887213414	0.007789959929943349	0.00028881948582019413	0.010386890254942924	-0.006854173005356349	-0.0005771165848708381	0.01295656815651895	0.022131442177537264	-0.019428716075658155	0.009545116204465173	0.01861476288762936	0.004527527671027937	0.007248853007589355	0.00481434413808065	0.004998193197439442	-0.002468462673267581	0.0009002288901337375	-0.0012095151579134874	0.0002548834121416494	-0.0	0.0	0.0	0.0	0.0	0.0	0.0	0.0	0.0	0.0	0.0	0.0	0.0	0.0	0.0	0.0	0.0	0.0	0.0	0.0	0.0	0.0	0.0	0.0	0.0	0.0	0.0	0.0	0.0	0.0	0.0
SRR21280653	0.005959900415116735	-0.15592070169679725	-0.05759172424158624	-0.08461327294841377	-0.023311417155965932	0.16012630542947429	0.008710154786226295	-0.04671277648036273	-0.008338548757551528	-0.014896339447240762	0.04947229514618116	-0.06179445851977453	0.026039381843393432	-0.013108207238251778	-0.008045391130652625	0.0086001802526024	0.020405887144501526	-0.002879444513886665	0.016470964573749032	0.04378576234127341	-0.008039563056951405	0.056859223662335395	0.06588160836185639	-0.042666165475495225	0.05424778603360301	0.04760089409020407	-0.020601579845193427	-0.03780118206270011	-0.0034868191384908767	-0.010517542358746548	-0.008539538940953157	0.02495442713323162	-0.009701009154162141	0.020577565554463214	-0.022759280899013388	0.0033941472942942046	0.020475081938200936	-0.009783184018088583	0.008403908091576286	-0.0012433028901702025	-0.002213587080369199	0.010467887923410158	-0.008381983742461747	-0.0025262580518616413	0.0025588791060619756	0.00483683014381961	-0.00019241231881482137	-2.8931584565310486e-05	-0.0	0.0	0.0	0.0	0.0	0.0	0.0	0.0	0.0	0.0	0.0	0.0	0.0	0.0	0.0	0.0	0.0	0.0	0.0	0.0	0.0	0.0	0.0	0.0	0.0	0.0	0.0	0.0	0.0	0.0	0.0
SRR21280654	-0.2697156991551545	-0.00548902061464273	0.1582263184566538	-0.012141203219897466	0.1212699558399827	0.12301244695522365	-0.057893843452807424	0.05065108501067733	-0.06467474513545943	-0.1707491611726053	-0.09975243676606312	-0.011650180681673021	-0.022606865603223086	-0.1579977108258831	-0.023185058289706708	-0.010222491732770116	-0.06311035866498584	-0.02686801867614258	0.12798538964146391	0.007304182426662288	-0.007612888435959971	0.027875203542180343	-0.04725798761345666	-0.09421523409361099	-0.019706610652447356	-0.022989052760123377	0.021486774732807756	0.015025059573342018	-0.028670027881617693	-0.053078980949506624	-0.006617374409598599	-0.00975857084894108	-0.014172465926591623	0.007690576348819064	-0.004708319510011276	0.0037572337739542067	-0.003575649283613264	0.0014608101448262737	-0.0012485319155823276	0.0041855195127533254	0.007166203093067295	0.0027528112875720907	-0.005423341301911255	-0.0001233434472720068	0.0003655634781898605	-0.0025838552416443134	0.0002514700480293961	-0.00039313977285675177	-0.0	0.0	0.0	0.0	0.0	0.0	0.0	0.0	0.0	0.0	0.0	0.0	0.0	0.0	0.0	0.0	0.0	0.0	0.0	0.0	0.0	0.0	0.0	0.0	0.0	0.0	0.0	0.0	0.0	0.0	0.0
SRR21280656	-0.15355458071990932	-0.16888562419783876	-0.07331313827371398	-0.016276808523479604	0.1030160450897815	0.1566024398658348	0.06578428775733221	0.03925685147489001	-0.07480238966994147	0.028567521764960826	0.09152392364008186	0.03105936676116229	-0.03506831616093651	0.009633832013692323	-0.04139610094827286	-0.000907847311093817	0.04104220140445346	0.025818360885056974	-0.02882756657344448	-0.07062232291363807	-0.01500073653324113	0.013213409339050445	-0.0006915516539452181	-0.004373395139913193	-0.019164426969885972	-0.0017580003220363737	0.029921631472348876	-0.0070623788312596265	0.005420020027563538	0.004047111255621506	-0.03162338107481025	-0.03412995341743877	0.017475713961137573	-0.012641327697032332	0.0036438900387635283	0.027436023966598822	0.006035108596480016	-0.0004269497394304658	-0.0004945533005021942	-0.0014587199013070195	-0.018969486150638586	-0.005650204702978185	-0.007269839800394231	-0.0013311820785946546	-0.0031261535721916075	-0.0023207295500727127	-0.00013415530749870597	7.235877602771133e-05	-0.0	0.0	0.0	0.0	0.0	0.0	0.0	0.0	0.0	0.0	0.0	0.0	0.0	0.0	0.0	0.0	0.0	0.0	0.0	0.0	0.0	0.0	0.0	0.0	0.0	0.0	0.0	0.0	0.0	0.0	0.0
SRR21280658	-0.22449654854873355	-0.10481774101923484	-0.0179384999747244	-0.05035561213581294	0.06761071049583288	0.0326221829970151	0.05200078007525828	-0.03777573372475427	-0.11630686089165923	-0.020543640080148345	0.06496788609174127	-0.08624603914704476	0.08374087149584805	-0.023824007364856868	-0.058327807075335546	0.004549691470555002	-0.09916408696738407	0.12698023982915393	0.026057166264919607	-0.02842637108303634	-0.017144953522556655	-0.009703696853385683	-0.006545840048443466	0.022403719170332327	-0.03611504803773693	-0.04095093619080531	-0.09163609510209042	0.024845086866992622	-0.010993025639151317	0.05194795980280635	0.05694596737379195	0.0012754954333341838	0.012250717332520197	-0.022001353225223206	-0.03233370759723364	-0.010426029068272955	0.002454354605077304	-0.01382263871360024	0.009110489225177711	-0.0003918168926433339	0.005388984399707037	0.007895717329554283	0.007025633246849361	0.0004167713131897744	0.0013987030164654246	0.00027867552136894637	0.00038064647216541473	0.0001838023874552399	-0.0	0.0	0.0	0.0	0.0	0.0	0.0	0.0	0.0	0.0	0.0	0.0	0.0	0.0	0.0	0.0	0.0	0.0	0.0	0.0	0.0	0.0	0.0	0.0	0.0	0.0	0.0	0.0	0.0	0.0	0.0
SRR21280659	0.13020093566679086	0.04628437062591298	0.096984169109905	-0.07701951623673373	0.03416392433448275	0.13882882610458708	0.15442379762698588	0.01697625645368348	-0.061483690335713145	-0.008009396781017182	0.13803947615619364	0.046014631511163334	-0.036405155328871945	-0.03087579012921166	-0.052306401541441484	-0.009899601698141275	0.043946795007041184	-0.014614158262472822	-0.018283836896834563	-0.044117108862224926	0.0418698235031046	0.006126679755418223	0.023921274842350255	-0.018825058576019148	-0.04505311717618584	0.010509797344077356	0.04867287205492557	0.005560505567686218	0.022957958113666726	0.014320284878652632	-0.02376758751886807	-0.041879498180558083	0.020979328635421197	-0.024144343702432253	-0.008176505664007265	0.015461356625586259	0.006552217269218578	0.010924181094351967	-0.012472880838328253	0.007316145371578806	-0.003425039289901393	0.001886849211724819	-0.0010303216649864924	0.0035517994680202285	-0.00012694490666896973	0.001887714723598368	-0.0006377709882290448	-0.00015568052004200466	-0.0	0.0	0.0	0.0	0.0	0.0	0.0	0.0	0.0	0.0	0.0	0.0	0.0	0.0	0.0	0.0	0.0	0.0	0.0	0.0	0.0	0.0	0.0	0.0	0.0	0.0	0.0	0.0	0.0	0.0	0.0
SRR21280660	-0.06383368027799376	-0.18811455510152608	-0.12147967876374077	-0.06143988764579115	0.05855567650944135	0.02596468426659197	-0.033310295162968614	-0.005540916167691616	-0.07633954148049182	0.03918224920315876	0.02756766300778266	0.016881654070600414	0.02098809978943451	0.014586957801590212	0.0191686125035925	0.024973361440074428	0.011264475371325194	0.0028318011323914456	-0.019779601498532834	0.06028990539696936	-0.03808275664827136	0.008638299452192015	-0.006639614051757733	0.04290220227408557	-0.02880874481988876	0.022385459831752167	0.012194491761969609	0.04247971815604924	0.03688717111681494	-0.03768105931547967	-0.0174864830139734	0.002434925944701821	-0.030644392987188587	-0.020639691047809813	-0.009281362787785939	0.00408634474088735	-0.00032677692052612785	-0.017658327914928558	-0.004310725886265381	0.0004071015245333426	0.006784913816973318	-0.000608863185692078	-0.0007782698338906566	-0.0023315512733025853	-0.0017440858247412358	0.0012894390576296108	0.00010050119856549255	0.0005898253024666258	-0.0	0.0	0.0	0.0	0.0	0.0	0.0	0.0	0.0	0.0	0.0	0.0	0.0	0.0	0.0	0.0	0.0	0.0	0.0	0.0	0.0	0.0	0.0	0.0	0.0	0.0	0.0	0.0	0.0	0.0	0.0
SRR21280661	-0.21232145873554026	-0.185507163144808	-0.08765622372230536	0.14968365739872397	0.021369407547620983	-0.018893977374742348	0.10559201333684842	-0.0068263943752298745	0.016131409664149554	0.03811322183110764	0.10904911428161569	-0.10198384461204404	-0.0710161928148417	0.02135864436917142	0.03792379885742958	-0.06675277217382851	-0.056217775911046874	0.017803037890041465	-0.04030432006958017	-0.054165869118531405	-0.033933843851098114	0.0019994761700216713	-0.018714914892436145	-0.049508261831441476	0.07447748744068318	-0.004496055098116244	0.04067419192923632	0.030829663788999366	-0.0128086593921941	-0.0007486221351976521	-0.05664039422975709	-0.007715946358965848	0.03339403010388897	0.00946716331628438	-0.011333969709097922	-0.033443642608194234	-0.014973012295601534	-0.004616443082388511	-0.0010904249570041944	-0.0009623598181966819	0.023113793245208247	-0.008762056548668646	0.010737941706544732	-0.0014033852523264985	0.0035565629380763584	0.0006030126748908548	0.0006530839360388836	9.719995251784158e-05	-0.0	0.0	0.0	0.0	0.0	0.0	0.0	0.0	0.0	0.0	0.0	0.0	0.0	0.0	0.0	0.0	0.0	0.0	0.0	0.0	0.0	0.0	0.0	0.0	0.0	0.0	0.0	0.0	0.0	0.0	0.0
SRR21280774	-0.19949173726247524	0.10412916936569556	-0.2006044649826389	0.04389496861811238	-0.09545442655647082	-0.12201216222227411	-0.0033064772950561114	-0.07407152992630646	-0.02707769780846767	0.006777571340605293	0.09347786894647887	0.06979571837011055	-0.08766579249242387	-0.020263784549672943	0.016782418723910657	-0.07418178783580538	-0.021494582342190767	-0.01585426016740626	0.04205053024941786	0.0368307898875335	-0.02885261841353313	-0.00684862102316217	0.041951202270785894	-0.004202164016694937	-0.014731488295629452	0.006630329687429758	-0.008305247504838393	0.017466338865116882	-0.029418869753240758	-0.017857793092122893	0.01217418183989985	-0.014654135376836986	-0.022139857211374875	-0.006645444305395922	-0.010805734352907667	0.0003733404255893048	-0.0044658827368700155	0.0003743741794095965	0.001944396237790185	-0.007458401669349204	0.005629386053168112	0.001078315454355726	-0.008697699811134373	-0.0028852973044045304	-0.0035872846889553577	-5.795794320594398e-05	-0.0002712151355383946	-0.0002665054308351115	-0.0	0.0	0.0	0.0	0.0	0.0	0.0	0.0	0.0	0.0	0.0	0.0	0.0	0.0	0.0	0.0	0.0	0.0	0.0	0.0	0.0	0.0	0.0	0.0	0.0	0.0	0.0	0.0	0.0	0.0	0.0
SRR21280775	0.2269263021018715	-0.05668844428159425	-0.04954248349786911	-0.01915734613440309	0.04187011020603177	0.02080552144597662	-0.0006063907014775122	-0.020751569490010342	0.1860370041673092	0.005901764858465323	-0.007887880700186577	-0.03180503623728091	0.02300419984468626	0.021327693594177737	0.023138494165551974	-0.0054825606776265304	-0.02149943171861738	-0.05012363956842375	0.02115175491107034	-0.04134487067180651	-0.045365484803198124	-0.005337142191567385	0.04640310804815803	-0.027918514294915882	0.009265641524604991	-0.0051850624522605205	-0.05486165474490049	0.05655326552475234	0.003654545250717462	-0.006231495661334566	-0.01445074494091687	0.013234948399388715	0.013221172648738951	-0.009166474605206537	0.018252843362875172	-0.004161407102350362	0.01966822932152025	-0.00368804587757003	0.020554370304410277	-0.008343349271532527	-0.0003235139702321415	0.000839971980758479	0.002970687591516742	0.0016692959428709095	0.0008162364769455959	-0.0007110510746139613	-0.000603622675860033	-0.0003873591285634592	-0.0	0.0	0.0	0.0	0.0	0.0	0.0	0.0	0.0	0.0	0.0	0.0	0.0	0.0	0.0	0.0	0.0	0.0	0.0	0.0	0.0	0.0	0.0	0.0	0.0	0.0	0.0	0.0	0.0	0.0	0.0
SRR21280819	-0.17033498978106162	-0.17510766630024485	-0.07055044579473073	0.01367435334638243	0.04664926649202329	0.038987226804286124	0.010414958947027835	-0.06984628101388342	-0.0652289033724469	0.07260421682278943	0.07026581204671259	-0.043501770752428524	0.01006275555038224	-0.03777190850810928	0.06113245315115902	-0.11975068341636458	0.07500604936089243	0.015519311948866094	0.03724598240878263	0.05780361716395359	-0.02859923921562408	-0.005469592457771415	0.013251035606485028	-0.01782323157467455	-0.03691750996062637	-0.03688262340065285	0.020434516345719158	-0.055241417410148375	0.018762390241774	-0.0009360413362276634	0.02808735113001122	0.020198506278886395	-0.02440150731284438	0.0028700859477575713	0.02833421230208457	-0.026216280721494498	0.013504057689245655	0.028852255855846897	0.004870173842595326	0.01732135670157212	-0.004077384097517186	0.0009695479477113811	0.005547997633657782	0.001030531997810387	-0.00040706787210601	0.0004404092869426253	0.0010444927015719346	-5.6081690679573166e-05	-0.0	0.0	0.0	0.0	0.0	0.0	0.0	0.0	0.0	0.0	0.0	0.0	0.0	0.0	0.0	0.0	0.0	0.0	0.0	0.0	0.0	0.0	0.0	0.0	0.0	0.0	0.0	0.0	0.0	0.0	0.0
SRR21280873	-0.02821772271220011	0.273310334975553	-0.06665321129552004	-0.14238949038564178	0.07545605875676079	0.022007173586715494	0.012412522144449647	0.011941444370250805	0.02968356165734228	0.09619901540210254	-0.017483252170442165	-0.05960962155315914	0.012371984376823748	0.07295520680384171	0.04129876687537047	-0.01324723385825493	-0.06257850494726526	-0.042872768721235945	-0.006952445204793602	0.0022370022241060454	-0.04069838182650894	0.008007943252219376	-0.002150383378551494	-0.06710372000614302	-0.011325423291949504	0.04691819147855361	-0.042564292499816477	-0.043484688785641414	0.014461546334625593	-0.02558317046563094	0.024498233890012957	-0.04485527918319901	0.03528782467514664	-0.0015547605934351277	0.028599912413538313	-0.005013608087896748	-0.005100622139406395	-0.0004613570740032176	-0.015929672678854756	0.016220240659051203	0.0025909206986122215	0.0011842532269641813	0.007696241722023644	-0.0017237538521087629	0.0005401408270444536	0.0006958827254401704	-0.0003543384651993471	-5.872943818884125e-05	-0.0	0.0	0.0	0.0	0.0	0.0	0.0	0.0	0.0	0.0	0.0	0.0	0.0	0.0	0.0	0.0	0.0	0.0	0.0	0.0	0.0	0.0	0.0	0.0	0.0	0.0	0.0	0.0	0.0	0.0	0.0
SRR21280874	0.30012762199837917	-0.0605082400766698	-0.013544755350909682	0.044385823779419895	-0.00043461960413767865	0.0006364708916774426	0.007834991769846254	0.011781980114216013	0.01329341641753698	-0.007919722448954001	-0.014665868530748393	-0.0003512689612702879	0.0012627048481629651	-0.004545459081248864	-0.0030315194061693506	-0.0037407766022870105	0.0042740992116668845	-0.00011745577660223199	-0.0073500646156352675	0.0025772950051300807	-0.002713698854377781	0.0043186690194847695	0.009241504977436664	0.0006756731745518627	-0.0098166063890816	-0.002293619501743327	0.0012714458877640747	-0.0029658427035689594	0.004850816395382838	-0.005844349892403994	0.0035853032511884413	-0.007339975846830336	0.004403873021983163	0.01130806619341133	-0.004377754992771969	-0.008011526416805326	0.007282641230236567	-0.010427603863646802	-0.0012169210262147532	-0.013482498071173006	-0.025010172301211123	0.008980083562294813	0.009564278190512705	0.001845754326212688	0.006773613131963524	-0.005524884060033289	0.0050279458269636415	0.0033891423697428556	-0.0	0.0	0.0	0.0	0.0	0.0	0.0	0.0	0.0	0.0	0.0	0.0	0.0	0.0	0.0	0.0	0.0	0.0	0.0	0.0	0.0	0.0	0.0	0.0	0.0	0.0	0.0	0.0	0.0	0.0	0.0
SRR21280875	0.2977716706014781	-0.05929425373589987	-0.015198806393443636	0.049328173645520654	-0.0038881188101448985	0.000555034076631569	0.007769893057938619	0.01607218162940437	0.012179813696680548	-0.01468035583355134	-0.017246850576636545	0.0010215464048542848	-0.011948748912884203	-0.004627680416930545	0.009950609375457605	-0.0028893141659938172	0.013125670365300001	0.005497918961695709	-0.004531590371680553	-0.0014084087657675812	0.0015078674208079835	-0.007641679852479483	-0.0025158399868487067	-0.007354786540624228	-0.004783585601042767	-0.0014673117816650962	-0.005183828762717391	-0.015757330588601768	0.01627780539913634	0.007186744994013632	-0.0016024325538975452	0.012729041898591855	-0.004716009910632885	-0.004210310182221084	0.015501125766278044	0.016883179408651403	0.008588375158551464	-0.019040754795094466	-0.010105006266930325	-0.0026903708653614167	-0.0053101833812257155	-0.009504257357912622	0.006085094742791282	-0.02221682506287338	0.007614781691358003	-0.003096220558326825	0.0009492128331781219	-0.004438539858270425	-0.0	0.0	0.0	0.0	0.0	0.0	0.0	0.0	0.0	0.0	0.0	0.0	0.0	0.0	0.0	0.0	0.0	0.0	0.0	0.0	0.0	0.0	0.0	0.0	0.0	0.0	0.0	0.0	0.0	0.0	0.0
SRR21280876	0.006370535143474562	0.21979741423114585	-0.14150961740125184	-0.1067027409648643	0.1638793537202726	-0.09855124346156309	-0.03613129888657118	-0.013435547745493564	-0.002850121996986058	-0.03120432958767485	0.03522924719292051	0.03750168252980302	0.07191800610090149	0.013336624337212485	-0.01849991107603051	-0.05262676570657522	0.0644515422417707	-0.006817625959119691	-0.013874912236719366	0.0002149374951014884	-0.0016596984078667083	0.010028236716856426	-0.02313184913013223	-0.03441341424791187	0.012449946166389541	0.04822972982462982	-0.01839328000153916	0.03413724159739921	0.008671943259168011	-0.029602479622275787	0.004383319914072765	0.007805171953564129	0.004860804951918563	-0.029489262612629394	-0.02568781836821539	0.009110092155592333	0.0020581161057122025	0.005574350497285514	0.020470639492295974	-0.011305182024699618	-0.0033384190566720004	-0.005308072751008646	0.001457568832539724	-0.00020186432735235093	0.00039769548970379736	0.000827452690119841	0.0003037364683707762	-0.00010642371473582255	-0.0	0.0	0.0	0.0	0.0	0.0	0.0	0.0	0.0	0.0	0.0	0.0	0.0	0.0	0.0	0.0	0.0	0.0	0.0	0.0	0.0	0.0	0.0	0.0	0.0	0.0	0.0	0.0	0.0	0.0	0.0
SRR21280912	0.2991033678154826	-0.060420138071310595	-0.015748055749188097	0.048141579096047285	-0.005144650911614301	0.0005558727329951611	0.00764500908330134	0.015044116691774346	0.008348788405686789	-0.011102479443570139	-0.01594332590429436	-0.005196983572926481	-0.011557375327464559	-0.0025211544797747293	0.0026200755616438156	-0.00137621332121506	0.004062396617872619	0.007576781123408152	-0.0036338115308139967	-0.004624462649643616	-0.0002918888306555967	-0.005399319014568232	-0.006414375821835718	-0.0024579069619866676	0.003436180131810723	0.0023705326084719133	-0.011379034454664413	-0.012151247830082479	-0.005773245959292127	0.007105976563511707	-0.0031120793350991414	0.004049068688436043	-0.0033588508296692305	-0.006480413092226201	0.00837173724847194	0.00228612420770271	-0.007213263287227259	0.009529903204379303	0.006580729576905569	-0.008020980298933108	-0.0002914834271083425	-0.004353203514785091	0.005524670004170545	0.02729232603041846	0.0025972061195274447	0.0011031266367974607	0.005034837180174554	-0.005349191206638914	-0.0	0.0	0.0	0.0	0.0	0.0	0.0	0.0	0.0	0.0	0.0	0.0	0.0	0.0	0.0	0.0	0.0	0.0	0.0	0.0	0.0	0.0	0.0	0.0	0.0	0.0	0.0	0.0	0.0	0.0	0.0
SRR21280913	0.10722060443624473	-0.1535358481807959	-0.1333003801038846	0.004239119099630949	-0.09500467963578796	0.07927800926746043	-0.07822818644389636	-0.02807022211096557	0.09820020941252208	-0.07249571035292095	-0.006680071780849636	0.026246485314181257	-0.027625841603122838	0.0006702208971878895	-0.029161128886578076	-0.04607413449006036	-0.07581652444843832	-0.004478591912451461	-0.01657765049494385	-0.0012691851028155013	0.0017141688811222586	0.015006853243176107	0.00599253305115903	0.05115657967860318	-0.01345174623135049	0.03197082274572227	0.00014606821593023204	-0.017284417113203263	0.0090515568479809	-0.009921373917780318	0.009764870580587953	-0.020713257252202074	-0.010648535709222855	0.004789298268713753	0.0011820490212395116	-0.0010525076282415114	-0.005895673342061053	0.008030938751878354	0.003990566409080581	0.013948091936957284	0.00031822036640303446	0.007131018970561128	0.0005651717692537449	-0.003143223087562597	0.0006977345489066708	0.0009716520129152573	0.00114000831445209	-0.0002448774738049386	-0.0	0.0	0.0	0.0	0.0	0.0	0.0	0.0	0.0	0.0	0.0	0.0	0.0	0.0	0.0	0.0	0.0	0.0	0.0	0.0	0.0	0.0	0.0	0.0	0.0	0.0	0.0	0.0	0.0	0.0	0.0
SRR21280916	0.15844326823062088	0.22675432040537744	-0.09656809313447097	-0.03679141767355514	-0.06937362700643095	-0.016591136163699918	0.027866521134011515	-0.02250048293175448	-0.08855229111386022	-0.013051139164886065	-0.00010602307071279086	0.02265311945099062	0.020771358647328007	-0.0033316043181184124	0.007505401107747728	0.012467337472329806	0.008884692695954573	0.021926588453948744	-0.00976569854181143	-0.0033453199659659893	0.005862809873691102	-0.007234908457813145	-0.03713539615784314	-0.005892159655813648	-0.0021850539052502677	0.005383779414229396	-0.017561546943559585	0.010174272353480967	0.006550316990207607	0.0069528619982018106	-0.02404725582046322	0.016038852547122014	-0.027899634297315193	-0.0014555105491581947	0.024431544451431798	0.0033603698713276595	-0.017487598996746272	-0.007434064939355645	-0.008104247969061874	0.002209172420857588	-0.011827286441440502	0.002299615413559114	0.006033704551392056	-0.004488130621101179	-0.004722664462637852	0.0038456716202595726	-0.0006924276424110683	-0.0002911222275518914	-0.0	0.0	0.0	0.0	0.0	0.0	0.0	0.0	0.0	0.0	0.0	0.0	0.0	0.0	0.0	0.0	0.0	0.0	0.0	0.0	0.0	0.0	0.0	0.0	0.0	0.0	0.0	0.0	0.0	0.0	0.0
SRR21280917	0.04459317626846549	0.08705335788079088	-0.28784985414752834	0.0467032218029543	-0.12199175386827006	0.0899188012763068	-0.07791110873306062	-0.01262169673123723	0.054031545713327724	-0.07340636096274322	-0.027466282164556398	0.030910642723942873	-0.006361014139787897	0.00146807821286199	-0.00036613511236173837	-0.030131515780720274	-0.026593738321154595	0.021686049031078163	-0.005082091731241882	0.019552458070413052	-0.012226576955716705	5.5283276381684824e-05	-0.007034867762868149	0.012913418539095415	0.02208811865635489	0.02121684988198326	0.0022027206060060956	-0.0286276252310737	0.0003147309208369916	-0.01933916619730614	0.007507464611214619	-0.011926667331953819	-0.009111603985320878	-0.01579233656850016	-0.014379794671109067	0.013383675528996903	-0.004987392336897343	0.00013428715536438468	-0.001115323958914994	0.0033461467636009814	0.008721721081397387	-0.004737784926213153	0.005053667977951007	0.001416288751684596	0.0013798328788158073	-0.00025771547209982114	-0.0007896932163136699	0.00033238776393965347	-0.0	0.0	0.0	0.0	0.0	0.0	0.0	0.0	0.0	0.0	0.0	0.0	0.0	0.0	0.0	0.0	0.0	0.0	0.0	0.0	0.0	0.0	0.0	0.0	0.0	0.0	0.0	0.0	0.0	0.0	0.0
SRR21280919	0.17030938583285857	0.22332989752535046	-0.10896625872944964	-0.028533793841582097	-0.054551047715522674	-0.017556653748466967	0.029463248061948687	-0.02856101607867317	-0.08175759619346064	-0.010287266692362454	-0.0062005828272664945	0.03963177748313402	0.003953424662189662	-0.009643071881393867	0.03138498689683458	0.025978548042191338	0.023199729927268865	0.015602860156033299	0.0022612188838047813	0.00807981970764647	0.0031651926974566153	-0.001956842562882744	-0.0035413542541876493	-0.03357410876289188	0.019931611574620516	0.003638014722376296	-0.002557654610921085	-0.008036465160358728	0.004783692190430262	0.004563177228405548	0.012888297864931711	0.0025951472909214283	0.015260766034315842	-0.039941853039269413	0.006018444799707136	0.003928717344441316	-0.007595392573371731	0.014660626574933852	0.00525197340560016	-0.013794904196474342	0.014242566465287878	0.006089705604702232	-0.005765334590173022	0.0033768738179408638	0.006953409736794645	-0.0002623880736123837	-0.0002760889214335577	-0.00015135366657879795	-0.0	0.0	0.0	0.0	0.0	0.0	0.0	0.0	0.0	0.0	0.0	0.0	0.0	0.0	0.0	0.0	0.0	0.0	0.0	0.0	0.0	0.0	0.0	0.0	0.0	0.0	0.0	0.0	0.0	0.0	0.0
SRR21280920	-0.2611614462319022	0.12699526903859018	-0.1750801967794231	0.023468016629005526	-0.008813002928263673	-0.07706855447036677	-0.017823408967432085	-0.04702243990658053	0.05521887843738104	-0.011542588720072716	0.07521352832485832	0.029312074250659226	0.023543897478971194	-0.04569899347897541	-0.018039801259807874	0.10918079274206288	-0.061271704512065386	-0.04949689764193349	0.0643883343569277	-0.028577168921394246	-0.045570983450768425	-0.04288300591655802	-0.03167359170841922	0.03054764756482244	0.004590382805154185	-0.00799063852591537	0.04544341988617288	-0.05127922630675487	0.08866332638261187	0.03499676417089235	-0.008412929466330963	0.04543204093682789	0.02850608550966487	0.01602121204659115	-0.01717292367852022	-0.005512490367020251	-0.011357652962726911	-0.004691283903350805	-0.009725956014545454	0.011949933472096217	0.0006114083652018982	0.012308397690180321	-0.013605322400023536	0.0013859451638620491	0.0018537464087685454	0.00021231703473710746	0.00042337212586174327	-0.0003447379782921053	-0.0	0.0	0.0	0.0	0.0	0.0	0.0	0.0	0.0	0.0	0.0	0.0	0.0	0.0	0.0	0.0	0.0	0.0	0.0	0.0	0.0	0.0	0.0	0.0	0.0	0.0	0.0	0.0	0.0	0.0	0.0
SRR21280921	0.29905211010825133	-0.058678004456493064	-0.01372030853079245	0.047880401818215665	-0.006169429533908418	0.002370336210940073	0.008051985356077276	0.01762200578405599	0.01197127470401128	-0.015842057693490567	-0.01980627881871274	-0.00374447425483579	-0.012702199948325473	-0.00444992939521793	0.005831228874302711	-0.0020966842268780165	0.012398971535861503	0.011542527504981479	-0.0035743492585570595	-0.005596586911275428	0.0009185991830101913	-0.0023271409317160404	-0.006997509359674591	-0.0035457703677252137	0.001702429221131605	0.001682022286846659	-0.010439437045102801	-0.00778066472056714	0.00954409014726595	0.008683482564948981	-0.00598478292194357	0.014329042925526173	-0.006629322809831023	-0.01611439791916015	0.012522287434585819	0.006784999795048979	0.0015677726344484203	-0.012013169411330385	-0.009973406919481771	-0.0020218656800405125	0.021146921438770228	-0.011780057751408996	-0.020276700216150367	0.004902830083475126	-0.011825154720119848	-0.005342055159133977	0.001881700945501687	0.002373997226878964	-0.0	0.0	0.0	0.0	0.0	0.0	0.0	0.0	0.0	0.0	0.0	0.0	0.0	0.0	0.0	0.0	0.0	0.0	0.0	0.0	0.0	0.0	0.0	0.0	0.0	0.0	0.0	0.0	0.0	0.0	0.0
SRR21280922	0.21967170923987472	-0.02412525581823001	0.10862657252923251	0.17673073260052138	-0.008427965876823389	0.013261927498895725	-0.052514533624016264	-0.009799693939894695	0.056396424776788405	-0.030828755454432793	0.0007510666661642511	0.03715435854208652	0.03778361785310035	-0.010925616488710866	-0.006987465211155567	0.018734802813871184	-0.010562932226354788	0.04939593713767387	0.02318676265346856	0.05373610572808039	-0.01793853798619343	-0.004454152059681784	-0.00021997274302276108	-0.034396761181925174	-0.032501344586536106	-0.007019403291247053	-0.011378277468324026	0.03909801090499403	0.03864738802283161	0.008836996977409141	-0.013201570166767106	-0.0008454008120998065	0.01341785525648957	0.01143491449310415	0.018520828678336494	-0.01688984377327981	-0.015855575674887865	0.005844195935952644	-0.02121390048864742	-0.007832209355071288	0.024722036150220582	-0.007270505281465444	-0.003250720198532127	0.0011015940993270984	-0.0023843219022279265	0.0024856638110673204	0.0006669983703135589	0.0003059718078618788	-0.0	0.0	0.0	0.0	0.0	0.0	0.0	0.0	0.0	0.0	0.0	0.0	0.0	0.0	0.0	0.0	0.0	0.0	0.0	0.0	0.0	0.0	0.0	0.0	0.0	0.0	0.0	0.0	0.0	0.0	0.0
SRR21280923	0.29940275155993695	-0.06314579706332933	-0.015251896926169432	0.04975040521673526	-0.006702120343480766	0.0018683862874584124	0.008668137442880804	0.012259630028837174	0.00751439214513283	-0.010494839798621463	-0.018286600758253904	-0.006392281959048821	-0.015793915858949986	-0.007865325358103262	0.006957992901694591	0.0019653134544525483	0.007056983645134694	0.006130638432952717	-0.0009504761150449702	-0.0008128371363615391	0.010457432767901424	-0.010482501714776058	-0.006449828040782083	-0.008484121126022905	0.00700674321999518	-0.0014056797834389862	-0.009248273562024418	-0.014176948397865529	-0.0068022039968293644	0.01054589401121423	-0.005891372242716213	0.008174621190300742	-0.003816604885551992	-0.005350230872335799	0.0033109128360862706	0.002021573477200639	-0.004300488656305735	0.016576620705273756	-0.006123130651022786	-0.01258057801013266	0.003479792559674689	-0.0014742548865946574	0.0015413007872707022	0.011903212551451518	0.008594397927161468	0.002408026782828925	-0.006616987315043447	0.004432646712894458	-0.0	0.0	0.0	0.0	0.0	0.0	0.0	0.0	0.0	0.0	0.0	0.0	0.0	0.0	0.0	0.0	0.0	0.0	0.0	0.0	0.0	0.0	0.0	0.0	0.0	0.0	0.0	0.0	0.0	0.0	0.0
SRR21280924	0.2984573407453104	-0.0539872502401714	-0.011822883141062045	0.0395339606933262	-0.004107143903942425	0.0013735865428746584	0.007916888868275814	0.021526376190004748	0.010785439933124946	-0.007066046428638156	-0.006871030858617669	-0.013228611943409949	0.0069425169124326174	0.009997846418885473	-0.015283859859985012	-0.004850704520179655	-0.009817718231650454	0.003940571704332936	-0.013404182721398981	-0.010262850464115474	-0.00647891212179677	0.01567448299483802	0.002066875195989728	0.016273361683747874	-0.019967165392085758	0.015774328931226288	-0.0025643824291449267	0.018462904217220903	0.009289458272461141	-0.0015403851438464987	-0.0020142498877593856	-0.008526419241035305	-0.00996614077216103	-0.00020374117788026167	0.01132176717345343	-0.013599340692067	-0.028298785289041582	-0.005041459846748089	0.004455341351917755	0.01629906347554989	0.023060895978889866	0.008622514016775742	-0.004908664306644036	3.998471490193794e-05	-0.004510144843940531	-0.008006175008348472	-0.0011818965281001617	-0.0007427119009026114	-0.0	0.0	0.0	0.0	0.0	0.0	0.0	0.0	0.0	0.0	0.0	0.0	0.0	0.0	0.0	0.0	0.0	0.0	0.0	0.0	0.0	0.0	0.0	0.0	0.0	0.0	0.0	0.0	0.0	0.0	0.0
SRR21280926	0.3010291546988528	-0.07220746289429968	-0.013172849850392814	0.054794549876661505	-0.004597706480729928	-0.0016278539308454314	0.010148757795576465	0.019732214208856933	0.009947905754636582	-0.011421726932723737	-0.04169921420882295	-0.0053664416804760735	-0.01982308913665155	-0.025809273139677475	0.01126391310142221	0.013420571034489973	0.0183499153504352	0.0037553276240225304	-0.002304120883470353	-0.006495724961234393	0.020814976490397798	-0.031293649578676114	-0.008826087172789319	-0.019590795549181615	0.006234960277552817	-0.01650086848599055	-0.0052772263873172714	-0.01360167116627736	-0.007925253404098689	0.00807127544786272	-0.006988489691928332	0.0035224997551858467	0.006685712437700562	0.0035688078326972083	-0.005145465957865377	0.03189147646816588	0.015253840359122146	0.01475291035375904	0.005309937929891284	0.010358570122616192	0.007741651695182196	0.029080117896812044	0.017357794637554828	-0.003819430227811856	-0.01680415019354742	-0.004586051572196615	-0.002191746654439859	-0.0005284246456244493	-0.0	0.0	0.0	0.0	0.0	0.0	0.0	0.0	0.0	0.0	0.0	0.0	0.0	0.0	0.0	0.0	0.0	0.0	0.0	0.0	0.0	0.0	0.0	0.0	0.0	0.0	0.0	0.0	0.0	0.0	0.0
SRR21280927	0.30110480722556116	-0.0589256307035304	-0.016690905249972084	0.04339679424415374	-0.001771109033356361	0.0017782190457101275	0.009045270213590553	0.011842850209903387	0.012081353716710446	-0.0063832593690375415	-0.012353368759892368	-0.003067093615864988	0.007557910322453932	-0.007018151625828445	-0.005415927220554583	-0.001965142499236848	0.0011987350607024253	0.007261064130245029	-0.006373218141412296	0.00903631034261436	-0.0037581102263763246	0.007566048061793114	0.003681247338492799	0.0009560093512900026	-0.0026327739127996745	-0.003042675295224359	-0.004409533301641462	0.0009691837327548912	0.006985282661023973	-0.0047287542970769056	-0.0007207673666410568	-0.007904399687420986	0.0018807719263068073	-0.006257670443081466	-0.010364650106444917	-0.009871920097472195	-0.015348836123652851	-0.004664222504070539	0.006455694521704028	-0.006918529418197058	0.0025576755099899705	-0.0024753819845766767	-0.008570490973857574	-0.005753714028844903	-0.00731498359218959	0.016489851139040453	-0.004495101535345765	-0.002179988815964222	-0.0	0.0	0.0	0.0	0.0	0.0	0.0	0.0	0.0	0.0	0.0	0.0	0.0	0.0	0.0	0.0	0.0	0.0	0.0	0.0	0.0	0.0	0.0	0.0	0.0	0.0	0.0	0.0	0.0	0.0	0.0
SRR21281059	-0.11945119574619485	-0.17097736182335022	-0.11610918212955663	-0.09367694424245512	0.018269685491028403	-0.05174752707748447	-0.006393919375527538	-0.06504307373956866	-0.06453001069070471	0.023940571830634746	-0.030272738317155493	0.08604344257117708	-0.042288120663694494	-0.016325333232442715	-0.010005266422576362	0.07101516218748206	0.01795918921323656	-0.03923231970402123	0.022082946820369882	0.0018752804512567115	0.01637378346608693	-0.012297930463238732	0.04607523510096286	-0.04715496293067497	0.02010054705239327	0.016861157206050553	-0.0037561414345068976	0.022438837076361615	-0.038885556254650185	0.03264489313201444	0.006228786613990244	0.014892464234294371	0.012114280254465119	-0.015339134569327735	0.04322549276693826	-0.02394088896044754	0.01337232400960912	-0.01180532222269231	-0.014291213494557703	-0.0013816809200479017	0.0018897660479886122	-0.005879087066544511	-0.009701307003157942	-0.004747678842181813	0.0007144101029875386	-0.00258295435079968	0.0013563475689411788	-4.6159784306120764e-05	-0.0	0.0	0.0	0.0	0.0	0.0	0.0	0.0	0.0	0.0	0.0	0.0	0.0	0.0	0.0	0.0	0.0	0.0	0.0	0.0	0.0	0.0	0.0	0.0	0.0	0.0	0.0	0.0	0.0	0.0	0.0
SRR21281081	-0.2016518885603443	-0.11691409497678656	0.012930760370810831	0.05300788667302267	-0.022319427049867807	0.004538649313320534	-0.14967449738414762	-0.11248631768381458	-0.03243908586899542	0.01588832327212586	0.05478427283977232	0.14358069473150228	0.032319849527018274	-0.016763934591565745	0.017188597243464956	0.04385504135355998	-0.0661875808954529	-0.026683279426342226	-0.028689309744683186	-0.005194108989167813	0.03817006909046948	-0.030639326552632337	-0.009909149909713604	-0.01695360094006338	0.05654324871910686	-0.02568700361164385	-0.03792972113844193	0.033061357431879955	0.009452591623681665	-0.013635391775210838	-0.02202657351890264	-0.014378754689959892	-0.011558705672861188	0.005994098822834376	0.012784734872014489	0.023051264474885397	0.00809612375771927	-0.005413376909181606	-0.01114986728027991	0.003108349323289087	-0.013017596786071143	0.0031384797872935884	0.011918046654368939	0.0039847471961267445	0.00022995458121819463	0.0021642524284351088	-0.0010272430595192955	0.00038707464767397093	-0.0	0.0	0.0	0.0	0.0	0.0	0.0	0.0	0.0	0.0	0.0	0.0	0.0	0.0	0.0	0.0	0.0	0.0	0.0	0.0	0.0	0.0	0.0	0.0	0.0	0.0	0.0	0.0	0.0	0.0	0.0
SRR21281124	0.23925546911217846	-0.006773103205702136	0.045017373231792376	-0.07695713272981196	-0.018840805071477475	-0.0352640859302887	0.04230531951929564	-0.0573632786026856	-0.04815175322128125	0.0005862978584637238	0.005928323036249993	0.05058202857297216	-0.004873394498506079	-0.02822905977544107	0.016374943597122212	0.027039692961096738	-0.003817537765172005	-0.0029045064342391497	0.00934507386258689	0.007928220025747515	0.04657178009941909	0.01470720199878105	0.0031719913208797324	-0.02473701471836473	0.018925176813592733	-0.007395703319797069	0.011380789584962773	0.00909983393125654	0.0023286944619027865	0.008178129109213096	0.024767541334477776	-0.002974097701164127	0.026578179133047452	-0.02451769929317393	-0.006794285089791526	-0.020152057778463916	-0.0007623119655527301	-0.001580617380721949	-0.0019312421796677433	-0.018811880560665243	-0.013952604926283425	0.01838376522378188	-0.010874742548243548	-0.0035120411578453636	-0.004236986093806029	0.004662185324097549	0.002975192453395624	0.0004102376856299343	-0.0	0.0	0.0	0.0	0.0	0.0	0.0	0.0	0.0	0.0	0.0	0.0	0.0	0.0	0.0	0.0	0.0	0.0	0.0	0.0	0.0	0.0	0.0	0.0	0.0	0.0	0.0	0.0	0.0	0.0	0.0
SRR21281125	0.05991464583886091	0.23874606575808563	-0.11650663076853933	-0.07327192438260598	-0.045440233206113595	0.001741819293656886	0.06304813434282779	-0.05729463790641014	-0.02679529833681061	0.04728186373394852	0.041903495987124256	-0.01905507645024069	0.06725128752743047	-0.06211596134762531	-0.09573357733644368	0.05440619551801876	0.07942404661060108	-0.004014249778418215	0.04824472929294731	0.010264708439999222	-0.020176493041653313	0.04646095383881141	-0.00761206307299154	0.055495838284289147	0.025154829953562698	0.010259062726706366	0.008655148269356594	0.02668294213903802	-0.04390586935906818	0.02679048910386117	-0.03759482989166805	-0.02582702141480523	-0.026220167154401872	0.055468190004580926	0.013004407888055366	0.0023151785540530974	-0.002849162403634424	-0.0007051063609718058	0.005494362410496777	-0.004510547925468739	0.02007594372813447	0.008993640940895078	0.005124197444061619	0.00017326887853237843	0.0030026796412750377	-0.002204676391153433	0.0014494626873941341	0.0001456365971205153	-0.0	0.0	0.0	0.0	0.0	0.0	0.0	0.0	0.0	0.0	0.0	0.0	0.0	0.0	0.0	0.0	0.0	0.0	0.0	0.0	0.0	0.0	0.0	0.0	0.0	0.0	0.0	0.0	0.0	0.0	0.0
SRR21281126	0.20567785536873995	-0.023678218646845717	0.13278947647624878	0.20497735852017926	-0.013155563618982211	0.023084234066542787	-0.09939462373029433	-0.017389124979110465	0.047919005841755076	0.008078774740602753	0.024982703252091207	0.037407722334851776	0.0709649171353773	-0.01878340381664224	0.023738075689993785	0.03614085570925301	-0.007532174733409548	-0.006930358397239727	-0.009041083416819426	0.024141107552568118	0.026487426001644783	-0.02789329146723252	0.010107491865238568	-0.010487571169366265	0.00511383797182402	-0.01735883374629796	-0.016591898873884067	0.020738478138094107	-0.023682292719873346	0.025176401146669112	0.00917311208952108	-0.019973078152424356	0.004514451319245584	0.00046478798536126034	-0.007965109634555467	0.0030549924986975896	-0.005110268689564747	0.006971606734143376	-0.008266339513530629	0.025640428434967135	-0.01138365715425482	-0.0010576652820472718	-0.0027001811865618452	0.0016337583672815328	0.00631923927899164	0.0014991312499587626	-0.0005151107063397993	-0.0005200116598189439	-0.0	0.0	0.0	0.0	0.0	0.0	0.0	0.0	0.0	0.0	0.0	0.0	0.0	0.0	0.0	0.0	0.0	0.0	0.0	0.0	0.0	0.0	0.0	0.0	0.0	0.0	0.0	0.0	0.0	0.0	0.0
SRR21281127	0.023261521839263756	0.0280552712063983	0.18457292321430968	0.1557424537563053	0.09372175110734736	-0.02825048984772161	-0.14273770589632553	-0.014877023049627573	-0.054821166969143936	0.10638882940326434	0.07858043789533822	0.012562476230082845	0.08212521706470625	-0.018406239081064823	-0.020549667602233535	0.06752803512695438	-0.04616589088584455	-0.06840464348182591	0.04692964768771191	-0.02256208093201639	0.0028928322096115557	0.07766299654060872	-0.0250313353909717	0.06714376023804858	-0.03496296808818151	0.024164065575533702	0.016114693986940723	-0.03814216559619164	-0.05741684702335018	-0.03313032814368191	-0.012823920641930615	0.029688963652520037	0.04494987076308951	-0.038732419623261925	0.011910398390740002	-0.0020772439094940694	0.005628876868386811	0.0026741505387359774	0.01920227776145302	0.0070314579248806335	0.003857439546650635	-0.008678351320235936	0.009127802466652473	-0.0001829946281256481	-0.0027053741905267935	0.0005475089067636756	-0.0004182207380619726	0.00010072802262263132	-0.0	0.0	0.0	0.0	0.0	0.0	0.0	0.0	0.0	0.0	0.0	0.0	0.0	0.0	0.0	0.0	0.0	0.0	0.0	0.0	0.0	0.0	0.0	0.0	0.0	0.0	0.0	0.0	0.0	0.0	0.0
SRR21281128	0.11826164350664276	0.22624064336849545	-0.09693319668499593	0.1725241684350923	-0.04240837523868229	0.0395784413830108	0.0682944220299684	0.14610974581942132	-0.01539735707070338	-0.08463580047045406	0.07775222599913849	0.026347172871392637	-0.04328546758994097	0.011606806362740328	0.03597175799302403	0.015015963591722104	0.019331186060678313	0.011039699998422449	0.031081201682526465	-0.045185799877722296	-0.04298287617789396	-0.08477654007377004	0.0021324699333780143	-0.008676365055691044	-0.04795318939421967	0.018571870723936124	-0.004384184368865346	0.0132031217404875	-0.024628918174929185	-0.0011049420549112282	0.0035885579554763374	0.0017398713624939587	-0.03291851459991792	-0.007392403191326918	-0.0046521493555704155	-0.006983846587362894	-0.009363653064253727	-0.0021878166439593164	0.020708240501118663	0.01504475761141204	-0.018567360818097168	0.0027739966494478288	-0.0016479145285671934	0.001137704495177734	0.0010698846731714534	-0.0018224376820251999	0.0002663900588468504	0.0003106612705111026	-0.0	0.0	0.0	0.0	0.0	0.0	0.0	0.0	0.0	0.0	0.0	0.0	0.0	0.0	0.0	0.0	0.0	0.0	0.0	0.0	0.0	0.0	0.0	0.0	0.0	0.0	0.0	0.0	0.0	0.0	0.0
SRR21281129	0.2987434317047426	-0.05904105474833541	-0.014209903747254303	0.05443848154409884	-0.005351833341357729	-0.0002083710221369912	0.007339076204849714	0.022649178378896146	0.010396036258084933	-0.011745756775435936	-0.02207417942533198	-0.005036954170431533	-0.014426942022693892	-0.004330472273700108	0.013278810138421943	0.006198780436694383	0.007268661737906403	0.003814429014619461	-0.00013194202163862426	-0.008881123997433777	0.004749369236007785	-0.016078505372084887	-0.008288371947027027	-0.002593178568597227	-0.0013006690920429017	-0.003959294628963445	-0.006350635212458395	-0.020687236808631854	-0.007372476763192915	0.004700584607174962	-4.229321342172489e-05	0.01744471332680607	0.0017413157365662002	-0.023125240666865502	0.017633341275279137	0.009454200342637446	-0.0105895026692374	-0.0011715799530089038	0.030062874137212505	0.021590681636326357	0.005999028737171363	-0.01536896322522926	-0.004783075966560156	-0.012405834760561089	0.008776795878540999	0.0021766040276650768	0.0023249294185217475	0.0028669340871513216	-0.0	0.0	0.0	0.0	0.0	0.0	0.0	0.0	0.0	0.0	0.0	0.0	0.0	0.0	0.0	0.0	0.0	0.0	0.0	0.0	0.0	0.0	0.0	0.0	0.0	0.0	0.0	0.0	0.0	0.0	0.0
SRR21281130	0.29652309360768775	-0.0563363753747841	-0.010835800511061602	0.04352589976449953	-0.0038816974414319473	0.0020814048554391243	0.006382800145183056	0.020618398386917026	0.0066571180248069855	-0.007821819937662912	-0.005487688901844184	-0.012532667882602953	-0.002393392698809312	0.014047074402200667	-0.011083490316836375	-0.00520048142197054	-0.006782350026120198	0.0038034744026863247	-0.013812808327887366	-0.012044701723602374	-0.003708814582023786	0.011871448369879668	0.001906286904401841	0.010078708549091726	-0.026689114827799048	0.019958393603371264	-0.006368385620812661	0.010888685899460147	0.0003523281587775218	-0.00023679207742368605	-0.005785134054717927	-0.004955331425538428	-0.012296442313250932	0.014498170882044753	0.015513701486768951	-0.011405623282159537	-0.01267955414885693	0.005122741672126153	-0.005041161507075839	0.004600007666932771	-0.015146052778278612	0.0162337834408855	0.009524975923228367	-0.00629605221214226	-0.003720458258693501	0.004358440587991446	0.0030054301692285694	0.001448546657732597	-0.0	0.0	0.0	0.0	0.0	0.0	0.0	0.0	0.0	0.0	0.0	0.0	0.0	0.0	0.0	0.0	0.0	0.0	0.0	0.0	0.0	0.0	0.0	0.0	0.0	0.0	0.0	0.0	0.0	0.0	0.0
SRR21281131	0.22035216072906896	-0.0008171416682389077	0.06213776376588323	-0.11352953534880693	-0.019272213400316245	-0.02298473162997163	0.049010221262238335	-0.0619541643584541	-0.050772366747131786	-0.009012104524320295	0.037471097843575246	0.04415374611027493	0.03789788176180098	-0.04365378007204428	-0.013241603401626735	-0.003693150873151456	0.02156372216862724	0.022753470736187144	-0.009694699573395449	0.007542266202325485	0.01603971738854266	0.020859615102692873	-0.008944885821471462	0.014104657008389993	0.00531171857750847	-0.007527704197909007	-0.015834351852162434	0.021848720174768466	0.026387979614941003	-0.00493113056232732	-0.009945440441646141	0.010957362186281447	-0.03188185928498992	0.01584284812606636	0.00936959776284801	0.013950455439188048	-0.005980082351696021	-0.016332573556992993	0.012051762044569059	0.011957611736686238	0.0013326058627036196	-0.022799327286224445	0.007944082546911231	0.002556448531894793	0.002912767206470375	-0.0007841004958824478	-0.001512542945118479	-0.00014204428780799157	-0.0	0.0	0.0	0.0	0.0	0.0	0.0	0.0	0.0	0.0	0.0	0.0	0.0	0.0	0.0	0.0	0.0	0.0	0.0	0.0	0.0	0.0	0.0	0.0	0.0	0.0	0.0	0.0	0.0	0.0	0.0
SRR21281132	0.17079272070009782	-0.05699421277930012	-0.01877038074432893	0.044018172984052646	0.19857830159465217	-0.1369961001082985	-0.05885098717655154	0.07729734852936263	-0.027590590817813614	-0.05544804524503872	-0.018004404989484094	-0.0007722035715650925	0.028507274301911825	0.03453231868966534	-0.09432330339340632	-0.10957303584424861	0.02701444995050547	-0.030980425178241004	-0.037711110595113714	-0.021163139238071567	0.05946998769463684	0.006451163470715747	-0.038575207041540285	0.01143180942846485	-0.006719460123500328	0.060501154895891564	0.015581693030478303	-0.0007233411553125032	0.012503997800491325	-0.012269781547798937	0.012640635767287247	0.035731750605313854	0.00793186846762033	0.009796861845211682	-0.006378098397687641	-0.025997828811211526	-0.009011502216766682	-0.011066786671890417	-0.011076693826385677	-0.00900162443995719	-0.000899382300698041	0.010549148233022868	0.002933871437899183	0.002446546130378543	-0.0008228747843233351	-0.0013639735405594192	-0.000856389760983477	-7.733108096673238e-05	-0.0	0.0	0.0	0.0	0.0	0.0	0.0	0.0	0.0	0.0	0.0	0.0	0.0	0.0	0.0	0.0	0.0	0.0	0.0	0.0	0.0	0.0	0.0	0.0	0.0	0.0	0.0	0.0	0.0	0.0	0.0
SRR21281133	0.15137429080049272	0.01386428059829455	0.19196593715296023	0.08596441567156367	-0.023027579521067768	0.0031410526697046486	-0.07156335493549079	-0.027522341615093076	-0.006160391397194454	-0.001231467557470414	-0.027469033592110993	0.042504541189117284	-0.0044647184373278114	-0.008519882090041174	0.015999955497357877	0.028727288716812627	0.002476835740482643	0.028497974995467128	0.002707367576843186	0.06733772882758385	-0.08352107332759275	0.03357639807174294	0.015430488016765073	-0.048438259782577445	-0.046037231879770574	0.00431507684721792	0.01000066981423422	-0.015490596520793109	0.04425890749722346	0.0075355729352170235	-0.022389213755210163	-0.014859458706373622	0.02723792333245859	0.030290324213807757	-0.014034094220170063	0.0017471157611341477	-0.007071290312015305	-0.0027586550396946903	0.015353896949253282	-0.03073743186266978	-0.019739892221949086	-0.004140852009397315	0.008679535891406638	-0.0009731167265594049	-0.0015131217858591723	-0.001610051859847397	0.00024064672427566861	0.0006871528428856607	-0.0	0.0	0.0	0.0	0.0	0.0	0.0	0.0	0.0	0.0	0.0	0.0	0.0	0.0	0.0	0.0	0.0	0.0	0.0	0.0	0.0	0.0	0.0	0.0	0.0	0.0	0.0	0.0	0.0	0.0	0.0
SRR21281252	-0.08606931796412665	-0.04389648974900191	-0.03523925290144579	-0.09640689206402736	-0.13791014731605009	-0.01437203906418288	-0.012165004155744598	-0.14842205902006161	0.1612130776802544	0.011093484932951264	0.06233442022338411	-0.015689536081842592	-0.1023480278131842	-0.08765322962620165	-0.017408059128193026	-0.07920825391134358	0.010941687226125946	-0.06713535143657412	0.05435757339186771	0.009873929471699997	0.05474960078600118	0.0008615037462450754	-0.01997464160245752	0.019975724575882335	-0.047909258947610285	-0.01598506723548946	-0.010242866836590757	-0.002278009707146494	-0.011596582454509303	0.02379751282204766	0.013994814534733566	0.012082913580934492	0.017916290958248034	-0.0032428821144365153	0.009963395609459885	0.006037634741214057	-0.011505969563407652	-0.0047430913705421695	-0.013899874021864426	-0.015132927173278844	-0.010727647937169939	-0.007658049975319493	0.009814220957517508	0.0014553234565831729	0.0005170470749130278	0.0003580763439658171	-0.0013182611316226596	0.00021467706858706228	-0.0	0.0	0.0	0.0	0.0	0.0	0.0	0.0	0.0	0.0	0.0	0.0	0.0	0.0	0.0	0.0	0.0	0.0	0.0	0.0	0.0	0.0	0.0	0.0	0.0	0.0	0.0	0.0	0.0	0.0	0.0
SRR21281264	-0.22911335021141196	-0.06451143987959189	-0.024428875777226113	-0.09426473131684843	0.17929866641200673	-0.1346192270689165	-0.012201740925327036	0.004378646478490639	0.10465037908085002	-0.1864245166311807	0.102587594051189	-0.009025945338203379	0.007452159597836784	-0.02276647587331673	0.20928157456506022	0.1039498128804274	0.05905709467500229	0.07374027015696377	-0.04356926652671264	0.0071729146214192805	0.04469814130173799	0.017938807026425706	-0.004082780107578293	0.04805458232384759	-0.01383278332676419	0.002630915574119307	0.0159411291886288	-0.008289441964740607	-0.02688778101325561	-0.02167784725847565	0.022849119875428373	-0.030166641335455286	0.018727083302733944	0.025492141194703954	0.01735935768105897	-0.0017493479760767128	-0.005465043558258581	0.004001723237123145	-0.0006029615056677882	-0.008139569001945079	0.006878749312109985	0.002227080322641884	0.0002640190812772959	-0.001892158346012311	0.0003563169691479457	-0.00010865958060106933	-4.694943867948386e-05	-0.0001357765844773312	-0.0	0.0	0.0	0.0	0.0	0.0	0.0	0.0	0.0	0.0	0.0	0.0	0.0	0.0	0.0	0.0	0.0	0.0	0.0	0.0	0.0	0.0	0.0	0.0	0.0	0.0	0.0	0.0	0.0	0.0	0.0

Biplot	0	0

Site constraints	0	0
