Eigvals	15
0.4261551008861818	0.10174718683717313	0.07144659677244482	0.032161684237418144	0.019479000053313898	0.017203512120932362	0.009772872848880173	0.007073038475786376	0.0031238345965048896	0.0015751357660898479	0.000934907434842017	0.0	0.0	0.0	0.0

Proportion explained	15
0.6170143918754739	0.14731603231037202	0.10344491563623487	0.04656572689186606	0.028202932095016283	0.024908336301375043	0.014149785336814807	0.010240793844245803	0.004522885916122867	0.0022805814944235714	0.0013536182980547562	0.0	0.0	0.0	0.0

Species	0	0

Site	15	15
17N1	-0.2103358291875541	-0.04517956221047444	-0.04376858681669132	0.05851728106880921	-0.005071411281015069	0.024280052002229942	-0.005203473478422977	-0.03564098830867326	-0.008243071253931021	0.013086423113593018	-0.009180971134662244	-0.0	0.0	0.0	0.0
18N1	-0.15056854720828913	0.020839542200362198	0.006392371275038068	-0.024217157344974476	0.004877062112246896	0.003862461328892897	0.04330130260075763	-0.047513001802743725	0.003741078967963584	-0.00893409302397064	0.003908784089948324	-0.0	0.0	0.0	0.0
18N2	-0.20080522140592283	0.007760878066393813	-0.023194920143015673	-0.028769277686623247	-0.0028276623167832055	0.013844933335493994	0.006729190312074665	0.025738621527162955	0.007821399855082243	-0.016642206644010494	-0.020307826857975282	-0.0	0.0	0.0	0.0
18N3	-0.19577591816003523	0.01187043120208097	-0.03529284725996601	-0.004643581519534089	-0.014296056403353552	0.005052106088823527	-0.025279358403575085	0.006116656930756353	-0.008473701542444464	-0.019894307519424434	0.016400923167964952	-0.0	0.0	0.0	0.0
24N1	0.0006092283191142705	0.031760117008147744	0.08527771883141222	0.10498014376693585	0.08177011432595417	-0.02114193645668899	0.016128423892927183	0.012709242442486234	-0.007639930379611793	-0.0030747936725929927	0.0013308680396236358	-0.0	0.0	0.0	0.0
24N2	-0.20468225867362694	0.0002694213747052403	-0.03973177084705551	-0.022358621691446586	0.012224192912536456	0.03143136849371025	0.01064261701288544	0.04421290672743644	-0.0005738748438205918	0.019882525208211446	0.005299625952295249	-0.0	0.0	0.0	0.0
24N3	0.20075690381703234	0.03475783847802315	-0.030111947219333114	-0.044827179269099605	0.04104649748378962	0.07615183485368295	0.0017174793227898054	-0.01158288663362211	0.005510662362828502	0.003447583275081103	0.005654993118769733	-0.0	0.0	0.0	0.0
25N1	0.2663626220709484	0.03032017791252435	-0.03153269607481143	-0.04704671021848151	-0.004429692294988798	-0.03788180409347415	0.05093692999741409	0.0050724540997449975	-0.007137598442156834	0.0018256509591195774	-0.003142083235747414	-0.0	0.0	0.0	0.0
25N2	0.2055341271158908	-0.03300407496086245	-0.0700641421378091	0.06264613764534605	-0.05415727540258659	0.010442559965153777	-0.015204990274396132	-0.005907429890460066	-0.005646795271761233	0.0019408511123908299	-0.002061884860972813	-0.0	0.0	0.0	0.0
25N3	0.08134701945640294	0.08298962647844207	-0.033027031220479404	0.02802021165095414	-0.04931732982568041	-0.012345584857000186	0.009814264627105126	0.015962954180171282	-0.020095121798076623	-0.0024525008346459954	0.002540578385852642	-0.0	0.0	0.0	0.0
26N2	0.21129192602324512	0.03943994537559027	-0.022648980420992646	-0.025652007825997126	0.04810954236120687	-0.005377828323184875	-0.05482597282815449	-0.005653983511538081	-0.002138806710408659	-0.004858404972224305	-0.006583578162765869	-0.0	0.0	0.0	0.0
26N3	0.09539603169898113	-0.2854296276135379	0.02874212412466901	-0.009850443586116538	0.0021713883652123606	-0.010073681341001511	0.004360378662082106	0.008261917094880836	0.004440549709263769	-0.0038527374056917937	0.003041429755186028	-0.0	0.0	0.0	0.0
27N1	0.012240024444731384	0.05698457428420456	-0.030253608626593202	0.03605658084214578	-0.017007348251964045	-0.03590722357398652	-0.005827154790261477	0.0011789625433262165	0.04685075654250464	0.0038176317549258524	0.004024063713166828	-0.0	0.0	0.0	0.0
27N2	-0.15182755713830282	0.0060150509158983356	0.019385822514809446	-0.06751205508967223	0.008242737196162406	-0.07184115673466912	-0.026827973688878955	-0.01333088808055446	-0.01047295152851844	0.01260542747000278	0.0006125008636938287	-0.0	0.0	0.0	0.0
27N3	0.04045744882738451	0.040605661488502184	0.2198284940208185	-0.015343320742245974	-0.051334758980736674	0.029503899312017804	-0.010461662964347019	0.0003754626816258921	0.0020574043330884194	0.0031029511792356147	-0.0015374228343755713	-0.0	0.0	0.0	0.0

Biplot	0	0

Site constraints	0	0
