Eigvals	68
7.722391718012123	1.713528413325784	0.5585136096545961	0.3963394188025944	0.21683157800435712	0.20224492395399954	0.18020791573487546	0.10788944043783252	0.09248941238681577	0.07971341421853365	0.056078777751418646	0.04427823344598056	0.034773309311732364	0.0337303307091113	0.023953517342255426	0.0207852047268951	0.013811727309557598	0.013540166237945545	0.011386470689550121	0.008680728690100975	0.006054818402393941	0.0048882198676149236	0.004100196469340761	0.0032455057862032233	0.002941890649684642	0.0019205472274493318	0.0016951802133510496	0.0014096951098078736	0.0008634341564136663	0.0006671289090184242	0.0006421158479098749	0.0004298923604629673	0.00034810005095733476	0.00027873185206562004	0.00019873451475962674	9.455676414881343e-05	0.0	0.0	0.0	0.0	0.0	0.0	0.0	0.0	0.0	0.0	0.0	0.0	0.0	0.0	0.0	0.0	0.0	0.0	0.0	0.0	0.0	0.0	0.0	0.0	0.0	0.0	0.0	0.0	0.0	0.0	0.0	0.0

Proportion explained	68
0.6679722412575798	0.1482169587484233	0.04831036824299774	0.03428260823117701	0.01875552036516892	0.017493802447423296	0.015587643020622136	0.00933223202977283	0.008000158803200574	0.006895059186087789	0.004850707945082515	0.003829983237557328	0.0030078253221373914	0.0029176096505920705	0.002071933832078051	0.0017978807982555604	0.0011946882239973454	0.0011711987062071616	0.0009849081248717608	0.0007508665722500223	0.0005237303113258585	0.00042282175004340345	0.00035465922025605076	0.00028073009673519486	0.0002544679631079915	0.00016612369364378665	0.00014662987424044906	0.00012193595408944227	7.468541738082795e-05	5.770538569357527e-05	5.554180333470324e-05	3.7184874065398824e-05	3.010999437874975e-05	2.4109776702971456e-05	1.7190158708162162e-05	8.178980810728168e-06	0.0	0.0	0.0	0.0	0.0	0.0	0.0	0.0	0.0	0.0	0.0	0.0	0.0	0.0	0.0	0.0	0.0	0.0	0.0	0.0	0.0	0.0	0.0	0.0	0.0	0.0	0.0	0.0	0.0	0.0	0.0	0.0

Species	0	0

Site	68	68
ec1441	-0.010650885079278399	-0.3790772950078284	-0.26734207528740284	-0.26397028435717773	-0.06973624228432788	-0.00693392122047813	-0.175801002453913	0.009909538083708005	0.08088740473724274	0.01867350443516767	-0.04190119264178558	0.0273657371194613	-0.010461431212903178	-0.01510417172001145	-0.024573265993931878	-0.006596823197246496	-0.010855948200382748	-0.012639512108683843	0.00783849945709244	0.006084365148358036	-0.002823433607775591	-0.0008869492770918779	-0.0029483414550145535	-0.0032596245930341826	0.00015707985333741578	-0.00048212634133388616	-0.0005295718677274843	0.0004757186415788207	-0.000375112251920079	7.570366154666892e-05	0.00020756029847116713	0.00023069245524613352	-0.0006429092395216869	2.7718544364579683e-05	0.0002489518328722691	0.0001746475155694116	-0.0	0.0	0.0	0.0	0.0	0.0	0.0	0.0	0.0	0.0	0.0	0.0	0.0	0.0	0.0	0.0	0.0	0.0	0.0	0.0	0.0	0.0	0.0	0.0	0.0	0.0	0.0	0.0	0.0	0.0	0.0	0.0
ec1442	-1.0947242953598113	0.03017157048287968	-0.0553744124058686	0.1068529319802058	0.018271549134138924	0.042492403964517096	-0.09077576258529241	0.01321296417024275	-0.03613155513076308	-0.015833337206069994	0.002953339032523914	0.01448428863182879	-0.008811587887929129	-0.0013686405188944226	-0.017741570336013965	0.008129383928815898	0.012448791612556877	0.0034313976440034197	-0.00854201777010563	-0.003033794283192645	-0.0007043341092427648	0.0007700924779771754	-0.0018027958049235153	-0.0021313127940847726	0.002992403750691073	0.002105436066213309	-0.0023075795947485782	-0.0014939970937472764	0.006941585862060774	0.0028812540635398554	-0.005993949472107788	-0.0007886699066738373	-0.0008062340403646517	-0.002835591704648559	0.001512071945229742	0.0022712885855039468	-0.0	0.0	0.0	0.0	0.0	0.0	0.0	0.0	0.0	0.0	0.0	0.0	0.0	0.0	0.0	0.0	0.0	0.0	0.0	0.0	0.0	0.0	0.0	0.0	0.0	0.0	0.0	0.0	0.0	0.0	0.0	0.0
ec1444	0.1409954994146574	-0.0010278650054350716	0.03469139984264176	-0.04178420581119227	0.051642076185802556	-0.020326401871023914	0.028899725213144118	0.043763356269723365	-0.006426416012693332	0.05377778735743972	0.035123795000887935	0.0018271615268741351	-0.01476421620691637	-0.003468916313630063	0.018626707609199503	0.004721846936458764	-0.0028234589441872584	-0.013820013940296439	0.008408814607886934	-0.022952143422317803	0.012789440372239459	0.007583297650648236	-0.019991537740590072	-0.004375542315033229	-0.01127900731324719	0.012164092509920238	-0.005733995416570635	-0.002835504663485751	-0.000500539041277232	-0.0026539411639793487	0.0015930500742605228	-0.0005533373113487369	-0.00217231130185268	-0.0008067570330817699	0.0016745102504179613	-0.00018733572674333858	-0.0	0.0	0.0	0.0	0.0	0.0	0.0	0.0	0.0	0.0	0.0	0.0	0.0	0.0	0.0	0.0	0.0	0.0	0.0	0.0	0.0	0.0	0.0	0.0	0.0	0.0	0.0	0.0	0.0	0.0	0.0	0.0
ec1445	-0.9755861766719932	0.08172192309466965	0.01749587881061593	0.06145385419052185	0.026077111474156072	-0.001701793320811346	-0.013129192005984384	-0.061815003252574656	0.01269702508412608	0.019517057256251098	-0.026303537996306612	-0.07323930813195767	-0.009408328741596948	-0.009304703910207365	-0.009204755633953213	-0.0364149344877945	-0.028426408400674976	-0.015493232446889174	0.011996779128757218	-0.003613344179467299	-0.005033336215263832	-0.003932711104304461	0.0004208113009379522	0.00319736570451496	0.0012383017378207089	0.00135399580945278	0.0002522728900826396	0.0003313583716563207	-0.0008403190018145543	0.0011174756248600204	-0.00018092953806799625	-0.00060274985232685	-5.094860898902937e-06	-0.0005000580258055444	-2.1995815468230684e-05	-8.153389779982462e-05	-0.0	0.0	0.0	0.0	0.0	0.0	0.0	0.0	0.0	0.0	0.0	0.0	0.0	0.0	0.0	0.0	0.0	0.0	0.0	0.0	0.0	0.0	0.0	0.0	0.0	0.0	0.0	0.0	0.0	0.0	0.0	0.0
ec1446	-1.0146256854517246	-0.03634763802571913	-0.08461025293877804	-0.008849766677188373	0.015967900087114236	-0.014752974708601865	-0.03460663315586866	0.021960354031505334	-0.03259265817561626	-0.04213755395443296	0.03495689611199761	0.007081964211805752	0.05525229217186413	0.024166541736664937	0.05208108711079881	0.0007781860407204572	-0.006005768796717473	-0.012448021596881121	0.01603072133496975	0.005276622032928825	0.003687253059804192	0.003915554361407407	0.0034955824358345483	0.002634152778642664	0.0014931395304148818	-0.0009232755066904671	0.000812476926508827	0.0003003806083173326	-0.001154366078900992	0.0007315116138413053	0.0001587857844053814	0.000426531281503038	0.0004560677473595046	-8.372738082953812e-05	-0.00012135625317315828	0.00020464635181858176	-0.0	0.0	0.0	0.0	0.0	0.0	0.0	0.0	0.0	0.0	0.0	0.0	0.0	0.0	0.0	0.0	0.0	0.0	0.0	0.0	0.0	0.0	0.0	0.0	0.0	0.0	0.0	0.0	0.0	0.0	0.0	0.0
ec1449	0.0334379843883105	-0.36222548607252697	-0.23266017443167447	-0.09966020626878151	0.026014434302174386	0.013647522050286326	0.012461286592083431	-0.03784827251276663	-0.15737498182346552	0.029262898946846676	0.0746492409247682	-0.023404366142988693	-0.03262648070063613	-0.030567994157954463	0.0299066150888605	-0.043284666245589125	0.009400797732435014	0.01422918151129854	-0.014433410794089758	0.0031227250737815068	0.007364685708499451	-0.004539629533889928	0.0036999113257710752	0.0039403551827821475	-0.0038080230869917604	-0.0005667869782025073	0.002786995861647923	0.0012858938602404242	0.0018756184838048572	-0.0013706897112809487	-3.847519638914881e-06	-0.0006769299318515072	0.0007506835609260475	-6.872018398239618e-05	-6.288301657267624e-05	-4.476485268086535e-05	-0.0	0.0	0.0	0.0	0.0	0.0	0.0	0.0	0.0	0.0	0.0	0.0	0.0	0.0	0.0	0.0	0.0	0.0	0.0	0.0	0.0	0.0	0.0	0.0	0.0	0.0	0.0	0.0	0.0	0.0	0.0	0.0
ec1450	-1.0933751465567647	0.029817431716074063	-0.054572223324387305	0.10539588284238366	0.018685766252287715	0.041216440499665774	-0.08994811513852188	0.0127265970388058	-0.03626032767203684	-0.01606926586919504	0.003618379769491924	0.01541822648477882	-0.009912146168386935	-0.0007224473591100349	-0.018256762985942827	0.008185051998024558	0.010551081830192125	0.005246627454290735	-0.007859123143651886	-0.002540580354825398	-0.0025116064873168713	-0.002460324252913774	-0.002933015644159689	-0.0004691746487184607	-0.0024065439710349973	-0.0014532006691090837	0.0010626381870116747	0.000955942760924517	-0.005729812647464619	-0.0037932606882295004	0.005814684810923678	0.0006305213693811324	0.0005467551375767566	0.0032240126684357287	-0.0016601906886013135	-0.002396094972233531	-0.0	0.0	0.0	0.0	0.0	0.0	0.0	0.0	0.0	0.0	0.0	0.0	0.0	0.0	0.0	0.0	0.0	0.0	0.0	0.0	0.0	0.0	0.0	0.0	0.0	0.0	0.0	0.0	0.0	0.0	0.0	0.0
ec1452	0.16790318325260006	0.07845486577312759	-0.020784871343965797	0.00710155991935899	0.003134446043582855	-0.028411050931547895	0.010776848561715183	0.005756654445545352	-0.015124185782765798	0.02726432196429006	-0.006530327030617396	0.004026162901012864	0.02103477909138368	-0.0025526583216214423	0.011393617215757507	-0.0035200804641985976	0.0003396496485079933	0.009437589037572053	0.005361933915091158	-0.008319755594765254	-0.006342867577278037	0.012057241073193947	0.008505761722473696	-0.010267569511600096	0.004508311688238356	-0.01736225148531415	-0.0002891881679408267	0.006963622685672976	0.00578946911307516	-0.001437376810522516	0.004286680293251655	0.004914955738016166	0.004158919763028393	-0.0012416776208901744	-0.002658719960449564	0.0001638499309533986	-0.0	0.0	0.0	0.0	0.0	0.0	0.0	0.0	0.0	0.0	0.0	0.0	0.0	0.0	0.0	0.0	0.0	0.0	0.0	0.0	0.0	0.0	0.0	0.0	0.0	0.0	0.0	0.0	0.0	0.0	0.0	0.0
ec1453	0.17314349557828546	0.10202927014615966	-0.038746505695393556	0.031039925172336964	-0.006618962288851037	-0.004644660403274871	0.004121777591081987	-0.016283258363201606	0.002325542310000163	-0.010428278709616018	-0.005076482709413034	0.009923846891752366	0.0021009118458028163	-0.013851170347266701	0.006572762475730326	-0.00955903247293599	0.004347363501289979	-0.004278096576533375	-0.0023934250526488478	-0.005623563078298567	0.003622386926300109	-0.008378715209835378	-0.003959583070264587	0.008429655262401033	-0.0073407573521061375	0.002332740390194485	-0.008489041050158803	0.0038350321011382965	-0.0009406420687105545	0.00038905809762066005	0.0024965080813031306	0.0020935625364579213	0.0069436008921118925	0.0026789284763737405	0.00042142121651683447	-0.0031521585712213683	-0.0	0.0	0.0	0.0	0.0	0.0	0.0	0.0	0.0	0.0	0.0	0.0	0.0	0.0	0.0	0.0	0.0	0.0	0.0	0.0	0.0	0.0	0.0	0.0	0.0	0.0	0.0	0.0	0.0	0.0	0.0	0.0
ec1454	0.17289998312221763	0.10240319072976574	-0.04565448619705631	0.04015358107081348	-0.007788200119986304	-0.008232937205466553	-0.0015261338596899252	-0.018676843524283084	-0.006661569222890032	-0.0037083247645016033	-0.017548521170309878	-0.003870026694992146	0.007012639291409003	-0.01279653559862445	0.003748774913112003	0.010128940029898944	-0.014557985761310977	-0.0007263872392246984	-0.011556200610596113	-0.011290985454670523	-0.000929740958954701	-0.003100354798182212	-0.0023461736792526333	0.013127232153672713	0.009547279429797351	0.0013491287431727532	-0.0010099838206108593	0.0014176830017952112	-0.004726968418155443	0.002111324807582988	0.001530939030113047	0.007619626770656177	0.0006373631109911405	-0.0036560143734393263	0.0006865613137706213	-0.0013221128518331822	-0.0	0.0	0.0	0.0	0.0	0.0	0.0	0.0	0.0	0.0	0.0	0.0	0.0	0.0	0.0	0.0	0.0	0.0	0.0	0.0	0.0	0.0	0.0	0.0	0.0	0.0	0.0	0.0	0.0	0.0	0.0	0.0
ec1455	0.16648671075790342	0.06646285168931786	-2.63437450066631e-05	0.020086958750258788	-0.0009770336922378566	-0.009098064333399741	-0.010506700862145054	-0.010749043596004584	-0.015667856267433153	-0.011594828795769917	-0.0073699283944764415	-0.0016310681208346214	-0.014952422844795641	0.008083253051254001	-0.01061344039435352	0.020022164582239196	-0.003348984692416598	0.0004797169227865226	-0.002308409647639266	-0.012184779236154918	-0.006242525388086075	0.011427300353482602	0.005799243012443246	5.57620667736622e-05	0.0024566516389188824	-0.0021012012330418987	0.006198442402740203	0.013216286240626245	-0.0024800582695502934	-0.0041288245346288365	0.002636140797925981	-0.010308718864795582	0.0005704627617263998	-0.004701325858244488	0.001197496249172912	-0.0021306666469837494	-0.0	0.0	0.0	0.0	0.0	0.0	0.0	0.0	0.0	0.0	0.0	0.0	0.0	0.0	0.0	0.0	0.0	0.0	0.0	0.0	0.0	0.0	0.0	0.0	0.0	0.0	0.0	0.0	0.0	0.0	0.0	0.0
ec1457	0.16621554728721588	0.014402315025255888	0.0690317061066491	0.014432930893338513	0.013272046605796929	-0.023849294583874445	-0.0080081068792165	0.030176787098063748	-0.019035313763922337	-0.010774665964701443	-0.0045779188367331336	-0.02190270703425703	0.011858866528097513	0.027801607503473384	-0.00013338984984731858	-0.01362621033781738	0.003978540642240594	0.004051004960621258	-0.008100246802776673	0.031235120231299218	-0.0022177888445170228	-0.010248453473947434	-0.013079449382060102	-0.010097665881650326	-0.0006778469919975473	-0.007341881603891154	0.0063532145479278535	0.004096369125698003	-0.0009074764546798627	-0.0018014690723817915	-0.0009946432903058075	-0.0027129432458991277	-0.003922547216180361	0.00114094535409379	0.0007047416728181976	5.643686010374141e-05	-0.0	0.0	0.0	0.0	0.0	0.0	0.0	0.0	0.0	0.0	0.0	0.0	0.0	0.0	0.0	0.0	0.0	0.0	0.0	0.0	0.0	0.0	0.0	0.0	0.0	0.0	0.0	0.0	0.0	0.0	0.0	0.0
ec1460	0.09978315233068753	-0.18331913802037078	-0.07578447194826815	-0.21239966149135828	0.08218367735950659	0.035447310219677126	0.0027093613356950815	-0.054768322804452554	0.010904357220315462	-0.05767033757326464	-0.05073536366775762	-0.0035701072607991695	-0.050486981935123534	0.03053672492368869	0.03204105855132183	0.03249925172023371	-0.02748110182383625	0.00951474134146436	-0.009997981737503608	0.002032302392168659	-0.001427625996997864	0.009166573100026453	-0.001611031651360838	0.0005576420891367019	0.0003382964988647146	0.0017345565616805304	-0.0006329827669581173	-0.003823846879826751	-0.0006212711198511182	-0.00023863345088051538	-0.0007613912247210669	-0.00016560008190447744	-0.0001007182550629651	8.507740473425362e-05	0.00017428467271927666	-0.0002747059880213547	-0.0	0.0	0.0	0.0	0.0	0.0	0.0	0.0	0.0	0.0	0.0	0.0	0.0	0.0	0.0	0.0	0.0	0.0	0.0	0.0	0.0	0.0	0.0	0.0	0.0	0.0	0.0	0.0	0.0	0.0	0.0	0.0
ec1461	0.1504781247923914	0.08550192943771835	-0.019367394434333177	-0.013346268136279014	-0.0324346686969991	-0.029318277680445058	0.0011248220115047558	0.014424020344225843	0.024240508745616125	0.01297200708728609	-0.015083671995972728	0.006625457931987156	-0.007258166247896629	0.027205394096494844	-0.004064237181838984	-0.02796890293804108	0.019421659525905705	-0.010381410696846024	-0.025838944804017105	0.0025364237445839326	0.016498989354685925	0.01763188344578573	0.017003936133658352	0.009809041490356558	0.006244059710965185	-0.0027308667197357256	0.0010521246194416512	-0.003023091724316692	-0.003459337515721043	-0.0020202617645882683	0.0009305673193886933	-0.0001959783154511189	-0.001823783655897741	-0.0007934459026143649	-0.0007688692845930393	0.0009476560909095521	-0.0	0.0	0.0	0.0	0.0	0.0	0.0	0.0	0.0	0.0	0.0	0.0	0.0	0.0	0.0	0.0	0.0	0.0	0.0	0.0	0.0	0.0	0.0	0.0	0.0	0.0	0.0	0.0	0.0	0.0	0.0	0.0
ec1462	0.18431109721893932	0.1170143247881982	-0.033911418331662946	0.03549008494591501	-0.0005040319510114855	-0.023231434016988493	-0.011111118752610878	-0.0011850859003298634	-0.017315972288200084	0.01590113599846639	-0.03929019854377074	-0.006336799944997147	0.015601423935166262	-0.012597305931486702	0.004541181534632463	-0.007532628970712156	0.016736368402340586	-0.015607365376934327	-0.02311371696903264	0.022979296382512716	-0.0002961573213709328	0.004800670630257334	-0.004893442499760971	-0.00695686771063622	0.010515707997446543	0.004527340218490182	-0.006969491043326205	-0.001825371268893541	0.005640710981494693	0.003708244002593551	-0.004071808109843115	-0.002411700741709359	0.0010446907686875405	-0.0009963192861720195	-0.0009209361857764303	-0.001826646089365661	-0.0	0.0	0.0	0.0	0.0	0.0	0.0	0.0	0.0	0.0	0.0	0.0	0.0	0.0	0.0	0.0	0.0	0.0	0.0	0.0	0.0	0.0	0.0	0.0	0.0	0.0	0.0	0.0	0.0	0.0	0.0	0.0
ec1463	0.1635857306070004	0.07319628268360648	-0.04599591616924267	0.03669953828034469	-0.004631893600611129	0.09077402671660473	0.03104191212094821	0.05957362621148499	0.03691366955545605	0.03265867839490481	0.00637055580246112	-0.03665363941960973	0.016205804090970728	0.034295182053546744	0.003876558813906263	0.009266959896796798	-0.03709104269724178	0.008475708752733945	-0.01265600139562643	0.01667828408615539	0.001739822259767697	-0.0053854927627311365	0.0012722184024996199	0.005976112460281384	-0.010940101907747904	-0.0034866884637734224	0.0007834954829847767	-0.00011708343737816047	0.0015273107468055645	-0.001340410251349006	9.05668796765082e-05	-0.002592278794389177	0.0006697717477077878	-8.799359156761955e-05	1.9817823468154342e-05	-0.0003417728162096395	-0.0	0.0	0.0	0.0	0.0	0.0	0.0	0.0	0.0	0.0	0.0	0.0	0.0	0.0	0.0	0.0	0.0	0.0	0.0	0.0	0.0	0.0	0.0	0.0	0.0	0.0	0.0	0.0	0.0	0.0	0.0	0.0
ec1468	0.10580537823224978	-0.012793748926460442	-0.03333439898284975	0.007853969362522363	0.04583515386588277	0.18344851994785136	0.07820687804260373	8.165410443772769e-05	0.09197299330821128	-0.037924523871721516	0.0062304934066314405	0.048384073403549104	-0.025725316913579974	-0.052330165736958534	0.011633163104119723	-0.05210828030523113	0.005410310752947017	0.0034950223776834986	0.010300886680841571	0.005157467475294503	0.003483915014076592	-0.009606631048259283	0.009286521593747378	-0.005871553249620173	0.005571431037953036	0.003490804179688722	0.005664848363374564	0.003336073009072577	0.0015248057164175795	0.000411336211944419	0.000690173992813669	-0.0001254420633612378	-2.780520553104026e-05	-8.672839645426146e-05	0.0004929912045424395	8.27540533403596e-05	-0.0	0.0	0.0	0.0	0.0	0.0	0.0	0.0	0.0	0.0	0.0	0.0	0.0	0.0	0.0	0.0	0.0	0.0	0.0	0.0	0.0	0.0	0.0	0.0	0.0	0.0	0.0	0.0	0.0	0.0	0.0	0.0
ec1469	0.044833690267333456	-0.3088327621170301	0.12492166954702079	0.10254746779815978	0.03479614799209363	-0.04591754505823604	0.008865564522902335	-0.03725556808744735	0.021302084616810303	0.042559568489563375	0.00538165443389349	-0.007041764243292643	-0.014996083504099108	-0.014461980866774143	0.025741451842067532	-0.015318537403650103	-0.041228500769538455	-0.019627692545661612	0.022406467149435134	0.0008183116205008543	-0.026534773564745782	0.004907728012382379	-0.003065915520615506	0.005118330558995913	0.008475410667261658	-0.003096841648751987	-0.005264713654276101	0.001205129592062096	-0.0009647199933781357	0.001214180957023921	-0.0022368505026966337	4.718762741392339e-06	-0.00039637557209891194	-0.0006722568054203186	-3.6204671676562284e-05	-4.0062421254858216e-05	-0.0	0.0	0.0	0.0	0.0	0.0	0.0	0.0	0.0	0.0	0.0	0.0	0.0	0.0	0.0	0.0	0.0	0.0	0.0	0.0	0.0	0.0	0.0	0.0	0.0	0.0	0.0	0.0	0.0	0.0	0.0	0.0
ec1470	0.15841136090341953	0.04574563644985827	0.025822145014404257	0.0015455284626336157	0.003142378089838386	-0.011526515424995356	-0.00437605870450678	0.015987940282191478	-0.027448641578369196	0.0077117747553962215	-0.006397423323251086	-0.006040835449498804	-0.012749217176459738	0.017843611124743374	-0.002489509625504013	0.006986103434832027	0.002399572567404549	-0.0032011902648957694	0.0005024978828838106	7.948556990278539e-05	-0.015279980112719633	-0.003949701166112351	0.014781361451146311	0.00506772341630471	-0.02127823965986326	0.010115490484031927	0.007290329832221794	0.010746258740584597	0.0030306534665571123	0.008406560146782363	-0.000524849536471642	0.004366016516704236	-0.0019875647688104604	-0.00016678068470379746	0.0005652644014902028	-0.0002455277232256097	-0.0	0.0	0.0	0.0	0.0	0.0	0.0	0.0	0.0	0.0	0.0	0.0	0.0	0.0	0.0	0.0	0.0	0.0	0.0	0.0	0.0	0.0	0.0	0.0	0.0	0.0	0.0	0.0	0.0	0.0	0.0	0.0
ec1471	0.026283235450585193	-0.36153608151456806	0.05476506119974586	0.19125160110702774	-0.021864660691401534	-0.03711138109549544	-0.03337379644482579	0.025812889509332984	-0.0491565679414168	-0.020422886680479847	0.007958736424739926	0.0987029853109296	-0.02744051973632227	0.006363538028692262	-0.03311426840234208	0.005344738741327248	-0.018210259636152533	0.02691566656390522	0.008445875803252328	0.004002424838570073	-0.0022644027759022435	0.004335630585830439	-0.00035272691167492374	0.00026832103595443016	0.0026520210071622925	-0.0023589987961796437	-0.00225233093563574	0.0006005809604627845	-0.001273825836918656	-0.00021961964240333482	0.0006084313082485376	0.0007975329190413415	-0.0008197496152023059	-0.00025898847537507126	0.00043632209833947204	0.00028198073668511263	-0.0	0.0	0.0	0.0	0.0	0.0	0.0	0.0	0.0	0.0	0.0	0.0	0.0	0.0	0.0	0.0	0.0	0.0	0.0	0.0	0.0	0.0	0.0	0.0	0.0	0.0	0.0	0.0	0.0	0.0	0.0	0.0
ec1479	0.008541073334744706	-0.2532220766834537	-0.19792469758381237	0.1931180836695802	-0.06076791722977972	0.24748727742955307	0.047141432148883805	0.07906809546200456	0.030225710923524492	0.07082183775378074	-0.026398775447895272	-0.02033005593749057	0.02207005588934907	0.018827160083943705	0.009332162874941546	0.026897384792961228	0.006186805075516824	-0.0012045020975087538	0.004966212043208509	-0.003959028425499085	0.002890441079236401	0.006635928362811399	-0.0002083482448195333	0.002160092963173655	-4.5667648683366044e-05	0.0004959098690576781	-0.0014290814024960083	-0.0013287948819871488	3.808362032318287e-05	0.0001950198399230063	-0.0002588911558113637	0.0002661821673977805	0.00022556802504645847	0.000207977770114906	-0.00024892384796749306	-3.213325314683502e-05	-0.0	0.0	0.0	0.0	0.0	0.0	0.0	0.0	0.0	0.0	0.0	0.0	0.0	0.0	0.0	0.0	0.0	0.0	0.0	0.0	0.0	0.0	0.0	0.0	0.0	0.0	0.0	0.0	0.0	0.0	0.0	0.0
ec1489	-0.3078242185545923	0.28402631802052714	0.04349891869574309	-0.05808960559627795	0.04973822460960316	-0.018441333365173396	-0.028964459553065636	0.07938395971826286	0.01570521764324265	-0.024904564839142544	0.06301441923874011	-0.010376009782905576	0.007577583805073558	-0.04250636152937365	-0.019829530013729738	0.010255310873999631	-0.01088606558211782	0.0009343327995023263	0.013290447739173714	0.009788092202397283	0.006122668843108087	0.0033035053966673817	0.0025880334892117015	0.0020021412084803617	0.00209742486900622	0.0018381153230806406	0.00023174774722591542	-0.0011082276391747084	0.00043480965345813957	-0.000520475489005352	-0.00026424496216391333	-0.0002589732755513859	-0.0003624378863816279	0.00017433300170046956	0.00010415731291341413	-4.6525161728551334e-05	-0.0	0.0	0.0	0.0	0.0	0.0	0.0	0.0	0.0	0.0	0.0	0.0	0.0	0.0	0.0	0.0	0.0	0.0	0.0	0.0	0.0	0.0	0.0	0.0	0.0	0.0	0.0	0.0	0.0	0.0	0.0	0.0
ec1490	0.1695733391274711	0.09846265301563623	-0.0431461307388955	0.029510067159190995	-0.0027332072117795614	-0.01003966474226283	9.083443797591962e-05	-0.025166347972049863	-0.0050479075521180075	-0.007017987600264836	-0.007124883477679387	0.0017098005336825476	0.008281146365143774	-0.017313220200099427	0.0044461469683491975	0.004960842699086114	-0.009474280200513148	-0.0010357868615187631	-0.0015577788056635143	0.004615907020284571	0.0008603752461373952	-0.008669528060784214	-0.001639055691104663	0.008497618097186037	-0.0013812878149148447	0.0009733235517397993	-0.005928424030567871	0.004146615365198964	0.0016293291356550845	-0.0003262302371938771	0.004969596506536067	-0.004016281659331959	-0.003910612574219495	0.0032604185139304058	-0.0073350842962245175	0.003961662681411856	-0.0	0.0	0.0	0.0	0.0	0.0	0.0	0.0	0.0	0.0	0.0	0.0	0.0	0.0	0.0	0.0	0.0	0.0	0.0	0.0	0.0	0.0	0.0	0.0	0.0	0.0	0.0	0.0	0.0	0.0	0.0	0.0
ec1492	0.16165722878277689	0.06940869348082691	-0.014495293942161345	0.017656219832287504	-0.0075554762263662836	0.00696027084778758	0.003078271401289262	-0.011586816607883455	0.009184980312102109	-0.02489234131991959	0.010026070531561926	-0.0026695062160730135	-0.02350481877168748	0.02175124164404416	-0.007847439232309609	3.070567308240917e-05	0.0010837352930688556	0.009341713633390996	-0.016748995614497955	-0.021240727675625355	-0.00033263056996114517	0.01703068040019416	0.010727942377605153	0.000767543005896595	0.006296103111336183	0.003697871434214291	-0.008747129642078666	0.007974775572684426	-0.004550963871172109	0.0010224145032683922	-0.0014996060027791989	-0.00015273892761365025	-0.004206008329094815	0.0043978665967991815	0.00181340921654365	0.0013066141281620725	-0.0	0.0	0.0	0.0	0.0	0.0	0.0	0.0	0.0	0.0	0.0	0.0	0.0	0.0	0.0	0.0	0.0	0.0	0.0	0.0	0.0	0.0	0.0	0.0	0.0	0.0	0.0	0.0	0.0	0.0	0.0	0.0
ec1493	0.1296244837444984	-0.02432726745052831	0.05797107179410466	-0.06038173593323036	0.06132231103929735	-0.011774772706528724	-0.0003455127318263522	0.06594283910259133	-0.0033159841314233584	0.03502996706107845	0.011160980931919865	-0.017929491053685194	-0.028344577192368825	-0.03592689383489532	-0.010011780481268065	0.013916685443508518	0.009098237285506282	-0.02005753698213553	-0.009605351887312536	0.00887928407135994	-0.0040721887364632324	0.010512568212001134	0.011488950445257235	0.004936158209874686	0.0011400908044684635	-0.006119478108259286	0.003975050065209311	-0.0010586750316321115	0.0015191171041851032	0.004699169684600224	0.0030273734958991827	0.0004757565016500073	0.0019467659483141516	0.0011693170640630632	-0.0012427968714079226	0.0002660061961146707	-0.0	0.0	0.0	0.0	0.0	0.0	0.0	0.0	0.0	0.0	0.0	0.0	0.0	0.0	0.0	0.0	0.0	0.0	0.0	0.0	0.0	0.0	0.0	0.0	0.0	0.0	0.0	0.0	0.0	0.0	0.0	0.0
ec1495	0.021850714169311895	-0.27891786645620253	0.07675252160586307	0.1058304227778603	0.0062355769576964565	0.0029522441592298083	0.0006516381215811879	-0.07390911056584955	0.015411206967719533	-0.05048489160669609	-0.029251415277077683	-0.09994189794497206	-0.01257594362255876	0.017291728596437607	-0.04119051046323528	-0.028123904995240992	0.015955346915106246	0.00015153053024500872	0.018505758517356512	-0.0069561202595814515	0.017820381591212617	0.002164253612396589	0.0032405045191458265	-0.002148703205982858	-0.00195333553204292	0.001830547613509209	0.0012410847595435701	0.00131789118300902	0.0006600869542642416	-0.00012039075440186456	0.0009857174336498525	-7.786217066957757e-05	7.281907236699584e-05	0.00010574160422484666	0.00043058278024167026	0.00010246995517294154	-0.0	0.0	0.0	0.0	0.0	0.0	0.0	0.0	0.0	0.0	0.0	0.0	0.0	0.0	0.0	0.0	0.0	0.0	0.0	0.0	0.0	0.0	0.0	0.0	0.0	0.0	0.0	0.0	0.0	0.0	0.0	0.0
ec1497	-0.3240461776737625	0.035711002849285606	0.18173861380250506	-0.10062433364370443	0.15206817072200526	0.008782497699592159	-0.06542351115680559	0.05594724372348185	0.016273921110003513	0.08942758820912412	0.004555266375542731	0.006595034092278138	-0.01503907723724918	0.02283783201023108	0.003947582220104586	0.0007166382637722933	0.008587776365696844	0.002042139690677261	0.006931820645115737	-0.014318499469220607	0.010259425032127387	0.002163466214326971	0.0028389560604622035	-0.0017404983212847983	-0.0002940590189040799	0.003628061050818013	0.0015284306634330887	-0.00032804995716053704	0.0009690460661412567	-0.0005218940398280928	9.575029129170062e-05	-0.0002676954939165388	0.00042019155781698384	0.00032505616245621336	0.0003713210162298774	-9.125650161534463e-05	-0.0	0.0	0.0	0.0	0.0	0.0	0.0	0.0	0.0	0.0	0.0	0.0	0.0	0.0	0.0	0.0	0.0	0.0	0.0	0.0	0.0	0.0	0.0	0.0	0.0	0.0	0.0	0.0	0.0	0.0	0.0	0.0
ec1498	0.05009945553846493	-0.44632243917668984	-0.02313785722557409	-0.056084400850951226	0.03493684502241477	-0.07996601379610513	-0.026270134342666184	0.0813638871114112	0.006765165755725412	-0.08041888729771354	-0.0370536479367749	-0.054993064881981274	0.046529352753681745	-0.004605916831975359	0.008824508503679832	0.02493611171099178	0.026544668791895737	0.025154080425871757	0.006907171271508868	-0.00872912609494392	-0.005928395285471787	-0.005519012911054999	-0.0013604377904573536	0.0029139722755906067	0.002137842099145772	-0.0008883922703711996	-0.0016900771072390728	-0.00017697184502756251	-0.0008216165066822365	0.0012889926221785948	2.5044519664460785e-05	9.754742302257474e-05	-0.00017232945637150787	-0.0003040316752683132	-0.00033812996205404467	-0.0001358947418783158	-0.0	0.0	0.0	0.0	0.0	0.0	0.0	0.0	0.0	0.0	0.0	0.0	0.0	0.0	0.0	0.0	0.0	0.0	0.0	0.0	0.0	0.0	0.0	0.0	0.0	0.0	0.0	0.0	0.0	0.0	0.0	0.0
ec1499	0.15390235831901175	0.04371364463990166	-0.022960055658695213	-0.009020389686342037	-0.010877845500133449	0.010154110567899484	0.035643937870311435	0.006275465464489408	0.02839624429688813	-0.03599105070342471	0.05734638898791534	-0.000589907066306656	-0.017023893594750084	0.0392454502518394	0.018493058287753966	-0.007420845225910878	-0.0017043437065472496	0.0016505009258912615	0.008902190542216889	0.012875227357271415	0.004237887755880897	0.011384580681675112	-0.014088329961443295	0.008836104221439095	0.0018271656470969736	-0.01112624341144532	-0.0038031151425554953	0.003561960891774456	0.007344774812136941	0.0032158139535007507	0.0014473056479486197	0.0016730294844045002	-0.0027562118374964786	0.0029731035867408056	0.002841448259161304	-0.0005051619118123614	-0.0	0.0	0.0	0.0	0.0	0.0	0.0	0.0	0.0	0.0	0.0	0.0	0.0	0.0	0.0	0.0	0.0	0.0	0.0	0.0	0.0	0.0	0.0	0.0	0.0	0.0	0.0	0.0	0.0	0.0	0.0	0.0
ec1500	0.17251009687984037	0.10132871393584722	-0.03942110753248904	0.030330908158425506	-0.005624978540543266	-0.009375749493882823	-0.001050691543429851	-0.016228738400011114	-0.0077053160298132875	-0.005740186570509371	-0.01476320931645305	0.002103045476701561	0.009721985360197725	-0.008226092397596746	0.009646965544232012	0.0012050336091267429	-0.006645999753916382	-0.0020361790903903622	-0.0095888819087353	-0.004236778442606033	0.005620518319932812	-0.004226852252038963	0.001932321158671413	0.00012449805527201354	-0.0032140572483257113	-0.004679398402049302	-0.010723933117785718	-0.0007670999710373043	0.001165212563309276	0.001883190552671789	0.007773170381527646	-0.003729761982057013	0.0017877053099012727	-0.006302932629838159	0.0034300131201504954	0.0023495260761481427	-0.0	0.0	0.0	0.0	0.0	0.0	0.0	0.0	0.0	0.0	0.0	0.0	0.0	0.0	0.0	0.0	0.0	0.0	0.0	0.0	0.0	0.0	0.0	0.0	0.0	0.0	0.0	0.0	0.0	0.0	0.0	0.0
ec1501	0.12998135982420117	-0.04013502713204229	0.08104525695696063	-0.006513521271520871	0.03434411063559582	-0.018441125657615423	0.019772323050553996	0.035435076361252864	0.0021294502254534204	-0.025214106127530337	0.014864167930844052	-0.008098496919281857	0.01338881359378118	-0.02475060903587226	-0.013424918998110474	0.022956353606114713	-0.028771665303728666	0.011901810195707017	0.0007691079328825905	-0.01582545377865401	0.0035707459196946834	-0.012893763933213396	-8.319826500466723e-05	0.00621024633646886	0.004290724630398175	-0.0003423136570456865	0.010191747326694856	0.0035252643943086645	0.004878408606990916	-0.0030224116281873385	0.0012635642442272341	0.0022046197562954352	0.00035233360200227857	0.001586573237322618	-1.2417636755610636e-05	0.001904248935276978	-0.0	0.0	0.0	0.0	0.0	0.0	0.0	0.0	0.0	0.0	0.0	0.0	0.0	0.0	0.0	0.0	0.0	0.0	0.0	0.0	0.0	0.0	0.0	0.0	0.0	0.0	0.0	0.0	0.0	0.0	0.0	0.0
ec1502	0.13720933441653863	-0.010366148100170685	-0.046082517470999236	-0.06766783915296722	0.02943310431391454	0.034450152657428	0.05286404110350599	0.035158696145165064	0.03881591101688708	-0.05858652149449149	0.07089754567008909	-0.03664107817836508	0.02299145708986322	-0.041208994962074995	-0.024044623031682866	0.004041207498091698	0.0017693207246943425	-0.01745432003243758	-0.03144179317931637	-0.011534973766679587	-0.021614483702216386	0.0047559220837813795	-0.007610296030846739	-0.009582955192222953	-0.0030133082815077144	-0.0026433787078543225	-0.0032620418773592775	0.0002677326998434457	-0.003255725068889739	-0.0015166088767948056	-0.0013580756966663865	0.0005195952351336079	0.0001525276367968674	-0.00028001565619672364	-8.692463359419048e-05	9.120453906700211e-05	-0.0	0.0	0.0	0.0	0.0	0.0	0.0	0.0	0.0	0.0	0.0	0.0	0.0	0.0	0.0	0.0	0.0	0.0	0.0	0.0	0.0	0.0	0.0	0.0	0.0	0.0	0.0	0.0	0.0	0.0	0.0	0.0
ec1503	0.15995026345384492	0.04146251670533247	0.02143787586719975	0.004359287661101328	-0.0005719611362471625	-0.012557416740376868	-0.0037019793679385566	0.0033649443725490757	-0.02358232593593288	-0.012774967527283592	-0.005456836929646087	-0.015862535023451693	-0.011832652409303252	0.040290565580085196	-0.001415398036426918	-0.0025252350239610595	-0.007414148388355973	-0.012299031898582903	0.0005779735537312143	0.004117985855106849	-0.006481968992292531	-0.00224171849427988	0.017286013450425016	-0.00895754637228281	-0.00383129886656412	-0.003056948059466075	-0.006874715560699021	-0.012314392506345582	0.0021445434292954465	-0.004599909621848638	0.0024077219858853406	0.004677492575564771	0.0011203037938626855	0.00218767839911823	0.0014559565498573788	0.00061625484831499	-0.0	0.0	0.0	0.0	0.0	0.0	0.0	0.0	0.0	0.0	0.0	0.0	0.0	0.0	0.0	0.0	0.0	0.0	0.0	0.0	0.0	0.0	0.0	0.0	0.0	0.0	0.0	0.0	0.0	0.0	0.0	0.0
ec1505	0.18935323331171722	0.11442243703206513	-0.03482878715142307	0.03932854367513254	0.0055344467435420545	-0.02182112262742233	-0.006373869166341692	-0.0011865243584783356	-0.026367455714015862	0.018823468526808333	-0.03799435660683172	-0.0045500524625095165	0.015133617548308248	-0.006609318419986169	0.006022172560064167	-0.016252853691077557	-0.0011769221234973258	-9.332727592555225e-05	-0.004690173444845419	0.01666338288177587	0.0016270533345805881	0.005487082907620082	-0.005921948175874509	-0.0010143340891949795	0.007408760904090881	0.003702291746220654	0.006211213352567286	-0.0014583814606535992	-0.00732305544021207	-0.008003789367725873	0.004270347233520241	0.00405283578221048	-0.0013706660042651804	8.089103847730265e-05	0.0008738746918670402	0.001775978375138153	-0.0	0.0	0.0	0.0	0.0	0.0	0.0	0.0	0.0	0.0	0.0	0.0	0.0	0.0	0.0	0.0	0.0	0.0	0.0	0.0	0.0	0.0	0.0	0.0	0.0	0.0	0.0	0.0	0.0	0.0	0.0	0.0
ec1507	0.11590450400908138	0.15427364417529305	0.03828049594876981	-0.04136261056189028	-0.15299471389737704	0.024282461380556175	-0.057200776216440555	-0.020579912457392248	-0.01788775801199765	0.02340790779610618	0.010066878664509313	-0.005931701516492843	0.029654716729190546	-0.024435645390895395	0.021593855357942785	0.005771330241401791	0.00899219667821565	0.011113196176481552	-0.000997642698480599	-0.016682496682615996	-0.006706762662204963	0.0025293687499717567	0.00792272422632332	0.005778153633398876	0.0023412792866311727	0.007872032499868493	-0.0021030092729644114	0.00015697133967466714	-0.0009434647642787962	-0.0020202901972839046	-0.0011710359446201128	-0.0006130707238887927	-0.0003084246222283519	0.0005511308442557891	-0.0001193347789933125	-6.887269269471276e-06	-0.0	0.0	0.0	0.0	0.0	0.0	0.0	0.0	0.0	0.0	0.0	0.0	0.0	0.0	0.0	0.0	0.0	0.0	0.0	0.0	0.0	0.0	0.0	0.0	0.0	0.0	0.0	0.0	0.0	0.0	0.0	0.0
ec1508	0.16370152540774624	0.0674296200526805	-0.05110043117440499	-0.00400431912165572	-0.027954003237601173	-0.043443616748754806	0.02771017427373559	-0.008777606074488235	0.00530996712979883	-0.021436783768894054	0.021234194540321043	0.012138746444888758	0.01012739183335715	0.01656833098237921	0.032387650398582296	0.008349326791431013	0.01449757742795025	-0.01675292007028198	0.03704580114516756	-0.0009420254556914234	-0.007541337335259083	0.011073135743682731	0.01083596676190457	-0.0007301505791186253	0.004564823048460347	0.005095103762999195	0.008414979697229794	-0.003099530601855659	0.00039525820397076075	0.0004542288333192135	0.0033199275223841154	-0.005362260783387752	-0.0010836584009003235	0.000600189728434691	-0.0005018713419106908	-0.0008861520870161498	-0.0	0.0	0.0	0.0	0.0	0.0	0.0	0.0	0.0	0.0	0.0	0.0	0.0	0.0	0.0	0.0	0.0	0.0	0.0	0.0	0.0	0.0	0.0	0.0	0.0	0.0	0.0	0.0	0.0	0.0	0.0	0.0
ec1509	0.05372707724328559	-0.263469808247669	0.15362474874990437	0.0896981653044399	0.05745424322933287	-0.015407400076883038	-0.007723436925993835	-0.06053953438400636	0.03812719245725123	0.058373891601853786	-0.01025666126230088	0.005964407369048327	-0.02712572103498029	-0.019100992671967246	0.029716176086793084	0.02942360289722717	0.017522310226990686	0.0164048126421262	-0.02443042648079421	0.009976934552084784	0.002859448584733211	-0.0027252672591461416	-0.0041020495459184675	-0.002456853677527762	-0.008334004826705385	-0.002465767219895974	0.0042152983945671595	-0.0008088436487795181	-0.0020542948229845723	-4.447675094520404e-05	0.001211864419145467	0.0002682960589632784	0.00036719947764741676	0.00011088309700793985	-0.0005981136688942818	0.00019241262952043972	-0.0	0.0	0.0	0.0	0.0	0.0	0.0	0.0	0.0	0.0	0.0	0.0	0.0	0.0	0.0	0.0	0.0	0.0	0.0	0.0	0.0	0.0	0.0	0.0	0.0	0.0	0.0	0.0	0.0	0.0	0.0	0.0
ec1510	-0.07759933926887558	-0.2676216173543735	0.27281270591849316	-0.03571218178938567	-0.18612821398232293	0.01697580344578456	-0.06480882456915159	-0.059738973238044044	0.07182716785182934	0.015531541859847174	0.053837243851744494	-0.0002592198200466363	0.024880685598925867	-0.012608096700004907	0.015793613210731635	-0.00741637760073395	0.0017745078976850353	0.013518848555631654	-0.009605405154126914	-0.004924859683159416	0.006034441730764974	-0.00037023346196610527	0.0008825391869470041	0.004605786586879096	0.00036329099415849197	0.0011940955524186725	0.0008197898620140114	-0.0016017745681520615	0.0007863673820650824	-0.00016586996159495378	0.00019167508036629655	-4.3393841958508904e-05	0.0003396977338914019	9.348935117454573e-05	0.00018653320955923846	-0.00015608412728071805	-0.0	0.0	0.0	0.0	0.0	0.0	0.0	0.0	0.0	0.0	0.0	0.0	0.0	0.0	0.0	0.0	0.0	0.0	0.0	0.0	0.0	0.0	0.0	0.0	0.0	0.0	0.0	0.0	0.0	0.0	0.0	0.0
ec1511	0.14620241421601998	0.038859665251412975	-0.02465080423171748	-0.024839266728959548	-0.014843027273595903	-0.019216640440103124	0.028771066507045456	0.005054462538230411	0.0041038069688951375	-0.02683783637412063	0.032454355498048586	0.004751700809998095	-0.0019964622972998714	0.035096008430923836	0.00834810914629501	0.010927736367001981	-0.013753117714395937	0.008771102303770935	0.008622991655750516	0.01806272838571609	0.02476062487132663	-0.014160574225605557	-0.0002645828804872034	-0.005556469841118785	0.007748362103453859	0.01137049061092288	0.0009651737290911015	0.005775421631228831	-0.007435593809940897	0.005236577201296491	-0.0004864560792834985	0.0008982597972863806	0.003420836919861224	-0.003039379041130924	-0.0028594863910417685	0.00015050668419524753	-0.0	0.0	0.0	0.0	0.0	0.0	0.0	0.0	0.0	0.0	0.0	0.0	0.0	0.0	0.0	0.0	0.0	0.0	0.0	0.0	0.0	0.0	0.0	0.0	0.0	0.0	0.0	0.0	0.0	0.0	0.0	0.0
ec1513	0.17776794552888414	0.09978604618054207	-0.02802154283851779	0.025530683287064235	0.007356731655170391	-0.025156061494610932	0.005327598770327379	0.005587250846876975	-0.021391048155381065	0.03134264893247713	-0.027948529813782458	0.0036130394841729966	0.011060614251240867	-0.013275315110281991	-0.006071596699916413	-0.011036093877592617	0.0019246818016635822	0.020541361320546122	0.007896812304360614	0.0017321124600073378	-0.0028652600383505963	0.005532322400108506	-0.006355098796011938	0.0005164706057013526	0.0013880696500455363	0.0013785839116092192	0.0009776862855167534	-8.877658538826895e-05	0.00307891480454244	0.004593542380604932	-0.0010913189193663653	-0.0009055215582754043	-0.004240587852416792	0.003648155509366577	0.0004652221999417715	-0.0018941903013808608	-0.0	0.0	0.0	0.0	0.0	0.0	0.0	0.0	0.0	0.0	0.0	0.0	0.0	0.0	0.0	0.0	0.0	0.0	0.0	0.0	0.0	0.0	0.0	0.0	0.0	0.0	0.0	0.0	0.0	0.0	0.0	0.0
ec1514	0.1745323498787559	0.0966135656817125	-0.03677112854999687	0.03242980626711845	-0.0047082292103393306	-0.010909409728261491	0.0002955511155419395	-0.02470861451884289	-0.002097426753636896	-0.016621516639266955	-0.0007752788379976269	0.0019431240323292962	-0.01200886269072217	-0.007097967024561139	-0.007835689703902457	0.009036751948122979	0.006759269333970065	0.0031627107707310467	0.0037457060135440705	-0.003984264676847817	0.002993266920293192	0.004685448320897209	-0.003046818436322054	-0.01231531218352105	0.006005384146730873	-0.002232470202916511	-0.004948111512014701	0.00525378217111711	-0.003069079944591291	0.00756391862709311	-0.003980554952250283	-0.0017715145395352716	0.006360205770993599	0.0047000697772473085	0.0009520475992455846	0.0016995365083296056	-0.0	0.0	0.0	0.0	0.0	0.0	0.0	0.0	0.0	0.0	0.0	0.0	0.0	0.0	0.0	0.0	0.0	0.0	0.0	0.0	0.0	0.0	0.0	0.0	0.0	0.0	0.0	0.0	0.0	0.0	0.0	0.0
ec1515	0.17417055531574657	0.09697444860813716	-0.04472092205211448	0.03355443492671364	-0.012522128231345507	-0.009217356034187473	0.00904473831708562	-0.026202998558997773	0.011637856824338096	-0.021273618458798698	0.008810139311831769	0.013858184088865166	-0.005477328513457684	-0.004515096410271672	0.0048889000171638605	-0.0011397377454413016	0.022074862906084177	0.000896065411033028	0.008844825136682027	-0.01460653361041648	-0.00010514064079388922	0.0005493330861458648	-0.00928582935115665	0.01694487137725225	-0.004977264238271018	-0.007399494207044399	0.0038128993799154227	-0.007490469608166934	-0.003060738356240363	0.0017935598408663107	-0.0053136355360429615	-0.0002529842195815846	-0.000889471771629184	1.5750078540723296e-05	-0.00055105533993981	0.0008792271304620873	-0.0	0.0	0.0	0.0	0.0	0.0	0.0	0.0	0.0	0.0	0.0	0.0	0.0	0.0	0.0	0.0	0.0	0.0	0.0	0.0	0.0	0.0	0.0	0.0	0.0	0.0	0.0	0.0	0.0	0.0	0.0	0.0
ec1516	-0.8363090628024231	0.13794944460754993	0.04494268810598295	-0.026516857585652608	0.03184466654930151	-0.011352121632895387	0.04303494357337791	-0.09908485804427992	0.06364940270634487	0.016386405603275304	0.004931161939274258	-0.0062128695191192304	-0.00379470131625072	-0.019836505744597596	0.02205620076243372	0.03747859062825976	0.0178229661086921	0.017922067591240723	-0.009235066171364404	0.02285941730746901	-0.003507882760891439	0.006032983338853131	0.0006434932537631638	-0.0045926428806747025	-0.001594886308760946	-0.002288640480506773	0.00017260345167665944	0.0007001484875678468	0.00016072095601958337	-0.0007080475508480426	-0.00010410902596945478	0.0005192484564555628	6.558564764466007e-05	-5.292401468377944e-05	9.823072845255723e-05	-3.236192633090434e-05	-0.0	0.0	0.0	0.0	0.0	0.0	0.0	0.0	0.0	0.0	0.0	0.0	0.0	0.0	0.0	0.0	0.0	0.0	0.0	0.0	0.0	0.0	0.0	0.0	0.0	0.0	0.0	0.0	0.0	0.0	0.0	0.0
ec1517	0.1574493613322053	0.06538756556953164	-0.02935769875748186	0.020634840000761823	-0.006070168158298105	0.03901590502034368	0.020531503059790974	0.008050029680477383	0.037124652218277925	-0.02483722081251444	0.04123453993484789	-0.0010495907532963088	-0.030172031500204567	0.027468518939582926	-0.009866709814419599	-0.009579982766756178	0.018844579029688988	0.009546364850921503	0.007075342223602623	-0.002931447957808054	-0.026400879943224657	-0.0036294823260313875	-0.004659783470178327	-0.01110986196580238	0.0010731543795295818	0.0027409173164944954	0.007277819245518487	-0.004881381560326285	-0.005180027792910682	-0.0013945279642793578	-0.000548665684117315	0.001652226063106268	-0.00022575962636862466	-0.0026498914285013105	-0.001483677520935934	0.0004492593546742602	-0.0	0.0	0.0	0.0	0.0	0.0	0.0	0.0	0.0	0.0	0.0	0.0	0.0	0.0	0.0	0.0	0.0	0.0	0.0	0.0	0.0	0.0	0.0	0.0	0.0	0.0	0.0	0.0	0.0	0.0	0.0	0.0
ec1518	0.14125399868095453	0.05310672233254008	0.0024994278024579562	-0.01540257662933376	-0.025395695202194982	-0.022387729052545272	0.000915755844250532	0.002795795099862759	0.026325432763677187	-0.017547494829584422	0.012244664821320113	0.004757073716602792	-0.038732163335406446	0.025757902455083904	-0.02538063076846731	0.013875321071270494	0.024203680421727818	-0.010084249974232259	0.008790102199216726	0.018187318730808935	-0.005857860732121548	-0.018207911051717214	0.004473401784665487	0.022894181921423336	-0.004398015869709748	0.0010810875073084306	-0.005920272874389758	-9.36103880487144e-05	0.00401401320838345	-0.004990154111606245	-0.0023756927573746495	-0.0015143164481129926	0.003673596929826539	-0.00019823419370960783	-0.0002275033744880617	6.4907880207273395e-06	-0.0	0.0	0.0	0.0	0.0	0.0	0.0	0.0	0.0	0.0	0.0	0.0	0.0	0.0	0.0	0.0	0.0	0.0	0.0	0.0	0.0	0.0	0.0	0.0	0.0	0.0	0.0	0.0	0.0	0.0	0.0	0.0
ec1521	0.16911671372656192	0.09253991854002724	-0.04574533907814487	0.031758126381974436	-0.00826107724128541	-0.01462557720292627	-0.0027319398527379194	-0.017301833053996095	-0.01590246197161213	-0.002073963248083036	-0.0172813194332772	0.0011044885687212036	0.004546677013980353	-0.011400948516756746	-0.0030198772645325025	0.013527997994677219	-0.015736934849129424	-0.001211620244932597	-0.005682094098447215	-0.0026928910244541295	0.0014984617840851746	-0.009710995150695125	0.0005526059640348987	-0.00031505845141985484	0.007882335296377505	0.0011640561113660938	0.01088522250252818	-0.0060490294464558775	-0.0014141208634503983	-0.002426838717145293	0.001849861535078619	-0.003245690452794935	0.00332951140102839	0.006735184762999579	0.0040638455540082715	-0.0009087435146752881	-0.0	0.0	0.0	0.0	0.0	0.0	0.0	0.0	0.0	0.0	0.0	0.0	0.0	0.0	0.0	0.0	0.0	0.0	0.0	0.0	0.0	0.0	0.0	0.0	0.0	0.0	0.0	0.0	0.0	0.0	0.0	0.0
ec1524	0.1785033983371912	0.10335731516921699	-0.048530722875682185	0.04280212176534007	-0.007308377132358562	-0.01433436399574808	-0.0009414783404326164	-0.03135054167985364	-0.0007255473413908991	-0.018827618259981013	0.001658589375463445	0.008108020201400465	-0.007446195586398806	-0.014596464255602222	0.002140650287776431	0.011356338252599784	0.025367957446651046	-0.0014888120951306115	0.02211998236020776	0.004987616157560782	-0.006805323332107098	-0.0027411201441741935	-0.009324473646693594	0.00212658477585904	0.003237001786493811	0.002163648692814227	-0.0002197817097495703	-0.008715570195764319	0.003932436075075851	0.0010774224601157463	0.0076358994029998946	0.0014358490318038782	-0.0008382622307182663	-0.0019428501879806387	0.0024034618391370146	0.0004556624071143069	-0.0	0.0	0.0	0.0	0.0	0.0	0.0	0.0	0.0	0.0	0.0	0.0	0.0	0.0	0.0	0.0	0.0	0.0	0.0	0.0	0.0	0.0	0.0	0.0	0.0	0.0	0.0	0.0	0.0	0.0	0.0	0.0
ec1525	0.17145166108446624	0.1015347318834047	-0.045056409163252466	0.035936310199946975	-0.0069127865661058425	-0.013230632018780816	-0.007460021628145663	-0.021582577500228732	-0.010074400651928689	-0.0073580397560285725	-0.0181580325350317	-0.001341940830771335	0.00048121475460949055	-0.013816816242992002	-0.00020847127357258142	0.017968058449559555	-0.006601361140096763	-0.010336706091619697	-0.011869533727390495	-7.554910545320071e-05	0.002574275755905714	-0.008330639875437505	0.005080036814029791	-0.005027990232726256	0.00828940634963204	0.004296876779003281	0.006359062035106646	-0.00288974338502162	0.0032201204406945745	0.007601627910588219	0.0021043943055093764	0.0031454877536801367	-0.004612437254254944	-0.0015821360069913572	0.000288505896120442	-0.0010268905969907556	-0.0	0.0	0.0	0.0	0.0	0.0	0.0	0.0	0.0	0.0	0.0	0.0	0.0	0.0	0.0	0.0	0.0	0.0	0.0	0.0	0.0	0.0	0.0	0.0	0.0	0.0	0.0	0.0	0.0	0.0	0.0	0.0
ec1526	-0.1254914829501089	0.03159185367423108	0.3017736771086477	-0.18476803831297584	-0.13667448894724107	0.16570235149839566	0.03318371505418281	0.014341789956996507	-0.12743677640677592	-0.026655933242982394	-0.054167217577666536	0.004096537991802373	-0.011551123566380708	-0.012694187684300024	-0.007231211497396355	0.011345929436450748	0.0030433323129599823	-0.018843031578207662	0.010655693502935002	0.01038890587428326	-0.008214603435578395	0.0011380855272074195	-0.001492687983083316	-0.0012060449414689433	-0.0006534686677333979	-0.0023092484372360202	0.00034985239936475226	0.0011904239936095403	-0.0008141523401008123	-3.8289115100189476e-05	-0.0004993416210138634	0.00040935032084069153	-0.00031739238903700866	-0.00012070949392902085	-8.306643948457823e-05	0.0002576611465587629	-0.0	0.0	0.0	0.0	0.0	0.0	0.0	0.0	0.0	0.0	0.0	0.0	0.0	0.0	0.0	0.0	0.0	0.0	0.0	0.0	0.0	0.0	0.0	0.0	0.0	0.0	0.0	0.0	0.0	0.0	0.0	0.0
ec1529	0.09483849721013768	0.14292505319666865	-0.04178362799892198	-0.00577275515451188	-0.026296513161197566	-0.03959661632302807	-0.07873324360552053	-0.005038522978550128	0.036578420168994964	0.02568987233220323	-0.028458125189346498	0.02097439994494386	0.015820789410814048	-0.01877560529444536	-0.007856236802361615	-0.0113874158372781	3.333910821102793e-05	-0.023169573171179084	0.014679289966394768	0.002534290506124542	0.00934071110268536	0.004916049762106163	-0.009229249081555204	-0.0008281624824729713	-0.010664218970378073	-0.006832851416266683	0.00458104915229397	0.0055772913292587295	0.0009110760710272066	-0.0008849899640654749	-0.0018361742397133211	-0.00012113825626451328	0.0011281122214484537	0.00013058534103691056	-0.0005263657591620051	0.0001320219468848593	-0.0	0.0	0.0	0.0	0.0	0.0	0.0	0.0	0.0	0.0	0.0	0.0	0.0	0.0	0.0	0.0	0.0	0.0	0.0	0.0	0.0	0.0	0.0	0.0	0.0	0.0	0.0	0.0	0.0	0.0	0.0	0.0
ec1533	0.1665954473725773	0.0836472504392051	-0.032388675842560374	0.013213573611126513	-0.006972643733703143	-0.02107598797851469	0.010044825289570165	-0.010991513362142128	-0.012363816153022237	-0.0004948606389631615	0.001120476917261513	0.004725303487189327	0.017429738854712638	-0.011648175800009668	0.014570866027667393	0.005614249250082044	0.0008531790905637122	-0.0040358599149203575	0.018367960851886606	0.009133480671274162	0.008894303688345664	0.0011925102075775239	0.009044513216734789	-0.0012621736279556223	-0.010796839912375789	-0.011124207720642735	4.318467055129799e-06	0.0017901101191616787	-0.010956408638586814	-0.0011524480966958205	-0.009766890442400545	0.0032144759057835454	-0.0016624327662144794	-0.000950592116669651	0.0014625969579414714	-7.564481249950153e-05	-0.0	0.0	0.0	0.0	0.0	0.0	0.0	0.0	0.0	0.0	0.0	0.0	0.0	0.0	0.0	0.0	0.0	0.0	0.0	0.0	0.0	0.0	0.0	0.0	0.0	0.0	0.0	0.0	0.0	0.0	0.0	0.0
ec1534	0.10718304726610767	0.1191594858257842	0.06969978085518846	-0.0625358380539492	-0.1320581132186443	0.028284892471670726	-0.04994040387946423	0.003038803933852608	-0.014277805776356012	0.0117174781010659	0.044234385971231846	-0.02162934332628373	-0.010895467571435821	0.029488747238502963	-0.009550557755767308	-0.003268160722625169	-0.012326640787986391	0.013298160830867807	-0.0011865872102242438	-0.0035964299537074107	0.010916661526984516	-0.0021468252479456312	-0.014502024469827013	-0.011352764209334797	0.004487004888702799	-0.004384951495104472	-0.0018003632031168251	-0.0030317962031223087	0.0009009397640555495	0.003102549280771477	0.0021083619060103032	-3.9332890127032354e-05	0.0004581729048351091	-0.0005259610765154471	-0.0003586888635348084	-0.00043041927932587593	-0.0	0.0	0.0	0.0	0.0	0.0	0.0	0.0	0.0	0.0	0.0	0.0	0.0	0.0	0.0	0.0	0.0	0.0	0.0	0.0	0.0	0.0	0.0	0.0	0.0	0.0	0.0	0.0	0.0	0.0	0.0	0.0
eti145	0.17203297351238803	0.09809017850232603	-0.031812893444493374	0.028851475164396734	0.00018229682197927878	-0.006839369298100925	-0.0027858274633883497	-0.018987639706577533	-0.009075874510220985	-0.005032700834018353	-0.010923960079778066	0.00106570551282275	-0.0032810870408902315	-0.010337098477749721	-0.004514556907229856	0.0011325078500380567	-0.006393534179369814	-0.0028800819550890587	0.0011521703343274879	-0.003956414635671042	-0.0005801587455365795	-0.0007889441151156644	-0.0032397794128849714	-0.0031867198543679763	-0.008652795852907421	0.0020564323692666845	-0.0080309457426129	-0.007019332648336751	-0.0036307497639194437	0.0014127719806936799	0.0015179020902168527	-0.000643080988877372	-0.0036418689439220767	0.001359779520129188	-0.004951629973079167	-0.0020686904510102432	-0.0	0.0	0.0	0.0	0.0	0.0	0.0	0.0	0.0	0.0	0.0	0.0	0.0	0.0	0.0	0.0	0.0	0.0	0.0	0.0	0.0	0.0	0.0	0.0	0.0	0.0	0.0	0.0	0.0	0.0	0.0	0.0
eti146	0.16905730507298694	0.08172345805008685	-0.022297880284129844	0.023654559433267417	-0.0019503274110738297	-0.007408079265476289	-0.00382068504719014	-0.023185562375915177	-0.002234451455304997	-0.020677702483166447	-0.0009003493500591509	-0.003993748224723099	-0.027207468734862118	0.00806377600271507	-0.00923782880368673	0.010493961407791578	-0.00034492420517762015	0.002798070366788749	0.014484534392416383	-0.007837707778006565	0.009766619041501293	0.017105064139788576	-0.004520631874946129	-0.009958710522110975	-0.002515058928561306	0.004849053804193488	0.0024633762830220327	0.0021643622436224147	0.008017149551204078	-0.006878627543418261	-0.002541938423209156	0.003998393969178675	0.0021947732423521875	-0.0012350710530391446	-0.00413573100558439	-0.0006253825711769049	-0.0	0.0	0.0	0.0	0.0	0.0	0.0	0.0	0.0	0.0	0.0	0.0	0.0	0.0	0.0	0.0	0.0	0.0	0.0	0.0	0.0	0.0	0.0	0.0	0.0	0.0	0.0	0.0	0.0	0.0	0.0	0.0
eti147	0.1736727028753425	0.09206985166113217	-0.02209366711737391	0.023118914728522587	0.0031311415666377706	-0.015986015613736797	-0.0015834524865185236	-0.0023978188042322345	-0.02502753074761939	0.018748007192894697	-0.02265827697590913	0.0018716464161243887	0.0037360359192859702	-0.007919003088219485	-0.006236297110461239	-0.0027248895002310665	-0.005698107017349217	0.002413338001016342	0.00397510030011316	-0.004259309301037303	-0.0012979852500948409	0.006785139017888739	-0.0060904938369860575	-0.004419223237672253	-0.015953727544913178	0.003388692599106742	0.006596056035182685	-0.006903042925773146	-0.003329700504508289	0.004184122398475172	-0.0004476872659491905	-0.0020775463935656224	0.004334924241866614	0.00013982159167518724	0.0011116577150308484	0.0033553763638034407	-0.0	0.0	0.0	0.0	0.0	0.0	0.0	0.0	0.0	0.0	0.0	0.0	0.0	0.0	0.0	0.0	0.0	0.0	0.0	0.0	0.0	0.0	0.0	0.0	0.0	0.0	0.0	0.0	0.0	0.0	0.0	0.0
eti149	-0.9919762829000436	-0.09414014553620538	-0.09064037944440306	-0.08164608185816119	-0.16267093753760722	-0.1583138292934798	0.25909863748814477	0.06073855656268973	0.02457923483913625	0.04806436405403407	-0.029998215150341855	0.008052328754356868	-0.026330233674527248	-0.0064108809040506545	-0.019092905660045952	-0.0015069527090385885	-0.0017599189292514376	0.007033114613634595	-0.0012016570171090746	-0.00449789442273309	0.0029595302847561563	-0.0019213177811181412	-0.00020858410850707772	-0.0020827727424457187	-6.697940216282871e-05	0.00029311661005440635	7.874465833248297e-05	-0.00022027060597687968	0.0001378004201897208	-0.00013533975516024778	0.0002787305863231034	4.916672265144209e-05	-0.00036774209676321474	7.399013517141969e-05	0.0002808459833798032	-1.4181018343684196e-05	-0.0	0.0	0.0	0.0	0.0	0.0	0.0	0.0	0.0	0.0	0.0	0.0	0.0	0.0	0.0	0.0	0.0	0.0	0.0	0.0	0.0	0.0	0.0	0.0	0.0	0.0	0.0	0.0	0.0	0.0	0.0	0.0
eti151	0.024380624536761396	-0.37610686844512076	0.06563575339261023	0.12823897219765612	-0.033588765559770015	-0.06540640814443288	0.011909104208031424	0.0060526472673981336	-0.0008546952816067451	-0.03786855594934605	0.030803409180481467	0.03489521903021283	0.012363767077860294	0.018169275395975494	0.005107961061294163	0.0023429677849193644	-0.0019228792851643229	-0.06124275567888426	-0.02598623363759587	0.0011801578619657646	0.0016796871930682487	-0.003425180939889157	0.001941993998773755	-0.008370466836755923	-0.004665551672916184	0.004353816662469446	0.0022091976126540356	-0.0004085842520635434	0.0011749007239785698	-0.0005956074770632541	-0.000593306081630339	-0.0006796876146961304	0.000589060688581023	0.0006062126853192531	-0.0004343230200738007	-0.000176040173823929	-0.0	0.0	0.0	0.0	0.0	0.0	0.0	0.0	0.0	0.0	0.0	0.0	0.0	0.0	0.0	0.0	0.0	0.0	0.0	0.0	0.0	0.0	0.0	0.0	0.0	0.0	0.0	0.0	0.0	0.0	0.0	0.0
eti152	0.08203435428851658	-0.16934546468003786	-0.0415309240177766	-0.13354142469470806	0.10605396355377189	0.051596924408856576	0.08891465228307097	-0.13424637402412767	-0.026353916151697968	0.07437049722972987	0.03903252970717696	0.03194995442377153	0.0803951269081689	0.03300629571712829	-0.06801686451003114	0.01696832532439943	0.00605572067010727	-0.007003574816474648	0.008454715803860457	0.0008592631709042052	-0.0010288487526283565	-0.0015897961900932214	0.0015329872458583636	0.0017643734541710327	0.004363408331750894	0.0003194145410733182	-0.0008927876640125937	0.000284694363162841	5.641738784242394e-05	0.000505860176450402	0.0004496027043611889	0.00033520256769529056	-0.0007444734850871335	0.00015505918316998328	0.0002568303475412327	-2.6506504813486413e-05	-0.0	0.0	0.0	0.0	0.0	0.0	0.0	0.0	0.0	0.0	0.0	0.0	0.0	0.0	0.0	0.0	0.0	0.0	0.0	0.0	0.0	0.0	0.0	0.0	0.0	0.0	0.0	0.0	0.0	0.0	0.0	0.0
eti153	0.1681254286746409	0.08923398387707579	-0.04145922917962848	0.026787258712479292	-0.009388718660080076	-0.011831415075094463	0.002475154413315051	-0.019299730323690548	-0.010304233488925571	-0.01030424837012777	-0.007668240413213037	0.0054474723684507205	-0.0002987851916775339	0.0037232353139968243	-0.004961854852990196	0.0014108774402547448	-0.012332407272025012	-0.0012623432224838518	-0.018279255796062984	-0.022562648375559644	0.011256564760265935	-0.005193164055965738	-0.0025375138919989824	0.005580248239306736	0.0028682542995513293	-0.009286802841462516	0.012193092636943159	-0.007665415161792836	0.005370006404502244	-0.00017156940137413802	-0.006827949107551672	-0.0013511284472380388	-0.0009541662627153484	-0.002082581754260215	-0.0015366118823586766	-0.0011722254685637779	-0.0	0.0	0.0	0.0	0.0	0.0	0.0	0.0	0.0	0.0	0.0	0.0	0.0	0.0	0.0	0.0	0.0	0.0	0.0	0.0	0.0	0.0	0.0	0.0	0.0	0.0	0.0	0.0	0.0	0.0	0.0	0.0
eti154	0.1718157701436265	0.09343357530563969	-0.03798560424254492	0.01807574745490194	-0.0033859496021944355	-0.014427444154523425	0.005737387669133227	-0.013880974383369955	-0.008625539704305237	-0.0032897783350153862	-0.009207620399603194	0.007080960994250544	-0.0017540053768307147	-0.016711947479198398	-0.008688679322914988	-0.0034388976706876046	0.0020158328572037728	0.00941661156486766	0.0035443262558104444	-0.0017068279537378662	-0.003847179490998921	-0.01249325672534624	-0.0029034262718344184	-0.006049679824518677	-0.011439143436348456	-0.004655518253217331	-0.006425249812593942	0.006046333010199133	-0.0004736283568864634	-0.0029449769004289304	0.0012440176298949847	-0.00046208375636939286	-0.0037917225034424136	-0.0021560553756420843	0.0019165335111572556	-0.0009836187298733767	-0.0	0.0	0.0	0.0	0.0	0.0	0.0	0.0	0.0	0.0	0.0	0.0	0.0	0.0	0.0	0.0	0.0	0.0	0.0	0.0	0.0	0.0	0.0	0.0	0.0	0.0	0.0	0.0	0.0	0.0	0.0	0.0
eti156	0.10066667319034271	-0.13802452637150628	0.11757391777929861	-0.03362199806826467	0.05844781971579968	-0.01162753073496866	0.057607675293553165	0.03206600732893397	0.0034138223222122304	-0.02745919722555214	-0.06344808369311791	0.03268494315253528	0.052631040826843195	0.01622925999442495	0.02167169279439135	-0.041125751292889055	0.012741972885813978	0.014425185239424446	-0.005234139835329228	-0.008884084708317221	-0.003721834454656668	0.0004687471886019565	-0.008452984737665783	-0.0010787594234041493	-0.003172128410888099	0.003908077280325346	0.00014799151265753279	0.002047713030453097	0.003455209682049289	-0.0006224516225413419	-9.851455961190815e-05	-0.00025343086022550863	0.0019806149076766204	0.0004670726921118967	-0.00038425067666855814	1.0064172189290777e-05	-0.0	0.0	0.0	0.0	0.0	0.0	0.0	0.0	0.0	0.0	0.0	0.0	0.0	0.0	0.0	0.0	0.0	0.0	0.0	0.0	0.0	0.0	0.0	0.0	0.0	0.0	0.0	0.0	0.0	0.0	0.0	0.0
eti160	0.134818885405715	0.012495252401240773	0.0675475201503752	-0.01493309678014038	0.04651093419406694	-0.010951891833440426	-0.01780422236491994	0.05496889313589195	-0.008672904024846249	0.03978926101587835	-0.005132544143449523	-0.012238018936890076	-0.017103038934870054	0.009161795300263089	-0.006849384641637834	-0.007405560202653118	0.01786821637525053	-0.01738595512045934	-0.0064418491037236065	0.005342097856262519	-0.0006658677754652566	-0.00020910149494499021	-0.018068319761579184	0.012989888439235733	0.015917055598377854	0.0030551230858211612	0.0007135361463783624	0.006596505331586989	-0.003809117096043447	-0.0010283062415243367	-0.0007012567733315757	0.0023395127892791774	0.0001039920631451776	-0.0008155311917060735	0.0004369754643206591	0.0005375762270266431	-0.0	0.0	0.0	0.0	0.0	0.0	0.0	0.0	0.0	0.0	0.0	0.0	0.0	0.0	0.0	0.0	0.0	0.0	0.0	0.0	0.0	0.0	0.0	0.0	0.0	0.0	0.0	0.0	0.0	0.0	0.0	0.0
eti161	0.1586907449519949	0.048775368046171344	0.013352438266125782	-0.004553945433693615	0.03175660558360931	-0.01761814724154508	0.002322536193702506	0.0231654203305713	-0.02367094883395275	0.054415896495910596	0.0030249704186152467	-0.004270576539279356	-0.011937228423776479	0.01598061466384478	0.009782489998158632	-0.00934844721040555	-0.0008967762042422132	0.015663699992065055	0.007282923999708801	-0.006672093591594608	-0.02056526030521656	-0.012859572735927745	0.003187034007277798	-0.0020555528648519847	0.010740668891804493	-0.0011375398516928034	-0.0056395728684456	-0.0057106539129052674	-0.0014138076413896512	-0.0004920965265836403	-0.005793631994236323	-0.0033358123018214867	0.0023568131305576495	-0.0007329773600906244	-0.002068166841631679	-0.00015244907402805046	-0.0	0.0	0.0	0.0	0.0	0.0	0.0	0.0	0.0	0.0	0.0	0.0	0.0	0.0	0.0	0.0	0.0	0.0	0.0	0.0	0.0	0.0	0.0	0.0	0.0	0.0	0.0	0.0	0.0	0.0	0.0	0.0
eti162	-0.5612121908801916	0.2309483911902347	0.06531034380373414	-0.08883863736065267	0.06615164552751289	0.05849690967865209	0.03323052119301686	-0.02426315487360418	0.015556207470863451	-0.06247438441161719	-0.028780977261055257	0.04511748172662997	0.006172177335156109	0.03129680599142109	0.007462355625398847	-0.021197059554907603	-0.007310613818711042	-0.0042449734420578165	-0.016959136203232656	-0.01570956911326243	-0.0016436082170737877	-0.0041146151496704265	-0.004338245759605886	0.005392352824550103	-0.0030473968471187644	-0.002316351818859303	-0.0016933249218036824	-0.0006872382288741947	-0.0005729220431417221	0.0004466782730499015	0.0002172250976126237	-0.0002366690528640106	0.00014230080773603964	-0.00013926383041475116	-0.000431550574795944	5.940224981379626e-05	-0.0	0.0	0.0	0.0	0.0	0.0	0.0	0.0	0.0	0.0	0.0	0.0	0.0	0.0	0.0	0.0	0.0	0.0	0.0	0.0	0.0	0.0	0.0	0.0	0.0	0.0	0.0	0.0	0.0	0.0	0.0	0.0
eti164	0.13079690030762547	-0.05115015638355703	0.10042635174199034	0.007787351055060574	0.04293672351415563	-0.011782816731699576	0.004570773607864589	0.03808166465661853	0.0009540727980121585	-0.033372209964934965	0.008172662962558277	0.0068613602481711325	0.024569162549662488	-0.028768440424907882	-0.032844988243075635	-0.021248449966882882	-0.020217355115744257	0.028268047265923007	-0.0028879889872222048	0.02560422975774447	0.004178287187286971	0.02288134640594083	0.008351712349184045	0.007760977643314306	-0.00557619297824746	0.005791726645198716	-0.0031875146636573034	-0.009635276810663406	-0.0009432828747930615	0.001205257908609379	-0.00044335541449732745	-0.001588459308446108	0.0011798225369024403	-0.0020415171907879888	-5.9684596167931834e-05	-0.001356832353741585	-0.0	0.0	0.0	0.0	0.0	0.0	0.0	0.0	0.0	0.0	0.0	0.0	0.0	0.0	0.0	0.0	0.0	0.0	0.0	0.0	0.0	0.0	0.0	0.0	0.0	0.0	0.0	0.0	0.0	0.0	0.0	0.0
eti165	0.17118703052063966	0.10030429806044701	-0.04640796880122354	0.03018519270515755	-0.006823868154632858	-0.015224036063680215	0.0026871281645960126	-0.02040678945795884	-0.004019225769621162	-0.0059454566902871035	-0.009398011575452362	-0.0015188544007849248	0.013733292665394007	-0.021161574025480825	0.012327312297077252	0.01575133745267863	-0.00799746474034049	0.0030959138095564523	-0.0008014524832483553	0.009156359302795455	0.001373214330951182	-0.002464031273134411	0.004356368113442919	-0.004420840035771308	0.0031351565537508165	0.011895156435307154	-0.005492155475727809	0.003932782929905099	0.00641874192639365	-0.009023525936849087	-0.00742669211969316	0.001097899194450791	-0.0010892937579246172	0.0006210242230140422	0.0021523307363166926	0.0007713232424799094	-0.0	0.0	0.0	0.0	0.0	0.0	0.0	0.0	0.0	0.0	0.0	0.0	0.0	0.0	0.0	0.0	0.0	0.0	0.0	0.0	0.0	0.0	0.0	0.0	0.0	0.0	0.0	0.0	0.0	0.0	0.0	0.0
eti166	0.10861150040927064	-0.06690094382282223	0.10737831894693489	-0.015085078762219215	0.06812192661331933	0.0082381907775378	0.004374699143323078	0.04067528357041248	0.0057403803416067435	0.005375162446482203	-0.010789874827984249	0.006597148412080441	-0.009917924570462268	-0.021841556574148522	0.006387277059513361	0.010792595984190984	0.01033473063508775	-0.010337351789312759	0.014491693575380124	-0.012078986313947236	0.022950573174148912	-0.020344659310720964	0.015427038544417921	-0.00953123088571337	0.004987751781377266	-0.008738741846993173	-0.008161365717922272	-0.003282080199645768	-0.001449244415145989	7.151467560503057e-05	-0.0003179737527786439	-0.0011551876891242724	-0.0031267318365515158	0.00018896339814318268	0.0004219862273840031	-0.0007162860813758303	-0.0	0.0	0.0	0.0	0.0	0.0	0.0	0.0	0.0	0.0	0.0	0.0	0.0	0.0	0.0	0.0	0.0	0.0	0.0	0.0	0.0	0.0	0.0	0.0	0.0	0.0	0.0	0.0	0.0	0.0	0.0	0.0
eti167	0.01630443914378147	0.17754211055197164	-0.017513046179661713	-0.022769955132206164	-0.026988350671848304	-0.055562268280460875	-0.08841170450388784	0.01928127178633068	0.03713238552250719	0.04536409787183047	0.012840876153440236	0.0022115500819179174	0.012580530375726671	0.04067601870347903	0.00030905694311280345	-0.027469995634919177	0.0024039801582816205	0.017941980122339794	-0.012142208054347636	-0.001985932718711398	-0.013838627635584215	-0.011456966657920446	0.011917720489836683	-0.006203168888182147	-0.002809405439317504	0.0023256495252217155	0.0015779891220582345	0.0008647995105475109	0.0013325042962328807	0.0007537486487620427	0.0010761250149861903	0.0008753868394862901	-0.0005039654427948742	0.0002860392588738423	0.0008737435752067448	5.019375870412376e-05	-0.0	0.0	0.0	0.0	0.0	0.0	0.0	0.0	0.0	0.0	0.0	0.0	0.0	0.0	0.0	0.0	0.0	0.0	0.0	0.0	0.0	0.0	0.0	0.0	0.0	0.0	0.0	0.0	0.0	0.0	0.0	0.0

Biplot	0	0

Site constraints	0	0
