Eigvals	35
2.94512870849146	1.0402838213456684	0.4224833610078648	0.181676845780033	0.1320427660600954	0.10867270769572299	0.08760953403998481	0.05726114699351165	0.03999103891267296	0.03495311841523148	0.02331793762596418	0.009034597841699576	0.008652330472202027	0.004846243819206911	0.002954584062972068	0.0013842142798523999	0.0010511025957225806	0.0007141972192423046	0.00042900971411183363	0.00036968136880505845	0.00012094691526795542	1.995801273892164e-05	0.0	0.0	0.0	0.0	0.0	0.0	0.0	0.0	0.0	0.0	0.0	0.0	0.0

Proportion explained	35
0.5771369680178263	0.20385738959332755	0.08279120885516535	0.035601983584017116	0.025875528438838544	0.021295856050353303	0.01716824826687808	0.011221079970384667	0.007836773611760101	0.00684952638123158	0.00456945863964328	0.001770449077687231	0.0016955387248840182	0.0009496856473633868	0.0005789898699303092	0.00027125511705401565	0.00020597747168806164	0.0001399564020722871	8.407013416385503e-05	7.244395931141355e-05	2.3701149551664542e-05	3.911036867961654e-06	0.0	0.0	0.0	0.0	0.0	0.0	0.0	0.0	0.0	0.0	0.0	0.0	0.0

Species	0	0

Site	35	35
ec1441	-0.04258108609721513	-0.4687542543279282	-0.12135015461307735	-0.0210191997394985	0.13156880919464725	-0.11829946616425922	0.1069194627849852	0.048050376494004024	-0.02927217602565594	0.024117875756126277	0.03259331815690926	-0.0011174363215767193	0.01209162151048009	0.010112404549751933	0.005962768074573233	0.00011127100263386705	-0.00047190497600492243	0.000835778484233868	0.0009553224342157326	-0.0006846439084029528	0.0001706609440106164	-0.00014979981387927907	-0.0	0.0	0.0	0.0	0.0	0.0	0.0	0.0	0.0	0.0	0.0	0.0	0.0
ec1449	-0.012183112179265924	-0.41333206389083876	-0.12658892238625283	-0.02104890789792158	0.05880385385527189	0.03449131691868993	-0.12235830700030956	-0.10249138647513416	0.09727574234366056	0.027710445063484142	0.023378436873147966	0.01009499639562171	-0.0003306384043202376	0.00013938592996059451	-0.004894370450126724	9.199408456557132e-05	-0.00022812351538593084	-0.0003289552966615076	-2.6544107202016234e-05	0.0008105883776644777	5.451689531214866e-05	3.98512071672056e-05	-0.0	0.0	0.0	0.0	0.0	0.0	0.0	0.0	0.0	0.0	0.0	0.0	0.0
ec1450	-1.0921801874096726	0.14614506332957158	-0.1166617446805289	0.1312031922487273	0.109654016405228	-0.0375758525729022	-0.11377116614167719	-0.004211858299273172	-0.04072676951013917	-0.008935664240961878	-0.015202024097048142	-0.01000571217787685	-8.719436465512389e-05	0.0019974944010926208	0.0014697858794312907	-0.0004155348669923946	-9.655964070241675e-05	0.0005249049083598507	3.4941630665322425e-05	-0.0008293817224154071	-6.039699276317782e-05	-9.734031370525813e-05	-0.0	0.0	0.0	0.0	0.0	0.0	0.0	0.0	0.0	0.0	0.0	0.0	0.0
ec1460	0.06740104707793064	-0.2290378196195342	-0.0030713382874808194	-0.03080982785730565	0.10990191261409538	0.06560094987722659	0.09901820942225088	-0.01934281298822066	-0.01850381135423088	0.029398911958425013	-0.03932069174289881	0.004485982615012688	-0.013206294667280995	-0.022615784398297256	-0.010184687193665455	0.003727776101754624	-0.0001864209204119373	-0.003765512388746776	-0.0021951264234707766	0.001877870077932902	-0.00025460948689299217	0.00034999543634833217	-0.0	0.0	0.0	0.0	0.0	0.0	0.0	0.0	0.0	0.0	0.0	0.0	0.0
ec1468	0.08638006062303195	-0.012349609587971993	-0.0003965032268492978	-0.006024907847680037	0.062170781326201845	0.1320102384475306	-0.06209183484633069	0.1719086781585736	0.04119319074845379	0.021500080075576	0.03847823695753431	-0.011508366246011962	-0.012113310603389564	-0.0024927642823814222	0.004174219488289096	0.0017648972993651018	0.0006704151301237046	8.38632913955048e-06	-0.0008488203999998593	-0.00025984542734160153	-0.00036978385672638584	9.405801908608301e-05	-0.0	0.0	0.0	0.0	0.0	0.0	0.0	0.0	0.0	0.0	0.0	0.0	0.0
ec1489	-0.3086436550745364	0.29800720240485773	-0.010590713645629949	0.05496476795902191	0.03861426602268814	0.030136355900821813	0.056884687176029	0.023773107577106205	0.017647388920258286	0.024819339099209428	-0.03214803515720874	0.0072666967283349275	0.020703819516036823	0.0028513758552790496	-0.0018383441997932798	0.0031032144986124304	0.0010711237599033356	-0.0009977288501920748	-0.00020374345475687242	-2.2125345220107013e-05	8.262851723070513e-05	5.4618327660651356e-05	-0.0	0.0	0.0	0.0	0.0	0.0	0.0	0.0	0.0	0.0	0.0	0.0	0.0
ec1490	0.1589561797678757	0.08755477602040009	-0.06310732148355101	-0.011957299904351877	-0.005933975687077462	-0.005660089847888859	-0.02240218637354713	0.005203983340786345	-0.013960752457930058	-0.004742778175863066	-0.00387565128130578	0.008202669967060669	0.011556090951679365	-0.00017535092580437037	-0.0014973364943132042	-0.0030020366082108385	-0.00646044477685772	-0.012480629877988644	0.005215079002171953	-0.005856890967409683	-0.002240089109653259	0.0024657852671865457	-0.0	0.0	0.0	0.0	0.0	0.0	0.0	0.0	0.0	0.0	0.0	0.0	0.0
ec1492	0.14367242111072864	0.060563059942322965	-0.014401092136075443	-0.002075940939558176	-0.0007848170897101192	-0.002760851211885299	-0.011299731472587131	-0.005503825466146638	-0.0024201140957655566	0.010885653166146746	-0.031063880936173908	-0.018453985764894577	-0.01900023834326183	-0.0016363182491190306	0.003382922296543916	-0.0016414586692515907	0.010598054269926223	-0.006623879800906791	0.007122108392661936	0.004683194183111498	0.0007632491800290941	-6.536994205026519e-05	-0.0	0.0	0.0	0.0	0.0	0.0	0.0	0.0	0.0	0.0	0.0	0.0	0.0
ec1497	-0.32943190953135076	0.05395893525915558	0.16650583046151818	0.1885670357303538	0.027448081506991438	0.03617044336420584	0.10163219518025442	-0.029302669656388048	0.05505777807278459	-0.024278298943374865	0.009133587406355411	0.008965061961998949	-0.009629019583055317	-0.003225257712171848	-0.005409984175764306	-0.0008406023324989027	-0.0016380561070901732	-0.0003045356505676669	-0.0001724241621184258	0.0011095962658922783	3.823536599676572e-05	-7.215287687497077e-06	-0.0	0.0	0.0	0.0	0.0	0.0	0.0	0.0	0.0	0.0	0.0	0.0	0.0
ec1498	-0.014461145110725467	-0.45382343853545004	0.05021760079648362	0.11538387312331963	-0.11944185521172018	0.0050140207001584435	-0.03202123363732782	-0.0054044913837144205	-0.08663130337075908	0.03163204908007335	-0.020234249974661212	-0.007386100784008866	-0.008011041481215259	0.0034757550833363115	0.005768168276759185	-0.0010762527405997772	0.0021919542294006524	0.0005480610828014278	0.00028547608370200805	-0.0011639632070434634	-0.00017427613497487317	6.39995332578854e-05	-0.0	0.0	0.0	0.0	0.0	0.0	0.0	0.0	0.0	0.0	0.0	0.0	0.0
ec1500	0.154400702822358	0.08560857026337339	-0.049814636199858216	-0.011926144267296884	-0.0035029194938173314	-0.006516546645708148	-0.013791315646452093	-0.00027947949740654365	-0.01607606193289514	-0.00808908858665096	0.0028792007478409703	0.005390125304522473	0.002644808792427645	-0.0007048977330242997	0.011570892865786024	-0.0027799207892116886	0.011005775545086279	-6.7475871711564365e-06	-0.008354265670688862	-0.0031959287390139627	0.003273352484597801	-0.00047208296270528433	-0.0	0.0	0.0	0.0	0.0	0.0	0.0	0.0	0.0	0.0	0.0	0.0	0.0
ec1503	0.13996372186681402	0.04828229541367026	0.017333834128722875	0.012086730131536466	-0.011417351973691876	0.0013372903400206116	0.0036974528829581874	-0.03913349229722172	-0.003369853707642837	0.008598139769204425	-0.0016493336228306345	-0.02237266570240603	-0.026006421960752174	0.000653866545059777	0.010082263435398585	-0.007613143597716583	-0.008855445955714282	0.0002859235171263997	-0.007685867481738021	0.0031632318522907448	-0.0012909070457960978	0.0002894905246549929	-0.0	0.0	0.0	0.0	0.0	0.0	0.0	0.0	0.0	0.0	0.0	0.0	0.0
ec1505	0.17440054146622225	0.09796698012717035	-0.05587858303105249	-0.006411565140507752	-0.017718578353273874	0.0016589847179542875	-0.005326308908164438	-0.026251111570420246	-0.020216106088257708	-0.018245171691605434	0.04320208200667756	-0.008699391409947615	0.019724637678630957	-0.005384300860107691	-0.0027026607221926663	0.005740518827478913	-0.011815250220133518	-0.00342485658251326	-0.0027955013451738593	0.0047252877154470505	-0.0009142971924185347	-0.0008306048827871672	-0.0	0.0	0.0	0.0	0.0	0.0	0.0	0.0	0.0	0.0	0.0	0.0	0.0
ec1508	0.1402702724334135	0.04452024794024256	-0.047255985378934814	-0.04015987179275257	-0.030018770855584014	-0.010308142318909336	0.013694775085881423	0.004507825961419286	0.007593360827203736	0.013079365966635188	-0.027427653637272686	-0.006673514806894001	-0.029886669257783972	0.03248561937303924	-0.007568744085655835	0.015749893287396476	0.001793029264312977	-0.0031090636264208505	-0.0009497986086128594	-0.0003988368107483507	7.479900047823052e-05	-5.41905989776213e-05	-0.0	0.0	0.0	0.0	0.0	0.0	0.0	0.0	0.0	0.0	0.0	0.0	0.0
ec1510	-0.13917435918151577	-0.17010583199377424	0.32517816388633125	0.00372099481410997	-0.08149039320551846	-0.15299337332472152	-0.06873671094931337	0.05716000618962799	0.03981866393272471	-0.004922844320074324	-0.0032528494268655693	0.011319582904930498	-0.002728590257880403	-0.007779165670104343	-0.005246446113311072	0.0008320630975607557	-0.0007684212077338048	-0.0013012664120963557	-0.0004637137198612729	0.0008549246245885132	5.168613931185433e-07	9.58164702730563e-05	-0.0	0.0	0.0	0.0	0.0	0.0	0.0	0.0	0.0	0.0	0.0	0.0	0.0
ec1511	0.11113232890475465	0.002800027461819471	0.008889947283522341	-0.01830653809893195	-0.017961214176917106	0.027792944121376974	0.02116481933050735	0.010441065729308295	0.03867064755235858	0.048329382270038856	-0.05480654531254306	-0.016290283631157688	0.029064314174016555	0.008117092916078985	0.008176486988814378	-0.014009915875899026	-0.008569541437962432	0.006609899718617818	0.0030756414810226896	-0.002376429458263681	0.00093532951604783	-0.0006883907276376748	-0.0	0.0	0.0	0.0	0.0	0.0	0.0	0.0	0.0	0.0	0.0	0.0	0.0
ec1514	0.16455909340874722	0.09185630023366628	-0.062361721027484746	-0.011822320403568409	-0.007663832395784238	-0.005072319909583712	-0.02501079131992786	0.010889556848097155	-0.010471141672327327	-0.0020688508189747215	-0.011659005709264406	0.0054953869739530195	0.0020086667778038397	0.0012787870056670517	0.0009869358780233114	-0.0034920898501946238	0.003143485521876862	-0.0008814844725767723	0.006364031697543035	0.011072869481113119	-0.002027368415220876	-0.001163907569473428	-0.0	0.0	0.0	0.0	0.0	0.0	0.0	0.0	0.0	0.0	0.0	0.0	0.0
ec1521	0.15529077786313733	0.08224907591955133	-0.05997864905792306	-0.014564550244118103	-0.009330438063037754	-0.009075392073619055	-0.017507546185075846	-0.005432564946649197	-0.021203241939036825	-0.006041083845321331	-0.0034740542554801265	0.02222329933710403	0.0038861831088932764	-0.013915372823680099	0.017736833445757196	0.009538092400668727	-0.0018791005703743273	0.0021462252357966646	-0.0004238750990867863	-0.0035617642268748104	-0.006216103159697691	-0.0010582863046233414	-0.0	0.0	0.0	0.0	0.0	0.0	0.0	0.0	0.0	0.0	0.0	0.0	0.0
ec1524	0.16745782898924383	0.09318308460752688	-0.06978885110843686	-0.01233862627463944	-0.012998456281374915	-0.00879161452633336	-0.03235329694676238	0.016968677988582148	-0.015663484765534495	-0.004255126698331039	-0.011640266095941867	0.013486195522395513	-0.01053705480347197	0.02489494430298986	-0.010355167851017602	0.006115250234819314	-0.011112107092212208	0.0029812595505200826	-0.00192943493495205	-0.00023522807218208605	0.0022264578942089277	-0.0002965860070274178	-0.0	0.0	0.0	0.0	0.0	0.0	0.0	0.0	0.0	0.0	0.0	0.0	0.0
ec1525	0.15914679047317035	0.0890475660320351	-0.062140798017474456	-0.01328434309135352	-0.006864834178664478	-0.011265399844068892	-0.020929211528809503	0.00040497972250808583	-0.024489068174329116	-0.008199484927481517	1.5328206127794185e-05	0.013838258497552677	-0.005363069671596821	-0.01750210305360866	0.011007448961237655	0.0007408729358260005	-0.009780983237354138	0.0016623307878999556	0.002314962259683906	0.003403159303172841	0.005753802905882914	0.0012491420591012978	-0.0	0.0	0.0	0.0	0.0	0.0	0.0	0.0	0.0	0.0	0.0	0.0	0.0
ec1526	-0.18875160326565837	0.08324094628849749	0.3637862008435988	-0.19869799759402285	0.13348306123754258	0.05147231599510964	-0.02675022628721697	-0.045068275472861165	-0.060233954274510754	-0.012611580418634787	0.015458053434073714	-0.0013489172553771778	-0.0008462032270452913	0.008454859387068601	0.0019327432572448639	-0.0011160336193711973	0.000282179768040766	0.0011391468158212803	0.0009397252389868138	-0.00044652828785804384	0.00031722286369235524	-0.00012918699468388874	-0.0	0.0	0.0	0.0	0.0	0.0	0.0	0.0	0.0	0.0	0.0	0.0	0.0
ec1529	0.08412872360926511	0.12846497100408066	-0.053701003288891665	0.014746508178269923	0.008502774476861295	-0.08437625847325307	0.02947882536497511	0.017245062241457464	-0.015054499435562425	0.0018301066319494558	0.03958860270115097	0.024019477712197774	-0.0007239156015558759	0.0023872448150807322	-0.019015123713886653	-0.007532107928869974	-0.00013829426918263645	0.0034404764187606555	0.0034988682458809476	0.0004686699404724569	0.00043660152349644227	-0.0006056765218825174	-0.0	0.0	0.0	0.0	0.0	0.0	0.0	0.0	0.0	0.0	0.0	0.0	0.0
ec1530	-2.7816716776440562e-05	-0.2871376958935863	-0.05424872546897766	-0.036207073584622565	0.0014088755372609067	0.02455008870484873	0.010033201919273116	0.030959159752081362	0.019037033943932614	-0.15323112402451633	-0.046052020123569196	-0.008896521758942314	0.013230595262310359	-2.426435987260873e-05	-0.0014558861598857778	0.00016674113225969236	-0.00040287261390608957	0.0009230719351981481	-0.0007750081959595599	0.0003264419888320824	7.494270892883067e-05	-9.158434093742331e-05	-0.0	0.0	0.0	0.0	0.0	0.0	0.0	0.0	0.0	0.0	0.0	0.0	0.0
ec1534	0.06723375413014315	0.10204102702185561	0.1312430791845315	-0.08323837040402939	0.019896542468530176	-0.10137938459560993	0.0014282829167938703	-0.005685482628634185	0.04852562859966457	0.020484938582402898	-0.02189661194794719	-0.009488519316721912	0.009022952795063903	-0.002989417257012528	0.0053147363003506936	0.002089824801089801	0.0006140980547580864	-0.0011213384910514716	-0.0007497648365570676	-0.000978465149494864	-0.000752270201586738	0.0001316120928762021	-0.0	0.0	0.0	0.0	0.0	0.0	0.0	0.0	0.0	0.0	0.0	0.0	0.0
eti146	0.15445935799884106	0.07479596581615788	-0.03454664785227659	-0.008555881126751723	-0.00013315047726575636	-0.001920168588997091	-0.011355907652474176	-0.0010217205875847955	-0.007512310219531724	0.00837931335564807	-0.027475195630874066	-0.0037264087499869554	-0.016561999577458828	-0.004808834850656127	-0.025151605289115628	-0.00766155636974579	-0.0008889792778266341	0.004286493396936373	-0.0025821665337722555	-0.004745359273555015	-0.0021498944040606433	-0.00028535563743207625	-0.0	0.0	0.0	0.0	0.0	0.0	0.0	0.0	0.0	0.0	0.0	0.0	0.0
eti147	0.15456810320527103	0.07904987523593203	-0.04115085795731566	-0.0060915302565621625	-0.013922628193575794	0.0062081930396075775	0.005676186965804749	-0.02757065926947432	-0.0052486932678703566	-0.021810144297587573	0.028049959382070083	-5.3315999578917976e-05	0.008888045131584301	0.0016627082022452912	-0.009052006429944692	0.003079230904773047	0.009884662663424556	0.004579346380463295	0.001970825742098193	-0.0013758276431662844	0.0003483431545440618	0.0008809955186264018	-0.0	0.0	0.0	0.0	0.0	0.0	0.0	0.0	0.0	0.0	0.0	0.0	0.0
eti149	-1.0241197963299997	-0.045222472270935114	-0.11200866586265537	-0.19681392800059666	-0.1787777695760329	0.04654875557848744	0.06732337579436654	0.0027252617995253024	0.014012554374693129	0.01562896592379946	0.017568467757524155	0.006480139151328397	-0.0036045487701361323	-0.0030613763347026577	0.0005554603130938278	-0.00019868189193067418	2.708752575296455e-05	-0.00027849824474186915	2.4242595985939293e-06	0.0006476726937219463	-3.5709001520720385e-05	8.33145905027676e-05	-0.0	0.0	0.0	0.0	0.0	0.0	0.0	0.0	0.0	0.0	0.0	0.0	0.0
eti153	0.1483737118867181	0.07057324876607024	-0.048799508372452886	-0.0198641578995882	-0.0121713726191549	-0.007615652772868754	-0.014820405454722269	-0.0021558109930959017	-0.004821842803339938	0.005926962975059914	-0.007430354947874235	-0.0019167415707650069	-0.015444869607560521	-0.03420956819409449	-0.002778067379277644	0.006763280869382247	0.0025443423828011777	0.010036343430370399	0.0033326499922439645	-0.003481090584473918	0.0012919000287635238	-0.00017458992224867256	-0.0	0.0	0.0	0.0	0.0	0.0	0.0	0.0	0.0	0.0	0.0	0.0	0.0
eti154	0.15689709790560474	0.07806276725782091	-0.05372739738852484	-0.017984413057954875	-0.008655334822388757	-0.0007503692400197713	-0.007195566908791653	-0.0011256886483035089	-0.005479765514742026	-0.002632750057461602	0.006272447094600014	0.005603384030897114	0.011936213049895044	0.012220177435354165	0.0011376160395299426	-0.009826077953668523	0.008904131088450298	0.008211570976017584	-0.004776663027321939	0.004710910975410787	-0.0025261284524876674	0.001990856003173859	-0.0	0.0	0.0	0.0	0.0	0.0	0.0	0.0	0.0	0.0	0.0	0.0	0.0
eti156	0.07213431733681895	-0.08433562249093322	0.12205325212180729	0.0723166111932854	-0.06967936682812348	0.0863411588215845	0.007896246188353823	0.0029801923004614196	-0.033953142326585896	-0.008304251069776598	0.043673248988389035	-0.0200161231636483	0.002036672686496106	-0.0024430910265223187	-0.00981594430895425	-0.006105275299678072	-0.002077729883814732	-0.0015297163952389837	0.0016389115276657655	-0.0010461279648273734	-0.0005279878428184078	-0.00027480598901967923	-0.0	0.0	0.0	0.0	0.0	0.0	0.0	0.0	0.0	0.0	0.0	0.0	0.0
eti161	0.14067502489702327	0.051637844811895046	-0.007678938729403514	0.018218085254518412	-0.009693008837529786	0.019048296470717655	0.02523933104665257	-0.049096812225152456	0.02362806518556938	-0.02446089835329057	0.029411658304770306	-0.01801832441892738	-0.007103207493560593	0.014373163021313558	0.01209463608978937	-2.1122268944667045e-05	0.0013352299585755202	0.0014311843434182219	0.007309861728831952	-0.0061475345068051634	0.0007889884355732508	-0.000659214545828843	-0.0	0.0	0.0	0.0	0.0	0.0	0.0	0.0	0.0	0.0	0.0	0.0	0.0
eti164	0.11133167045755904	-0.0009164248206429249	0.07858477110930649	0.061975051787895405	-0.04342262161365814	0.030979310215809665	-0.009229230750712022	-0.016757473709873422	-0.0059407600710603145	0.03238018943073221	-0.00022741680449828844	-0.016885910929292924	0.050807619381786545	-0.001045485927614865	-0.00684226606810582	0.01561807613334619	0.003628542457175782	0.00046105608680889373	-0.002116220872474081	0.0014566763661855893	0.0011732869826046974	0.00021084622794066094	-0.0	0.0	0.0	0.0	0.0	0.0	0.0	0.0	0.0	0.0	0.0	0.0	0.0
eti165	0.15677766368380586	0.07988490261839509	-0.06355846839787328	-0.019874237098673486	-0.015049143562527475	-0.004148028574849749	-0.014446409640094476	-0.0004990241838883462	-0.002470671542272496	-0.00012364655354012114	0.002201619467230363	0.014328815429677334	0.0100758741967723	-0.006509708557305293	-0.002755605966885392	-0.010093986270379574	0.005707089181561223	-0.013557120041665946	-0.00472886264211819	-0.0027854895441716625	0.0020264432848764303	-0.00143851860455727	-0.0	0.0	0.0	0.0	0.0	0.0	0.0	0.0	0.0	0.0	0.0	0.0	0.0
eti166	0.0786837109836194	-0.027458151605526834	0.10430676092066787	0.09083609627632501	-0.016985996129560844	0.05951608791144262	0.026130892044792308	-0.0072789191391699004	0.010766440192883768	-0.001295325845948808	-0.0027529415883142034	0.05472244202916683	-0.00909069198999939	0.011202104816627118	0.015713545462583016	0.0005294959587941872	0.0011003142730422503	0.0009636500788824702	0.00010991495897825957	9.871226019378316e-05	4.7431673394513674e-05	0.00010169775388685385	-0.0	0.0	0.0	0.0	0.0	0.0	0.0	0.0	0.0	0.0	0.0	0.0	0.0
eti167	0.0032597679946186884	0.16297865126105204	-0.035292213137506905	0.04505868582492465	-0.007835145019331283	-0.0903678404401131	0.055179443546417475	-0.009604374664930138	0.030493029855798243	-0.010453606235117343	0.02968453480816693	-0.03306427455373641	-0.01740313534789348	-0.005783921423867287	0.00949678354867399	0.0016633033628591762	0.000868720628453143	-0.0013637757586141845	-0.0023929431600918927	0.00018165473324895852	-0.00033888892448766814	0.0004406279354337457	-0.0	0.0	0.0	0.0	0.0	0.0	0.0	0.0	0.0	0.0	0.0	0.0	0.0

Biplot	0	0

Site constraints	0	0
