Eigvals	71
1.6931094480972348	0.9807765584385546	0.34466204432903097	0.23152942425576956	0.15288996648303058	0.14411748595394164	0.09483810757767719	0.08072086082348137	0.05980665497750251	0.04019249180016844	0.03536074409279984	0.033279397006357486	0.018533495387577925	0.012191118203349866	0.011374774869503168	0.00913845725202643	0.00870122367805376	0.006413507815456063	0.005998237160005901	0.005225871563529272	0.004220717548108599	0.003557548899299476	0.0029670416061760296	0.00244858442777085	0.0018010144262117916	0.0015543235283700246	0.001210938987743464	0.0012014332689664002	0.0009509774736721627	0.0006533775875964126	0.0005432476832555306	0.0005020330156532556	0.00036850548733970145	0.0002658589517922638	0.00012306714985970717	0.00010820579199719118	2.3056614027641616e-05	0.0	0.0	0.0	0.0	0.0	0.0	0.0	0.0	0.0	0.0	0.0	0.0	0.0	0.0	0.0	0.0	0.0	0.0	0.0	0.0	0.0	0.0	0.0	0.0	0.0	0.0	0.0	0.0	0.0	0.0	0.0	0.0	0.0	0.0

Proportion explained	71
0.4241936412644483	0.2457249175819208	0.0863520357493061	0.058007655468044976	0.03830523281771422	0.03610736518267282	0.023760851508575348	0.020223899829508746	0.01498402999006616	0.010069874376618439	0.008859322598076754	0.00833785944026061	0.00464340382876597	0.003054377156524666	0.002849849533283559	0.0022895598755491506	0.002180014859404462	0.0016068478246186381	0.0015028054240262567	0.0013092960350585135	0.0010574635606062242	0.0008913125039058362	0.0007433661090967146	0.0006134712351448007	0.00045122828195375225	0.00038942205298261406	0.0003033900845200913	0.00030100851050819845	0.00023825901968169374	0.00016369799265758168	0.00013610591632313952	0.000125779944813524	9.232580012841599e-05	6.660861585188741e-05	3.083338911001615e-05	2.711000695482268e-05	5.776631316189173e-06	0.0	0.0	0.0	0.0	0.0	0.0	0.0	0.0	0.0	0.0	0.0	0.0	0.0	0.0	0.0	0.0	0.0	0.0	0.0	0.0	0.0	0.0	0.0	0.0	0.0	0.0	0.0	0.0	0.0	0.0	0.0	0.0	0.0	0.0

Species	0	0

Site	71	71
SRR21280467	0.03784016103443289	0.0679487701423104	0.026519205075732955	-0.04642094376656592	0.0005080373401685164	-0.0031263243536118054	-0.0031472176032014258	-0.0009476082164113707	0.002622698365127745	0.008510807113784803	0.001825556307493157	0.013598776987834184	0.004426566075946758	0.0031468027899670997	-0.005209179985215697	0.004486578186887272	-0.0037148436077659073	0.004403337618463374	0.0026581650703439486	0.001290929758248188	-0.0006909713175057685	-0.0025070183705079136	0.003928323438051271	0.0011514544324151958	-0.001462320060253842	0.0034569297552886832	0.0030655989633188957	-0.00432112912145968	0.0012537421811914982	0.0034392743994456285	0.011180300355275737	0.0025263944161618554	0.0023027946147209295	-0.0005520141728998755	-0.001188084522134321	0.0010042282456416138	0.0006991740627870864	-0.0	0.0	0.0	0.0	0.0	0.0	0.0	0.0	0.0	0.0	0.0	0.0	0.0	0.0	0.0	0.0	0.0	0.0	0.0	0.0	0.0	0.0	0.0	0.0	0.0	0.0	0.0	0.0	0.0	0.0	0.0	0.0	0.0	0.0
SRR21280470	0.043553446798695945	0.08515044881928387	0.03190567966229056	-0.058714775429638634	0.002224408245125038	-0.0015091108997132734	-1.6516583558415412e-05	0.002986421222697329	-0.001691561623129877	0.006694322705614247	0.009970179807193225	0.01331159278355064	0.0018289725564180849	-0.0027851105093714278	-0.0027720449217512304	0.002519595223447206	0.006933115074040551	-0.002407885445366084	0.0018605084361081189	-0.00042405587008059736	-0.002716368614549399	0.005063509007151109	0.0024980988337380077	0.0008835421115110389	3.918592327326528e-05	-0.0030551142404330197	0.0023359488445182874	-0.0052664910680570165	0.0014421207124865212	0.0016039047126389801	-0.0034459448886400568	0.0029117140663369283	0.002264643717667668	-0.00176558842758802	0.0038891278455531436	-0.004499354250788515	-0.001658021733987687	-0.0	0.0	0.0	0.0	0.0	0.0	0.0	0.0	0.0	0.0	0.0	0.0	0.0	0.0	0.0	0.0	0.0	0.0	0.0	0.0	0.0	0.0	0.0	0.0	0.0	0.0	0.0	0.0	0.0	0.0	0.0	0.0	0.0	0.0
SRR21280471	-0.420496229784145	-0.13552402024194252	0.04027538293629024	0.017603282651156536	5.60704610379588e-05	0.034246759608584115	-0.009472457973234009	0.02086479813233175	0.05956050872707435	0.022936653231089777	-0.015106052592022043	-0.02995217807332698	-0.037341270896966226	0.021563141254931043	-0.0031863309519954627	-0.013717862738774253	0.008223679727128163	-0.004236454815860874	0.0021649753990534144	-0.0032149916039318897	-0.005872492372626407	0.00603964194991867	0.0029552976065456205	0.00213984925045544	-0.00041934475412479564	0.001424162810547169	8.380825231940157e-05	-0.002302763052575176	0.003190011643791182	0.00068381101542382	-0.000542854468458747	-1.2599643101637155e-05	-0.0005921839919377945	0.0008531495333091722	0.00039942489555943494	-0.00014398457248622018	6.715398625730289e-05	-0.0	0.0	0.0	0.0	0.0	0.0	0.0	0.0	0.0	0.0	0.0	0.0	0.0	0.0	0.0	0.0	0.0	0.0	0.0	0.0	0.0	0.0	0.0	0.0	0.0	0.0	0.0	0.0	0.0	0.0	0.0	0.0	0.0	0.0
SRR21280472	0.02519275849067379	0.020353050246874456	0.014717786235432443	-0.005000082755141624	-0.029189117820047218	0.01217183280004854	0.009271649424832192	0.024100057454559842	0.01310858277329516	-0.006597936015653355	-0.017148517666682565	0.040308912402186176	-0.003963532272746602	-0.0007678989653613575	-0.009940059404149378	0.008786922915116636	0.00045666713363410764	0.0036877353137349223	-0.0024729513266549905	-0.004631364244239531	0.0025968218767419733	-0.0028604615450688307	0.005568407029152244	-0.00023248002291688063	-0.005455081641595869	-0.004130053535296013	0.0006991451834809262	-0.00022579775160894825	0.0013519413770642314	-0.0010724843196533987	0.001610058207566063	0.0027208787063772886	0.0011140337002831684	-3.802945501788748e-05	0.0010263486303591874	-0.00016046512086265635	0.0001645378537483734	-0.0	0.0	0.0	0.0	0.0	0.0	0.0	0.0	0.0	0.0	0.0	0.0	0.0	0.0	0.0	0.0	0.0	0.0	0.0	0.0	0.0	0.0	0.0	0.0	0.0	0.0	0.0	0.0	0.0	0.0	0.0	0.0	0.0	0.0
SRR21280473	0.08498577242084294	0.01006790018145487	-0.02595936445869958	-0.09847475656016323	0.06728952980622217	-0.049816937797834214	-0.029351070740173516	-0.0628190993779524	0.11140095676188067	0.007665527621894392	-0.07526050915780602	-0.0008126817847885903	0.04218506927134934	0.01460728471506698	0.01593427960309693	0.024052198984514793	-0.009636350234360979	-0.00822039529582003	0.01570110633286882	0.011440121362209163	0.0060069536257157975	-0.001644589089594454	0.0019198559235069817	-0.0012129127845876752	0.0031821138151082854	-0.002095941337829889	-0.0014244547294870874	0.0013020659083590447	-0.0015680130316814973	0.00014770259482163603	-0.0026063211943847396	-0.0020602301629076107	0.0013249915439176915	-0.000662717176979905	-0.0005362867605955391	3.8832419000606465e-05	-0.0001704150679600482	-0.0	0.0	0.0	0.0	0.0	0.0	0.0	0.0	0.0	0.0	0.0	0.0	0.0	0.0	0.0	0.0	0.0	0.0	0.0	0.0	0.0	0.0	0.0	0.0	0.0	0.0	0.0	0.0	0.0	0.0	0.0	0.0	0.0	0.0
SRR21280476	0.05136062286770147	0.011457229680141566	-0.07179221280068787	0.11190546650666211	0.08312324819774906	0.06073706113217171	-0.19595510647975123	-0.01805240077142733	-0.0045812414593764715	-0.03815737163684075	-0.04511674458692851	0.06827964790669397	-0.017073321683438704	0.0026839848860715624	-0.00236204559319052	-0.0047625743809459175	-0.0006909664734561537	0.0017348308861309593	-0.007431314053843008	-0.002786387780871246	-0.0011400596008883071	-0.0026914315892949577	-0.0027765461456589293	-0.003237242167988814	0.0001627581470119908	0.000629566615593169	0.0005242714799816598	-0.0015821725458941937	-0.0009281347574453589	0.0008175892613495108	0.0011927511045732827	0.00011524028523447627	0.00014498858461144037	-2.67182329133835e-07	-0.00010364161948045922	-2.3670227246689885e-05	-6.246259926537142e-05	-0.0	0.0	0.0	0.0	0.0	0.0	0.0	0.0	0.0	0.0	0.0	0.0	0.0	0.0	0.0	0.0	0.0	0.0	0.0	0.0	0.0	0.0	0.0	0.0	0.0	0.0	0.0	0.0	0.0	0.0	0.0	0.0	0.0	0.0
SRR21280531	0.016658510674676934	0.026450943317214176	-0.01235849595920051	0.006283546335478449	-0.003645293687741768	0.002280905336976199	0.011417309941175733	0.02718496791007526	0.0035499551693846773	-0.026839455651186495	-0.006317421426890282	0.002691224727406829	0.02598994693399728	0.005789719457277049	-0.009827123096360637	-0.014167733453810774	-0.01662082245054665	0.007313408073657801	-0.027534854655053807	-0.01774440307585678	0.018537588466655226	0.005585376559699304	0.019476313992595595	-0.000808064763970287	0.015724202536870638	0.0016089732534626214	0.0018362067813551641	-0.0032882621819910526	0.007191382255876874	-0.0025515166585230024	-0.000871662241777214	-0.004331832129490096	-0.0008340839961491239	-0.0010253109649096253	0.00015956208764500538	0.001099759825984337	-0.0006019373137116569	-0.0	0.0	0.0	0.0	0.0	0.0	0.0	0.0	0.0	0.0	0.0	0.0	0.0	0.0	0.0	0.0	0.0	0.0	0.0	0.0	0.0	0.0	0.0	0.0	0.0	0.0	0.0	0.0	0.0	0.0	0.0	0.0	0.0	0.0
SRR21280536	0.04080292742652167	0.09868120074771242	0.025746255087724094	0.14058998858941232	-0.04587470269148378	-0.08031342321744818	0.03895941775678009	0.008050728222958091	0.011379876501311005	-0.0031095798927826515	0.026163110089748788	0.045890229264385525	-0.014089258617955026	0.038999111550087985	-0.010976979988567758	-0.01697665146916562	0.003550262035541905	-0.002755937960697031	0.003972982781806377	0.012307516475013897	0.00753271827942739	0.003286477749155962	0.006318722249262635	0.0012253204569573396	-0.0012604496146199483	0.00032929113521424936	0.0005865517317528133	0.004605044506016694	-0.0021988622751063012	6.731013573800439e-05	-0.0008285966822937659	0.00016679734443436433	0.0003269669942847309	-0.00045199990603496767	0.00039605617705065684	2.3063906537117938e-05	1.5366693195685486e-05	-0.0	0.0	0.0	0.0	0.0	0.0	0.0	0.0	0.0	0.0	0.0	0.0	0.0	0.0	0.0	0.0	0.0	0.0	0.0	0.0	0.0	0.0	0.0	0.0	0.0	0.0	0.0	0.0	0.0	0.0	0.0	0.0	0.0	0.0
SRR21280678	0.03691675857569129	0.08677504959313333	0.020400795680089828	-0.05291060117296839	0.011583087097243924	-0.0041199320476413785	0.0006254530297688453	0.007954236370483597	0.0007505402104838615	0.006355822238961591	0.0058703254712924174	-0.006361999766632873	0.004903395813082804	0.003663501315038298	0.0005491376575842954	-0.001745749279333326	0.01488024445942915	-0.001346384665846281	-0.006278668447236303	-0.007184422319545338	-4.790863938740321e-06	0.007816067934632822	-0.00390394953680262	-0.01331233742620354	0.005149770892109155	-0.006104068077916286	0.0006757700306124864	-0.0050724217274198125	-0.004045312250780503	-0.00716256406840363	-0.004687795842336133	0.002517590037515797	0.0006195419134599674	0.004975145433103629	-0.001441344438707219	-0.0018784825059126788	-0.00019537135644581935	-0.0	0.0	0.0	0.0	0.0	0.0	0.0	0.0	0.0	0.0	0.0	0.0	0.0	0.0	0.0	0.0	0.0	0.0	0.0	0.0	0.0	0.0	0.0	0.0	0.0	0.0	0.0	0.0	0.0	0.0	0.0	0.0	0.0	0.0
SRR21280682	0.02355105688699632	0.04796417185552695	0.012427143038438608	0.01627678460300293	-0.01919613161308282	0.024976972358726295	0.0028409277397646055	0.024162939489542696	0.024456529442625382	0.015609904925990995	-0.0058796924518929004	0.0008190690327010559	-0.0007968573710751228	-0.005810462953915499	0.008357267287890385	-0.004119690963337488	0.00012712555797764376	-0.01631169794401442	-0.02032578406118932	0.0026458552299090266	0.0007492604440296663	-0.012920619477834393	-0.007764438305537001	0.011827676734348222	-0.0008052841750282196	0.00280528851871514	0.009442634804681669	-0.00933561441694086	-0.005815651422696534	-0.004416092425573657	-0.0023931238207031006	0.0009545172876305344	-0.002475481859515248	0.002799690866989546	-0.0010248522225672887	-0.0004345969557172711	-5.682845080529537e-05	-0.0	0.0	0.0	0.0	0.0	0.0	0.0	0.0	0.0	0.0	0.0	0.0	0.0	0.0	0.0	0.0	0.0	0.0	0.0	0.0	0.0	0.0	0.0	0.0	0.0	0.0	0.0	0.0	0.0	0.0	0.0	0.0	0.0	0.0
SRR21280683	0.0333582239817684	0.0633702867210442	0.020025180764468412	-0.018188292387151337	-0.014179202896405684	-0.008207036051491281	0.01619119613301638	-0.002365946774448555	0.017758510198172515	-0.03574163780687215	0.004353973941533869	-0.009140377454186393	-0.007482869374261911	-0.0004425710714733334	0.014711032509316258	-0.000672309117102108	-0.012893939419031204	-0.011413532847871145	-0.01015354876886173	-0.001593901864192625	-0.011036283137692273	0.009057115581891968	-0.0038861223053157173	-3.8009951389837395e-06	-0.00313353809858424	0.006320679196380906	0.0029193014113482706	0.004984706416846895	0.0032069566765334694	-0.005679890410766523	0.0025742780819380685	0.0033994768859140715	0.0010763239100964304	0.00167261462638961	-0.0017075339649088343	-0.0002998010802886041	0.0003911509451666646	-0.0	0.0	0.0	0.0	0.0	0.0	0.0	0.0	0.0	0.0	0.0	0.0	0.0	0.0	0.0	0.0	0.0	0.0	0.0	0.0	0.0	0.0	0.0	0.0	0.0	0.0	0.0	0.0	0.0	0.0	0.0	0.0	0.0	0.0
SRR21280684	0.04351554000529539	0.09037149069066634	0.03340221182959583	-0.0490662666905516	-0.000611454469229755	-0.0031474484829510027	0.009970791215135135	-0.010598408754959824	0.008532813533736734	-0.017838440302936784	0.018214829608727365	-0.011153085939356981	-0.0178252306642522	-0.0039680237139539535	0.0032074823625966352	-0.0018694284264829115	-1.6110057604828205e-05	0.0005681013156428653	-0.0028412824627675735	0.00587342764766154	-0.0012452113274785028	-0.0043243302240625085	0.006078325434108768	0.011570053326898314	0.005964415743419317	-0.00637632119001077	5.540120826202251e-05	0.0022367449105089275	-0.004238580776842486	-0.003824564736348252	0.0019852536962887118	-0.0003639291580016354	0.0014753809766876855	-0.003003473242991526	0.00037907416589748105	-0.0010724809405241863	-0.0008141127751642598	-0.0	0.0	0.0	0.0	0.0	0.0	0.0	0.0	0.0	0.0	0.0	0.0	0.0	0.0	0.0	0.0	0.0	0.0	0.0	0.0	0.0	0.0	0.0	0.0	0.0	0.0	0.0	0.0	0.0	0.0	0.0	0.0	0.0	0.0
SRR21280685	0.04228479711160559	0.08663006785331014	0.02098797592317513	-0.013880191197959099	0.001211507169269692	-0.027659292671384082	-0.006042638707066162	0.0018069238712849936	-0.004636104373730322	-0.0017916983037233835	-0.015866057693740516	0.006613861717474895	-0.02095211968010771	-0.0022878797382553124	0.01366417215683156	0.010000110645722381	-0.02134826109960641	0.022651468141663068	0.009712018630695356	-0.0005391299837675102	-0.004356094762800121	0.006349221645410012	0.0075318515319182195	0.003516191954491543	-0.013275301819534324	0.001776476613147621	0.0015511137808525287	-0.0017207412972698284	0.0029785970180942335	-0.005255506505689129	-0.002625069636249099	0.0055519165858809475	-0.0008848242442368705	0.0025513066901268187	0.002132928631493588	0.00044097492260912664	0.000127134012761288	-0.0	0.0	0.0	0.0	0.0	0.0	0.0	0.0	0.0	0.0	0.0	0.0	0.0	0.0	0.0	0.0	0.0	0.0	0.0	0.0	0.0	0.0	0.0	0.0	0.0	0.0	0.0	0.0	0.0	0.0	0.0	0.0	0.0	0.0
SRR21280718	-0.3463260983746229	-0.2640708371219858	0.009413021702816377	0.05822508161950238	0.0047066344999864085	-0.05325060514090024	-0.08542981446879973	-0.04389903546399635	0.01696804917208501	0.06573944254642149	0.04622087924577513	0.003513594247725072	-0.001602519187516551	-0.01776746593510386	-0.0037428395718238413	0.001914271695237851	0.0002165142081193393	-0.003403023562168725	0.008147112163467139	0.0013177832211830505	0.0017253527179276818	0.0018446630329907873	0.002935829015563203	-1.6969584806785208e-05	0.0008801458566086641	-0.0008861810122155943	8.259294239037372e-05	0.00022828452409151027	-0.00013436339116910506	-5.5321593735562215e-05	-0.0005750969082604065	-0.0003300446933137472	2.0896914567452045e-05	-0.00012917768624979545	-3.770506966481585e-05	5.707691372011688e-05	8.823977452717348e-06	-0.0	0.0	0.0	0.0	0.0	0.0	0.0	0.0	0.0	0.0	0.0	0.0	0.0	0.0	0.0	0.0	0.0	0.0	0.0	0.0	0.0	0.0	0.0	0.0	0.0	0.0	0.0	0.0	0.0	0.0	0.0	0.0	0.0	0.0
SRR21280719	-0.05572894382366856	0.056848572381291776	-0.03437744637239227	-0.08223887664352487	0.04254419265227981	-0.020350803498220802	0.006955035157178249	0.013042670348606771	-0.055224488678994973	0.019030373081458874	0.017038190977690205	-0.012123145131621074	-0.01587604705529012	0.030498893653653682	-0.0002591000184269675	0.03325042348311642	-0.011377576201084167	-0.0010397828810086748	-0.016832440296121416	0.010912977845494491	-0.006492115851766758	-0.0187023423520469	0.0015816473401946082	-0.01347596851608197	0.00014407190702519877	0.004109884496970364	0.0038308894623286633	0.0018887566625702319	-0.001350392702227207	0.0018557771791345972	-0.000653417245140458	0.00012557922963503973	0.00032817958960871483	-0.0018718763603701191	0.000298250844352308	0.0007833985962183401	-0.00022068520990713408	-0.0	0.0	0.0	0.0	0.0	0.0	0.0	0.0	0.0	0.0	0.0	0.0	0.0	0.0	0.0	0.0	0.0	0.0	0.0	0.0	0.0	0.0	0.0	0.0	0.0	0.0	0.0	0.0	0.0	0.0	0.0	0.0	0.0	0.0
SRR21280730	0.022886191742388866	0.06671697232945166	0.014752385256177943	-0.02379431253281198	0.023176529789025884	-0.009999081065269198	-0.00991890977248877	-0.014019670904388616	-0.004276042101335769	-0.002443554066950343	-0.008015283440194546	-0.021091252549810185	-0.009681851903857541	-0.0019446099454715374	-0.004733599082565834	-0.023023649724795144	0.011763156277180555	0.005970450355450618	0.006667091973289619	0.015955474109836793	-0.005827787828315381	-0.010580538026913054	0.008082400590510557	-0.006166124452472706	-0.004875591771156891	0.002959443905459351	0.00326394294871701	-0.003733110448221014	0.008838888122097892	0.00587578849509739	-0.004455177002351724	-0.003177807114293838	-0.004371723754933617	4.734486970079205e-05	-0.002047055216386914	-0.0013227072261435425	0.00020945279300246895	-0.0	0.0	0.0	0.0	0.0	0.0	0.0	0.0	0.0	0.0	0.0	0.0	0.0	0.0	0.0	0.0	0.0	0.0	0.0	0.0	0.0	0.0	0.0	0.0	0.0	0.0	0.0	0.0	0.0	0.0	0.0	0.0	0.0	0.0
SRR21280741	-0.04493662010780826	0.036073225217663096	-0.005677692658040774	-0.017276215246204468	0.0319674205177017	0.010079375268589184	0.007513891933700542	-0.03259618696020008	-0.026975880329924738	0.017017164897424268	-0.016128475931858476	-0.0012151950680503029	-0.0010877072310008576	0.00639683207349311	-4.0769184777252515e-05	-0.008248578222492498	-0.019947204347614222	-0.017997986450343232	-0.006192990280675694	-0.0010769219816459596	-0.0002817362187493935	0.019973185568299703	-0.0163244949414365	-0.0053749448439517926	-0.004003231822760642	-0.0017662528192646642	-5.019167965918623e-05	0.004274294433374207	0.008078879817107578	-0.00041770373884988216	-0.0009192168369768381	0.0008241468577674316	0.0005390873776837768	-0.0004385355097844062	-0.0011802843667742201	-0.0004712553819163729	0.00023793926555836948	-0.0	0.0	0.0	0.0	0.0	0.0	0.0	0.0	0.0	0.0	0.0	0.0	0.0	0.0	0.0	0.0	0.0	0.0	0.0	0.0	0.0	0.0	0.0	0.0	0.0	0.0	0.0	0.0	0.0	0.0	0.0	0.0	0.0	0.0
SRR21280788	0.03816901205581915	0.08014904115138312	0.028695761385483368	-0.0547495568377012	0.005048144889659654	-0.0024040641793058844	0.0008194920112932662	-0.0002904235411688633	0.000716811220791147	0.006727880481504459	0.0026317316300133856	0.008553502424073985	0.006185877581964419	-0.0033401951627643448	-0.003344434127805631	0.004374403311409449	0.008896129932827878	-0.005406566828265881	-0.0004424956407168907	-0.0028104511073544906	0.0006303778955011369	-0.002007526474501445	-0.0024320173911443334	-0.0023266025264969785	0.0004876416469301286	0.001815259007653041	0.0012421601435932876	-0.003771476634354318	-0.0007654125219389059	-0.005845099035739437	0.0018238836104457871	-0.00429188383545408	-0.005817132982615935	-0.004723442813221476	-0.0019379819399848953	-0.003085144767875442	0.001365910876226623	-0.0	0.0	0.0	0.0	0.0	0.0	0.0	0.0	0.0	0.0	0.0	0.0	0.0	0.0	0.0	0.0	0.0	0.0	0.0	0.0	0.0	0.0	0.0	0.0	0.0	0.0	0.0	0.0	0.0	0.0	0.0	0.0	0.0	0.0
SRR21280789	0.047718303474166085	0.0602033501004712	0.024558424394581092	-0.04799159640240637	0.003400637839160903	-0.018117230997554204	-0.0182991996189922	0.01293119724658429	-0.008539750376408944	0.011773377491269636	0.011248164636429914	0.005078038576570763	0.00925513617725459	0.015566872183693233	0.00027209060227122113	-0.01867717143491178	-0.0023076992077421836	0.0050079948926487735	0.011800938913797207	-0.005978816338293697	0.004412851732681015	-0.008975000805318097	-0.004152150993385714	-0.0017589722661397	-0.004661084309869573	0.005497392758219201	-0.001580342609081247	0.007189560233629079	-0.0031146304800008144	-0.0027006064507833355	-0.004667672025437743	-0.0020674655242186564	0.0033498264578403626	-0.0007543203466579739	0.0009108283743682552	0.00015429698859137798	-0.00029219561316339905	-0.0	0.0	0.0	0.0	0.0	0.0	0.0	0.0	0.0	0.0	0.0	0.0	0.0	0.0	0.0	0.0	0.0	0.0	0.0	0.0	0.0	0.0	0.0	0.0	0.0	0.0	0.0	0.0	0.0	0.0	0.0	0.0	0.0	0.0
SRR21280792	0.03604318452925986	0.054023782797457044	0.019169574684926447	-0.01896358677920972	-0.00940454489403199	-0.015664339367592917	-6.1000249877197274e-05	0.0032463815324908054	0.00763698082777963	-0.0025183538414629177	-0.009861654171931923	0.002818198076681744	-0.01704261438342788	0.0032077766925721657	0.0022976180907005117	-0.007613259770746217	-0.01835622800908246	-0.00277726726322949	0.005155218138902702	0.006691231767094192	-0.002485047856546931	0.002218213282079738	0.004337844166439138	0.0019657281108602554	9.126662746167464e-05	-0.006734265023078811	0.00404454823388725	0.0021864290047220844	0.009110409953856102	0.0006515701896292498	0.0009318513465015345	-0.0003721273134654252	0.0017200547390102455	7.181039781181073e-05	-0.0007570724012456837	-0.0008101791828085756	0.00011175863616486097	-0.0	0.0	0.0	0.0	0.0	0.0	0.0	0.0	0.0	0.0	0.0	0.0	0.0	0.0	0.0	0.0	0.0	0.0	0.0	0.0	0.0	0.0	0.0	0.0	0.0	0.0	0.0	0.0	0.0	0.0	0.0	0.0	0.0	0.0
SRR21280795	0.02572042046059569	0.02718981736251963	0.009913589481782482	0.020695895509006832	-0.04287353913966554	0.038459756589790284	0.002311516306226332	0.030747279472100243	0.016991612560884845	0.019331795672179443	-0.010810958605346054	0.013057461505772971	-0.006226567526117606	0.014836520754355558	-0.0135408869827132	0.011315734084335788	0.004839182348779621	0.004797856601009142	0.010815857115475664	-0.012807727884646066	-0.005840744972472585	0.004175355366154267	-0.013356176624239305	0.0031623259494570457	0.009615278819053594	-0.0016434536225676088	0.006869417222631792	-0.00022619119666392103	-0.0010946951846581262	0.004461163493979739	-0.0025139657621637717	0.0012827629938755869	-5.7021258079721705e-05	0.0017455924695753975	0.0005422311540460633	-0.00010297495772784025	7.842146311214421e-05	-0.0	0.0	0.0	0.0	0.0	0.0	0.0	0.0	0.0	0.0	0.0	0.0	0.0	0.0	0.0	0.0	0.0	0.0	0.0	0.0	0.0	0.0	0.0	0.0	0.0	0.0	0.0	0.0	0.0	0.0	0.0	0.0	0.0	0.0
SRR21280798	0.032516812894512505	0.05844869052983585	0.017513994052236265	-0.00281353421778008	-0.01588963339701539	0.013731464664621771	0.0028215496240065895	0.019953126571943973	0.0151211490222314	0.02265710447000105	-0.005260520575019306	0.0010189112588776111	0.004222029621385875	-0.0037395675976827944	0.0034755280908091344	-0.004553418262068088	-0.019699993564422893	-0.007679167965979187	-0.00289251990494881	-0.007667616455921931	-0.028398251668156942	-0.003891348165381153	-0.003664080949718654	0.010428123838084847	0.005796122653479187	-0.001768895260923823	-0.005680234068685107	0.001796682117465897	-0.0019778705187874007	0.004659553762249544	0.0008486436348167359	0.0017096274566591751	-8.541120595561255e-05	-0.003758765247045943	-0.0008290377992937309	-0.0006122110859840639	9.828320251129825e-05	-0.0	0.0	0.0	0.0	0.0	0.0	0.0	0.0	0.0	0.0	0.0	0.0	0.0	0.0	0.0	0.0	0.0	0.0	0.0	0.0	0.0	0.0	0.0	0.0	0.0	0.0	0.0	0.0	0.0	0.0	0.0	0.0	0.0	0.0
SRR21280800	0.004040787840265274	0.025128175351864023	-0.0008160347458217425	0.021408211999191906	-0.0061114477227948005	0.02765994274934907	0.007046720203314849	0.009906433850134183	0.018506119913817225	-0.00411899915242522	-0.01796151766486735	0.006148351622090314	-0.003289543194787109	-0.008558256162125398	-0.009327411460599242	-0.0066812184151643405	0.013718343975785162	0.007823930184886353	-0.011878950084703103	-0.006337958660240604	-0.012475157931250005	-0.010976812574217391	-0.0024124331028413494	-0.0024546937403873543	-0.007327254964042772	0.00013077215831530748	-0.005587944837344673	0.0025556581114161026	0.0014214088449543644	-0.0011343734563618309	-0.0026366020209624076	-0.00536464009460195	0.0012664431269404394	-0.0016878227706731295	0.001959036861233087	0.0005289051561386718	0.0002224751737337183	-0.0	0.0	0.0	0.0	0.0	0.0	0.0	0.0	0.0	0.0	0.0	0.0	0.0	0.0	0.0	0.0	0.0	0.0	0.0	0.0	0.0	0.0	0.0	0.0	0.0	0.0	0.0	0.0	0.0	0.0	0.0	0.0	0.0	0.0
SRR21280801	0.03772200553494569	0.06692006387945576	0.026414369707220813	-0.04667196798226072	-0.002793072943947608	-0.007022451168857285	0.004934666953660762	0.0014504013141774415	0.0012989326112644254	0.0020289585634267445	-0.006498299432648517	0.013149775697872342	0.00864068458773181	0.001135072587774178	0.00012513082078929248	0.005251302748445234	-0.003534722007149189	0.0069283929289681145	0.0012687721550233549	0.00421653411103334	0.0021145176906875816	0.0019865270794307078	-0.0031812965534043077	0.0018739232151289496	-0.0036988135836333756	0.006835163224854754	0.0021696960739631985	0.007702515399906662	0.002447851269247469	0.006498969344459204	0.0006994536542904831	-0.002915371935903746	-0.008277218682549539	0.00214580832126117	-0.000245293608395466	-0.0008557555022952878	-0.001277962072603947	-0.0	0.0	0.0	0.0	0.0	0.0	0.0	0.0	0.0	0.0	0.0	0.0	0.0	0.0	0.0	0.0	0.0	0.0	0.0	0.0	0.0	0.0	0.0	0.0	0.0	0.0	0.0	0.0	0.0	0.0	0.0	0.0	0.0	0.0
SRR21280847	0.04180242044170606	0.07026497430088942	0.009310070041497713	0.051043095690107246	-0.027305143880056854	0.06485874397126773	-0.012338940787786181	0.06261340822934996	0.005264772612500557	0.04561235704993229	0.004520708889811347	-0.002970590971850956	0.017090343363540792	-0.014513341753665776	0.03839920716732669	0.006503405165069588	-0.010019408887365102	0.024877046695190638	0.008240090999863475	-0.00669301122958271	-0.006064688677315455	0.008999434372936668	0.010936755730458417	-0.0029963205712717107	-0.0021328524643450734	0.001516573297554429	0.0014012364199716973	0.003607496199329121	0.0008947551336172434	-0.0041144045161917294	-0.002869475077284429	-0.002714198857553471	0.000533362865312913	-0.0015532668771323713	-0.0014068565504152617	0.0009130264918899303	-0.00014349473749045787	-0.0	0.0	0.0	0.0	0.0	0.0	0.0	0.0	0.0	0.0	0.0	0.0	0.0	0.0	0.0	0.0	0.0	0.0	0.0	0.0	0.0	0.0	0.0	0.0	0.0	0.0	0.0	0.0	0.0	0.0	0.0	0.0	0.0	0.0
SRR21280848	-0.07327747332828471	0.006629495399005312	-0.017284096724210954	0.05392590217479612	-0.007688620179245178	0.05307977702027227	0.01351653604092545	-0.023897730615658783	-0.0357479807638227	0.026071033673909286	-0.010191829373249098	-0.004370070114635642	-0.018512692776635153	0.004863607106542164	0.00180066172731844	0.00046827669053311403	-0.014354527714439104	0.004919706266385965	-0.013930925665756957	0.027246511143096647	-0.0020892231993357158	6.854586986917242e-05	-0.006418442378698218	0.009610393540924675	0.003357464525747402	0.005076726715188067	0.0009249154130209986	-0.0011828663605665214	-0.0028270123659086908	-0.002294887706565503	-0.005704615791741075	-0.0014451800427480207	0.0017004221046271605	-0.0011242954608392092	-0.0011366779644276246	0.0004091889341194235	-0.0003139104135969207	-0.0	0.0	0.0	0.0	0.0	0.0	0.0	0.0	0.0	0.0	0.0	0.0	0.0	0.0	0.0	0.0	0.0	0.0	0.0	0.0	0.0	0.0	0.0	0.0	0.0	0.0	0.0	0.0	0.0	0.0	0.0	0.0	0.0	0.0
SRR21280897	-0.3239601102759583	-0.18781315104340549	-0.06384945200948956	-0.0740674477855512	0.03300575635049693	-0.10564304172920183	-0.06138835710388257	0.18252682074786578	-0.0033394433806228983	-0.02420960232922523	0.0031671281621977374	-0.020336492869693495	0.0024084657981124262	0.011018443087434679	0.004177601663002748	0.00267863919723282	0.0005650658263524595	-0.0027320447008600804	4.727370149783417e-05	-0.0015481724371607236	-0.0019045360095832407	-0.0037261614532576107	-0.0018174429791351255	0.0005962275315291493	-0.0008334931232154224	0.0005941419633490629	-0.0008175228430347726	-2.805267193912451e-05	0.0003232525557489677	9.799183439774651e-05	-0.00012791039850372266	0.00026022039314728266	-0.00010491430340516008	0.00013710126483850964	0.00015157828056734245	5.029829329958834e-05	-3.957942413026776e-05	-0.0	0.0	0.0	0.0	0.0	0.0	0.0	0.0	0.0	0.0	0.0	0.0	0.0	0.0	0.0	0.0	0.0	0.0	0.0	0.0	0.0	0.0	0.0	0.0	0.0	0.0	0.0	0.0	0.0	0.0	0.0	0.0	0.0	0.0
SRR21280898	0.03207830038700256	0.04192358454829388	0.0209365901375438	0.000769837247075426	-0.03614737158975136	0.05358157402913054	0.01097852393498773	0.010673025121134598	0.022858158960822564	-0.048593313411580505	0.04303775306933972	0.011785700741124438	0.01362107976435693	0.014119428310745837	-0.006897095508572924	0.013242149208905969	0.0008477192402015765	-0.0036003048063841057	0.01148302626336557	0.000472612425296771	-0.006082246902484595	0.0015978070811682667	-0.0037847823517537012	-0.00022498776611699317	-0.0020679123439343067	-0.0019144673038826573	0.0007213330679148365	-0.0019815157257859345	0.0005413745152948651	-0.0018172546784984275	0.0010363561343872587	-0.002540360122611003	-0.0013738871993981261	0.00106934198090098	0.0004929094361667064	-0.00037046357642891943	6.84418893973737e-05	-0.0	0.0	0.0	0.0	0.0	0.0	0.0	0.0	0.0	0.0	0.0	0.0	0.0	0.0	0.0	0.0	0.0	0.0	0.0	0.0	0.0	0.0	0.0	0.0	0.0	0.0	0.0	0.0	0.0	0.0	0.0	0.0	0.0	0.0
SRR21280902	-0.4103054232000506	-0.05528401296747432	0.05433189285211197	0.09198854940292224	-0.0164323462172322	-0.18622346275245544	0.0708361139548284	-0.04303856828273178	0.016648440638397436	-0.002859220432168782	-0.01351516495327519	0.03781492660414383	0.0018488831383966413	0.007035955586297227	0.008733216023128584	-0.0004313682489454053	0.006214309365916766	0.0007970066252653036	-0.0046070404186436455	-0.0021011705603630852	-0.00021138946945781166	0.00028190088650061106	0.00012581378590911265	-0.0007971776804596332	-0.0002824139399344212	0.000673656315080225	4.2782384900907185e-05	0.00017555767105661296	0.0002681247172462825	-9.993360236553803e-05	8.106929095221364e-05	0.0004524367311947067	0.0001832135397976846	8.625371615815448e-05	2.207574166449607e-05	2.8117638493486376e-05	3.926510541509499e-06	-0.0	0.0	0.0	0.0	0.0	0.0	0.0	0.0	0.0	0.0	0.0	0.0	0.0	0.0	0.0	0.0	0.0	0.0	0.0	0.0	0.0	0.0	0.0	0.0	0.0	0.0	0.0	0.0	0.0	0.0	0.0	0.0	0.0	0.0
SRR21280903	0.007120967077610449	0.06443159953152366	-0.02874049462559617	-0.05104105609692935	0.07085489229824936	-0.011424398808663517	-0.026019997057335913	0.00420635479659378	-0.06053616856093378	-0.00740273483658039	-0.007609329855438909	-0.0021969117058500244	0.006767550377684669	0.014919129526120069	0.016362089941046834	0.01327935545601714	0.024525697769265022	0.003168633993506968	-0.00012392189152487184	-0.004833643309850595	0.008793266794823966	0.009965215651910638	-0.0022011303838302605	0.022007855155147166	0.0054074888257974385	0.0029087710872743484	-0.010865950873926347	0.0036495508514206095	0.004111688127017582	-3.259816640516043e-05	0.0015082743035368144	0.00045494190988842306	-0.0006644724160379049	0.0018175136746933806	-0.00011452864806183565	-0.001119356799397257	0.00042787144869610823	-0.0	0.0	0.0	0.0	0.0	0.0	0.0	0.0	0.0	0.0	0.0	0.0	0.0	0.0	0.0	0.0	0.0	0.0	0.0	0.0	0.0	0.0	0.0	0.0	0.0	0.0	0.0	0.0	0.0	0.0	0.0	0.0	0.0	0.0
SRR21280909	0.033658323498016354	0.06700947332541168	-0.013115680765003128	-0.0289427233112035	0.021924860972996816	-0.01679000833453987	-0.014032430078728397	0.0138226105902372	-0.004475743122416259	-0.014672729424961046	0.0046686882596244685	-0.041849415088804534	0.029670684126501236	0.004250924221368448	-0.014738568299339156	-0.011200589300918103	-0.00574406990067679	0.0157259890779491	-0.007664987725442854	0.0022068116209596426	0.0044201149359434635	0.005771206005756363	0.0076059970093607515	0.0007539109347896639	-0.015132748572530911	-0.007173073200100164	0.00383953746644695	-0.0020774671391097536	-0.0060401384257305945	0.005305643038121821	0.003362834516863672	0.0033819541240473275	0.0014756322472124954	-0.0014602468311533316	-0.0017637669877610394	-0.0014751619383194157	0.000275592296782011	-0.0	0.0	0.0	0.0	0.0	0.0	0.0	0.0	0.0	0.0	0.0	0.0	0.0	0.0	0.0	0.0	0.0	0.0	0.0	0.0	0.0	0.0	0.0	0.0	0.0	0.0	0.0	0.0	0.0	0.0	0.0	0.0	0.0	0.0
SRR21280910	-0.016683790037006593	0.006987001886190408	-0.01137004991473804	0.01579270536959267	0.019773570438379743	0.016702837623482143	0.0008918348121968967	-0.007777253859944215	-0.027789248376849703	-0.042311086489245794	0.011562361246665676	0.010376787480872698	0.022336574208448926	0.003913292189141321	0.017187620467470112	-0.019142878480695773	-0.005248894224907061	-0.015426473470825087	0.0018799939145903	-0.0007447177850154895	0.010691809822683113	-0.01239512210405404	0.0008368589921853509	0.008702001082369707	-0.006251576937630469	-0.002388842624155186	0.008292383501927916	0.0031079401493106446	-0.001990402345267474	0.000802560921075237	-0.001524366615092271	-0.0018108435420449245	0.001689882889912173	0.0007525561254310214	0.0005828857525571482	-0.0007167884816364678	0.0005749167899098197	-0.0	0.0	0.0	0.0	0.0	0.0	0.0	0.0	0.0	0.0	0.0	0.0	0.0	0.0	0.0	0.0	0.0	0.0	0.0	0.0	0.0	0.0	0.0	0.0	0.0	0.0	0.0	0.0	0.0	0.0	0.0	0.0	0.0	0.0
SRR21280949	0.03616738935196593	0.07859011406361707	0.025008619093457345	-0.040975634433101954	0.003960431594225699	0.0009283312479860976	-0.005563248795823212	-0.0006610800957962972	0.011886003242081906	0.017829565451789445	0.006069929706278281	-0.007136231007220671	-0.003310593859783344	0.009305873398946578	-0.0025174163705571784	-0.0020505008618756137	0.0036952131898858155	0.002347584667966084	-0.007189723582168532	-0.007777838551062001	-0.0014404268719832218	0.003244366918597179	-0.010674011106820029	0.003530410755732173	-0.0039097613148940235	0.009605930113318983	0.0009895689814310264	-0.006466312764667433	0.0020576409242525563	0.0002995980862136675	0.004995299210202147	0.0011766364665534354	-0.00012735333640124825	-0.0006696276360951743	0.0001515208432947863	0.003805721029651844	-0.001525612503670208	-0.0	0.0	0.0	0.0	0.0	0.0	0.0	0.0	0.0	0.0	0.0	0.0	0.0	0.0	0.0	0.0	0.0	0.0	0.0	0.0	0.0	0.0	0.0	0.0	0.0	0.0	0.0	0.0	0.0	0.0	0.0	0.0	0.0	0.0
SRR21280952	0.03171349069570197	0.052021539559219836	0.02280440898787129	0.03090334167176458	-0.0423911115411162	0.06576382514257705	0.0027555846812032086	0.0290193293914741	0.02026085086316934	0.036084115488807564	0.012914224886935948	-0.00016389662381343612	-0.008493225537534184	-0.0074931576237823256	-0.002862552192240438	0.014266413585033494	0.003920652671997963	-0.02400418318190252	0.011373133604323531	0.011014367192008092	0.0114807516449278	0.002293975059191499	0.01194550751263024	0.0022569822717248477	-0.0015507897999101517	0.005947891532107986	-0.002098609418944471	-0.0036281361868139195	0.0014669991082817938	-0.003923609993652058	0.0034150120741462133	-0.0013783887982600452	0.0011066758703573004	-0.0019347432104479517	-0.0006843465083327538	3.904085038978699e-06	-9.298029638074336e-05	-0.0	0.0	0.0	0.0	0.0	0.0	0.0	0.0	0.0	0.0	0.0	0.0	0.0	0.0	0.0	0.0	0.0	0.0	0.0	0.0	0.0	0.0	0.0	0.0	0.0	0.0	0.0	0.0	0.0	0.0	0.0	0.0	0.0	0.0
SRR21280954	0.09483717019029113	-0.10239325463520405	-0.1159213618147208	0.042288247727529926	0.17379867556613268	0.039994193274278646	0.09609525866774246	0.023833433827742008	0.10831758575953436	0.008685712974022007	0.020693438390866858	0.018703421093436128	-0.005228723627661889	-0.013818508380835611	-0.021574837781163793	-0.011160817576183773	-0.0062826517283881625	0.007320455623477831	0.0009207459782898885	-0.0030185783193782153	-0.0018391257087240476	-0.0012942870808320488	-0.0018796392326060323	0.0012742141329433302	0.0015765751263477092	0.002477267512497904	0.0010997623355952764	0.000585525914764223	0.0008440657653342272	-0.000312214978472981	0.0009411834428549398	0.0006779361485283076	6.021269372572927e-05	0.0002986702664162476	0.00014811861696470682	-2.603468977533776e-05	6.491183146730518e-05	-0.0	0.0	0.0	0.0	0.0	0.0	0.0	0.0	0.0	0.0	0.0	0.0	0.0	0.0	0.0	0.0	0.0	0.0	0.0	0.0	0.0	0.0	0.0	0.0	0.0	0.0	0.0	0.0	0.0	0.0	0.0	0.0	0.0	0.0
SRR21280955	-0.26924981112839413	-0.05880424730364889	-0.02592909182590654	0.037683864720336184	-0.03793580162140688	0.05175984073322862	-0.008551221913714747	-0.07493862864429379	0.03178185549273757	-0.0288419877580662	0.050444528721600046	-0.008083307266078317	0.03311005222356864	0.013565834427381894	0.011414065403689022	0.002156993071763091	-0.01351014781101455	0.01335848889321805	-0.012046825816790063	-0.003485468278565304	0.005768558699085746	-0.0066041440716196964	-0.011370182085447399	-0.0011108649534637303	-0.0015587342682751716	4.6069916686279234e-05	-0.003157649843943393	0.002808067865191198	-0.0008563614766003271	-0.0007691115796420983	0.001031486664059281	0.0013499087057209538	-0.0003806959130819333	-0.0004159702988282774	1.8784202230779464e-05	-6.66509497092091e-05	2.540211360805175e-05	-0.0	0.0	0.0	0.0	0.0	0.0	0.0	0.0	0.0	0.0	0.0	0.0	0.0	0.0	0.0	0.0	0.0	0.0	0.0	0.0	0.0	0.0	0.0	0.0	0.0	0.0	0.0	0.0	0.0	0.0	0.0	0.0	0.0	0.0
SRR21280956	0.016450885648025108	0.03983120637630543	0.00022269322546830794	0.05413666766078618	-0.023540027736599776	0.05444076622869404	-0.00794466955225676	0.02184826471095619	0.01289145637839719	0.023283547314030446	-0.003624959078809923	-0.0261209651634561	0.030115256987833062	0.00410973175930181	-0.011854614599812002	-0.016172013975598747	0.0005720451104995828	0.008335822291111915	0.0017782805147279722	0.012636727650865168	-0.00019179825557165964	-0.01055586465329841	-0.002949373775533447	-0.0079074050149368	0.005141144839540722	-0.00029101013825664216	-0.00930141267535837	-0.0024811399960740694	0.002199361760702443	-0.0001023294765497332	0.001343918116592864	0.007671333159082621	-0.0009583600212857805	0.0027719262335050895	-0.0006142692927356483	-0.0011225047151688721	0.00037495483871759336	-0.0	0.0	0.0	0.0	0.0	0.0	0.0	0.0	0.0	0.0	0.0	0.0	0.0	0.0	0.0	0.0	0.0	0.0	0.0	0.0	0.0	0.0	0.0	0.0	0.0	0.0	0.0	0.0	0.0	0.0	0.0	0.0	0.0	0.0
SRR21280958	0.04643441630084423	0.09191346947014027	0.035978079373569394	-0.06377488969579606	0.0025013456006004716	-5.22400949829155e-05	0.0006782767129501459	0.0027630663443540893	-0.00019119768240574144	0.006494319483051706	0.013613788439437675	0.006967839372583982	0.0014645858635474022	-0.0010893553849561706	-0.0029627307667737524	0.002049982886194865	0.007483199967618219	-0.006594693341839951	-0.0001787390816820702	-0.007321022373576961	-0.0012859897065302362	-0.00011872124092165042	-0.0011634249904946064	0.0008492812514772007	0.00028899374751262876	-0.0061436952774026315	0.0027630150219196733	-0.0010530300968454721	0.0037051059825448252	0.0008715738781025418	-0.0062135858223103906	0.0012835287090236347	0.0005997621929215776	-0.0023801925024937404	0.0017234745054608867	0.0033995215316430204	0.002638345397520459	-0.0	0.0	0.0	0.0	0.0	0.0	0.0	0.0	0.0	0.0	0.0	0.0	0.0	0.0	0.0	0.0	0.0	0.0	0.0	0.0	0.0	0.0	0.0	0.0	0.0	0.0	0.0	0.0	0.0	0.0	0.0	0.0	0.0	0.0
SRR21280960	-0.028499849756181354	0.016375568330718192	-0.011467581107823584	0.05931083457183718	0.0025168995158399102	0.05824789168018525	0.006809963000491821	0.0017189299134605593	-0.03369295770157986	0.03503466702236947	-0.014996946445865928	-0.010513153247286043	0.017714990158334422	0.0065267522716718875	0.01687684951260609	-0.010215818911360442	0.010129018328318131	-0.011075503282628362	0.003986498207100373	0.00383313559770976	0.0024748816505048483	0.004909931865574514	-0.00444073270780186	0.002975099373513973	-0.0015922424064804066	-0.007180079772983339	0.0030772491527776276	-0.006883491231359271	0.00422975254626456	0.004565173273044063	0.002249932053238558	-0.004099474240370919	0.0008664290430410672	0.0005117889302391099	0.0023421203643159984	0.000506266322799109	-0.0001507010239088898	-0.0	0.0	0.0	0.0	0.0	0.0	0.0	0.0	0.0	0.0	0.0	0.0	0.0	0.0	0.0	0.0	0.0	0.0	0.0	0.0	0.0	0.0	0.0	0.0	0.0	0.0	0.0	0.0	0.0	0.0	0.0	0.0	0.0	0.0
SRR21280962	-0.0175561812093371	0.01438045098909682	-0.00538866923354101	0.017029128709276135	0.003974139858020381	0.04327122008216285	0.01576967845337968	-0.01140838747370604	-0.012702836166566629	-0.027676433276824574	-0.0071287103166729066	0.015621962747694146	0.0006437434084559904	-0.0001916515178304406	0.00434081027746131	-0.004205664479664928	0.024998594397918673	-0.01349752730089603	0.007037280748553553	-0.0027680274823274906	0.010295456822428259	0.004920643699829189	0.005247028876838525	-0.005104766673729794	-0.007050572164854095	0.008983463300831914	-0.004020111995328645	-0.003011061034039432	-0.000676974371016776	0.00045667272963926343	-0.004517071914851003	0.007272314688286527	-0.0020136494562665048	-0.00514626868360026	-0.0021156568685853985	0.0019889431125087505	-0.0005676768988911277	-0.0	0.0	0.0	0.0	0.0	0.0	0.0	0.0	0.0	0.0	0.0	0.0	0.0	0.0	0.0	0.0	0.0	0.0	0.0	0.0	0.0	0.0	0.0	0.0	0.0	0.0	0.0	0.0	0.0	0.0	0.0	0.0	0.0	0.0
SRR21281007	-0.169812409641491	0.027420910064429718	0.0006910408124164739	-0.12187328166777534	0.01830010646880918	-0.023596736307976988	-0.006830197333354815	-0.09298644441245651	-0.02780567286181588	0.03562897939125587	0.017922719467696573	0.012708618545727081	-0.0015192945141709717	-0.016618399549925503	-0.0029962977292992366	-0.017170720006432324	0.008982610457750197	0.01718204978407895	-0.0025849865571325307	-0.00856980416792755	0.0007790927245123192	-4.524363318494138e-05	-0.0008878529512859719	0.003010524987290807	-0.0008501466591209858	0.0016232854061792432	0.00030527279091134807	-0.0018820887341991163	0.0004014615060620077	-0.0006358935613043598	0.001263069799714095	0.00037353019866284	-5.020684460988859e-05	0.0006730638007100124	-0.0002818974861489302	-0.00035159621310875056	8.299042988284126e-05	-0.0	0.0	0.0	0.0	0.0	0.0	0.0	0.0	0.0	0.0	0.0	0.0	0.0	0.0	0.0	0.0	0.0	0.0	0.0	0.0	0.0	0.0	0.0	0.0	0.0	0.0	0.0	0.0	0.0	0.0	0.0	0.0	0.0	0.0
SRR21281018	-0.0288385148929911	0.05205175448082974	-0.0007934932839508749	-0.023813294306966958	0.04412815363171919	0.016073127042493137	0.010854382060813381	-0.036043908273537026	-0.020144456790262357	0.004429996153466877	-0.0030166553238898503	-0.01532826007659035	-0.0016533193315247964	0.009067222923764289	0.008650357408363143	-0.013180038518085607	-0.009510387599587389	-0.008991449106723505	0.005685682451022394	-0.005072467981532003	-0.006819490424548048	0.005432817082949906	0.006625763176707045	0.001315319157459262	-0.004289693325027014	-0.0069236296556329366	0.0011792364980528851	-0.0067201631567233525	-0.007877072262046553	-0.0004795042360618173	0.0020667906122428317	-0.0012939615150437962	-0.0012720856394972614	5.378651830957528e-05	0.0024635600058191937	0.0015245735015005793	-0.00047475087555354266	-0.0	0.0	0.0	0.0	0.0	0.0	0.0	0.0	0.0	0.0	0.0	0.0	0.0	0.0	0.0	0.0	0.0	0.0	0.0	0.0	0.0	0.0	0.0	0.0	0.0	0.0	0.0	0.0	0.0	0.0	0.0	0.0	0.0	0.0
SRR21281022	0.09817678115616103	-0.08665331774246987	-0.007347453254559454	0.01849850810008491	-0.008921247085677606	-0.031179182136902853	-0.04523319232790849	-0.0006598770262783795	0.0040028486012360824	0.038711857352128	0.024409119303918276	0.03341819707933187	-0.005494935967052875	-0.01416454227137588	-0.0021612990129560084	0.01790152646823478	0.0013307011398333468	0.005560713002097804	-0.013335287832670656	-0.01271560758787035	0.006151352154452996	-0.006934933866474669	0.002107060139555799	0.00377813644410545	-0.004214335531304945	-0.004079304077465116	-3.203664622440096e-05	-0.002120935979378525	6.027264593371429e-05	0.0008327181199543442	-0.0006888518753844701	0.0017736831794930334	-0.0011945710593956208	0.0006361038038483402	-0.0007520961588240769	-0.0007489635771324782	0.00022014496766680386	-0.0	0.0	0.0	0.0	0.0	0.0	0.0	0.0	0.0	0.0	0.0	0.0	0.0	0.0	0.0	0.0	0.0	0.0	0.0	0.0	0.0	0.0	0.0	0.0	0.0	0.0	0.0	0.0	0.0	0.0	0.0	0.0	0.0	0.0
SRR21281023	0.19345731879194228	-0.32240743856860593	-0.11078451679015153	0.021117472719377403	0.1948572032917503	0.02055192499914442	0.09148395716297125	0.014409877890491129	-0.058502532922932386	0.009157024590043226	0.018960782580945773	0.012771775565039653	0.0020027538460863016	0.0004264523637941061	0.006460210829570012	0.007281122757651793	0.002642393768717081	-0.00032378388746649505	0.0032967458194985053	0.0022954630250949493	0.0022991705605490114	0.001831722686329399	-0.002001355909660203	-0.0004325794109818922	-0.001371847918720177	-0.0008671828619122025	-0.00013884105323089724	-0.00018432551384667508	-0.00032475895342824393	-0.0001373517246782822	-0.0004020903843490984	0.00039599994585550727	-0.00013236403894677289	8.879860997613193e-05	-4.200849212812469e-05	-0.0001328833463681674	2.4967424134443905e-05	-0.0	0.0	0.0	0.0	0.0	0.0	0.0	0.0	0.0	0.0	0.0	0.0	0.0	0.0	0.0	0.0	0.0	0.0	0.0	0.0	0.0	0.0	0.0	0.0	0.0	0.0	0.0	0.0	0.0	0.0	0.0	0.0	0.0	0.0
SRR21281024	0.38314330011207204	-0.379170864446341	0.0756878728154485	-0.02611448486446091	-0.07620179468163153	-0.0018744462902726146	-0.0012282745618673982	-0.005024459456665503	-0.007940422462718252	0.007137520455616997	-0.013197630580083225	0.0014449452047989365	0.015391130369337386	0.015587878796248324	-0.004145791429398872	-0.0026676360012503433	0.003982292316353509	0.0054574683731064225	-0.0021655280363307577	-0.008217371805775638	-0.0022270085033369376	0.015123281777313143	-0.0041265879074203335	-0.009061091861216803	-0.0003721683737069714	0.010494535890078947	0.005588446441521424	-0.0007619405150664863	-0.007572801741430676	0.002690029357257544	-0.0012777223535700973	-0.002218399310697191	0.0009504823852039446	-0.000638996108677106	0.00028038525594955383	-0.0005420728474802523	0.0003025700422932973	-0.0	0.0	0.0	0.0	0.0	0.0	0.0	0.0	0.0	0.0	0.0	0.0	0.0	0.0	0.0	0.0	0.0	0.0	0.0	0.0	0.0	0.0	0.0	0.0	0.0	0.0	0.0	0.0	0.0	0.0	0.0	0.0	0.0	0.0
SRR21281045	-0.1966470042984074	-0.08773696605742216	-0.4554054505583612	-0.12192548895767401	-0.16276005056124976	0.016550982550004454	0.03180309403751866	-0.013742928441975442	-0.0074139845886576445	-0.0004410869157557736	-0.015606734587193064	0.018653798488775	0.0003637580864189885	-0.006366201215090692	-0.00043754370426279157	-0.006052922787379639	0.0021058271001704295	-0.002256314758531799	0.005193793137005008	0.000448615150638161	-0.0012867014355377939	0.0006355165472529445	0.001449704624804989	0.0001590364469699553	0.00014337986531827126	7.648463581890963e-05	0.0003553115675563203	-0.00018186954710417	-1.3189904716227435e-05	-0.0001982725598446652	0.00019594772798260386	-0.00017797530974342457	-0.000179779621659404	5.114015787984771e-05	0.0001145795076582253	7.068257103305388e-05	-1.4623599752900277e-05	-0.0	0.0	0.0	0.0	0.0	0.0	0.0	0.0	0.0	0.0	0.0	0.0	0.0	0.0	0.0	0.0	0.0	0.0	0.0	0.0	0.0	0.0	0.0	0.0	0.0	0.0	0.0	0.0	0.0	0.0	0.0	0.0	0.0	0.0
SRR21281047	0.03331640681136124	0.04132406003434411	0.019794370197443054	0.001048858370241396	-0.03534855666040461	0.023493560165133553	0.021768991293065067	0.012399157330825934	0.022305051205856047	-0.05348841259325755	0.02272645553066656	0.010461479165656873	-0.014269182488709401	-0.009999454341580291	0.0148619363315296	0.003433705261378812	-0.004657218451811146	0.005557491312491507	0.0007487227277079812	0.0030195188370687296	0.004700349642108479	-0.004193986296354032	-0.006552485285679892	0.0030538204388992425	0.0036783429153265565	-0.0015695047792774481	-0.005956427122041188	-0.0026107310237685525	-0.0010730924905283307	0.006384270246281236	-0.003582975165937425	0.0009948240985363833	0.0016327292142238245	-0.0006850426205696866	-0.0012006674542512732	0.0005000044413860393	-0.00029153466131490017	-0.0	0.0	0.0	0.0	0.0	0.0	0.0	0.0	0.0	0.0	0.0	0.0	0.0	0.0	0.0	0.0	0.0	0.0	0.0	0.0	0.0	0.0	0.0	0.0	0.0	0.0	0.0	0.0	0.0	0.0	0.0	0.0	0.0	0.0
SRR21281049	0.03413747483303177	0.055008276767657585	0.017762207909984742	0.019763909218416552	-0.03406939972021544	0.034631148054461484	0.007403454503474274	0.04297933815817836	0.019360594315407327	0.03616155738833025	0.0053717753133580536	0.004477564245512789	-0.004354027447228532	-0.02209518317373387	0.020054322787256496	0.00306010968910614	-0.0011821413327415113	-0.020715731970339896	-0.013538490455579864	-0.001101362179916497	0.01796104710486429	-0.0030278655673506836	-0.0008613680443489737	-0.012793275990972651	-0.005837016838826261	-0.00015724133714005884	-0.0043886910578803924	0.006249498365988528	-0.001143155200133896	0.005072569646877046	0.0031525838795979167	-0.0010333944290361362	0.002012259791871392	0.002979158800169006	0.001638993366594582	-0.0007867035962012788	-9.447098917849551e-06	-0.0	0.0	0.0	0.0	0.0	0.0	0.0	0.0	0.0	0.0	0.0	0.0	0.0	0.0	0.0	0.0	0.0	0.0	0.0	0.0	0.0	0.0	0.0	0.0	0.0	0.0	0.0	0.0	0.0	0.0	0.0	0.0	0.0	0.0
SRR21281050	-0.005157720297947259	0.02956910766715269	-0.002713114999983809	0.03055021894068263	-0.004621190532709112	0.03341148011254991	0.015963781965449376	-0.01889902994663116	0.000864812125383066	-0.0614378044618733	0.012509887990571558	-0.00594990795777865	-0.01503783089531638	-0.006058997899654566	0.019181876565085212	0.004065364119691394	0.013327031205408074	0.0032235177765216794	0.006176946358420166	-8.462111855152313e-05	-0.009403240678622775	-0.0013010346051001325	-0.004443803952596923	-0.012311806093498592	0.003509870871307809	-0.00012907071632620935	0.003667918065182459	-0.0007226090774625976	0.0065941161311811195	-0.0015769060168885514	0.0036545533366374684	-0.0014314789327746858	-0.0008478829957942777	0.001423575209786647	0.0015751118234453587	-0.00017362146926355892	-2.9865889467451373e-05	-0.0	0.0	0.0	0.0	0.0	0.0	0.0	0.0	0.0	0.0	0.0	0.0	0.0	0.0	0.0	0.0	0.0	0.0	0.0	0.0	0.0	0.0	0.0	0.0	0.0	0.0	0.0	0.0	0.0	0.0	0.0	0.0	0.0	0.0
SRR21281052	-0.015039963304002122	0.01597364278546586	-0.005968939946587561	0.03851006543195093	-0.0023941083753683174	0.050401166817591075	0.007425037487736045	-0.008273313565440282	-0.0010492809034931265	-0.004003698462037126	-0.011692450303530945	0.0013989627102398117	-0.00870464126611062	0.007743857641256012	-0.003585243468153675	0.00018882640984005584	0.018020369276564068	0.00044735136654850104	0.0015835828447937066	-0.010422167342784129	-0.016089558766508413	0.002628415503302094	0.011455922021776404	0.0005023958174570739	0.0029624328231371596	-0.0032050762381396693	0.0017048091478840558	0.008849653732497596	-0.008317643701302143	0.0015062156089181242	0.0029963912108773747	-0.0017317383402950886	-0.0022078317716946252	-0.0005520733891633486	-0.0008129403336646363	4.525139508506708e-05	-1.8384953695964708e-05	-0.0	0.0	0.0	0.0	0.0	0.0	0.0	0.0	0.0	0.0	0.0	0.0	0.0	0.0	0.0	0.0	0.0	0.0	0.0	0.0	0.0	0.0	0.0	0.0	0.0	0.0	0.0	0.0	0.0	0.0	0.0	0.0	0.0	0.0
SRR21281054	0.018503682813360144	0.06717649201058412	0.019418485435667723	-0.04192468842121105	0.019392836056658647	0.0050546838354657096	0.003574937733843659	-0.013774489854112924	-0.004655428467709723	-0.0061427840180828044	-0.018257452678211626	0.004293684812391678	0.01632548998971974	-0.015647313844941935	-0.011837871104210373	0.0026824092175626543	0.022586043201851574	0.0028322408778728983	0.003586375847980975	0.00721442085096981	-0.00583738339317905	-0.009477947729113376	-0.0012099997270833614	-0.00284978512180456	-0.000516325919168438	0.0021429943019892913	0.0002706564010618066	0.003164655698479671	0.001013951110346893	-0.003614495894829777	0.0009464475496501355	0.00012861617075557823	0.006743265474505819	0.0005622472659236467	0.000590081330128524	0.0014668212129401712	-0.0005245840473924236	-0.0	0.0	0.0	0.0	0.0	0.0	0.0	0.0	0.0	0.0	0.0	0.0	0.0	0.0	0.0	0.0	0.0	0.0	0.0	0.0	0.0	0.0	0.0	0.0	0.0	0.0	0.0	0.0	0.0	0.0	0.0	0.0	0.0	0.0
SRR21281056	0.04156759989423288	0.08778244585883373	0.02744083873377739	-0.04007933677513044	-0.0033117021590332676	-0.014913773642479691	0.002644065376296715	-0.005023078547514456	0.004287141867786071	0.004235739255184873	0.003030608433907151	-0.013927227521187755	-0.022718585013406286	-0.0023087434748291173	0.004049652993147756	-0.0024972766862908363	0.0016150420398166935	0.005373505791112106	-0.005273125943899706	-0.004369632894163545	0.010037640686282566	0.004329598593519897	-0.005158111531875839	-0.006340387235470989	0.010803444129746442	-0.0011872482736860412	-0.00019396519980184425	7.817377181838763e-05	0.0014006937319801828	0.005450831294913606	-0.0008173439444279358	0.003917702135293969	0.0033448712597280365	-0.005013724815983186	0.00037710541446255296	-0.0010303781971977594	0.00010699472450078835	-0.0	0.0	0.0	0.0	0.0	0.0	0.0	0.0	0.0	0.0	0.0	0.0	0.0	0.0	0.0	0.0	0.0	0.0	0.0	0.0	0.0	0.0	0.0	0.0	0.0	0.0	0.0	0.0	0.0	0.0	0.0	0.0	0.0	0.0
SRR21281057	0.046669340543380684	0.09535160002242495	0.036324361458742	-0.06345608059702887	0.003413792305413822	-0.0007845811322955714	0.004149091606836965	0.000584854152993666	-0.0014264762338575454	0.004309778990616323	0.014266189653957352	0.005917097118312452	-0.004461838554337568	-0.01182848778818849	-0.0042217857369249165	0.0016129877164040116	0.0067552449101431255	-0.007473250890080586	0.0007422895675133565	-0.0014694966699449262	0.002262870847422132	0.0004969045425655954	0.003489687123969074	-0.0009745106584879392	0.002613508552235193	-0.014691613250496175	0.0016541534036640304	0.006435800927797353	-0.0021119887062601185	0.0030510321370419255	-0.00345159073485132	0.001673047025468941	-0.003582076368448307	0.0035399038880637437	-0.0028724525785675963	0.0037346287917267617	-0.000890031526857969	-0.0	0.0	0.0	0.0	0.0	0.0	0.0	0.0	0.0	0.0	0.0	0.0	0.0	0.0	0.0	0.0	0.0	0.0	0.0	0.0	0.0	0.0	0.0	0.0	0.0	0.0	0.0	0.0	0.0	0.0	0.0	0.0	0.0	0.0
SRR21281058	0.0371136393563966	0.08554948965393061	0.02526152816249014	-0.03992745894451089	0.005997810139711855	0.0009229748033268969	-0.005444056126310983	-0.005111862271843166	0.014155502247280233	0.024593999326515844	0.01069718735527371	-0.012188384087016262	-0.01717315689333928	0.004987282831287264	-0.0037621369591721242	-0.004609447996643606	0.006571120850580186	0.0007372825485503879	-0.01011806543248098	-0.0029440633311407604	0.006056850702073317	0.0011827636788837748	-0.007966814568695257	-0.002175676830895608	-0.004306430571591253	-0.0032554434141350546	-0.0038553816023964393	0.011345084314652058	-0.0005043093481418186	-0.0035267041246634283	0.0030262159392370836	-0.004301615407678404	-0.00138795386779607	-0.001012741396691846	0.0004784199640028977	-0.00020695322652499967	5.1779665224857804e-05	-0.0	0.0	0.0	0.0	0.0	0.0	0.0	0.0	0.0	0.0	0.0	0.0	0.0	0.0	0.0	0.0	0.0	0.0	0.0	0.0	0.0	0.0	0.0	0.0	0.0	0.0	0.0	0.0	0.0	0.0	0.0	0.0	0.0	0.0
SRR21281068	0.024555647492534076	0.12336092232977963	-0.014265856398374131	0.17109442826049115	-0.03028353238966975	-0.070578322054734	0.055114703346540436	0.022105694909054254	-0.018206237599273083	0.015003923251880677	-0.03170406056010388	-0.0027781706689113885	0.03497128941081429	-0.011888211789307695	0.019971536842218814	0.011938477974263234	0.022336343643986522	0.0129192235700635	-0.009469822038109102	0.005232815816078092	-0.008766358326077993	-0.0013879224545930368	-0.004730741412978002	0.001032462943047996	0.0005043014726895619	-0.0027861121684605657	0.0002362803680365527	-0.002945526909947274	0.0012827149840097167	0.001096717272416537	0.0010410775124765643	-0.0005395078357756374	-0.00017286776701381924	-0.0006965962511789902	-0.0002691690700638808	0.0001373608596323023	4.5808545407494476e-05	-0.0	0.0	0.0	0.0	0.0	0.0	0.0	0.0	0.0	0.0	0.0	0.0	0.0	0.0	0.0	0.0	0.0	0.0	0.0	0.0	0.0	0.0	0.0	0.0	0.0	0.0	0.0	0.0	0.0	0.0	0.0	0.0	0.0	0.0
SRR21281069	0.01266638953783003	0.050221839746229714	-0.029321995766485504	0.08058048877199979	-0.03169923745266121	0.012140676683626955	-0.0011387581564838544	-0.007182525416127134	0.0005935027699263953	-0.01886087786375927	-0.02091790139416251	-0.05783659368081987	-0.0007204954528820149	-0.021246974566187963	-0.051043508009363144	0.024452893754054156	6.748479002721431e-05	0.0033431674920830204	-0.0012339570738347995	-0.0025787550201018124	0.010958931860993596	0.003874375108415471	-0.004379040951501184	0.010312957158265348	-0.0069229473438534375	0.002668585497748015	0.0025800407545713664	0.004311233689916335	0.0020269560590924682	0.00038048368327809386	-0.003641105394671657	-0.0010727007241349447	-2.8668436380133645e-05	0.00020521352236337737	0.001343277860041572	-0.00014632290029421244	7.219355663529377e-05	-0.0	0.0	0.0	0.0	0.0	0.0	0.0	0.0	0.0	0.0	0.0	0.0	0.0	0.0	0.0	0.0	0.0	0.0	0.0	0.0	0.0	0.0	0.0	0.0	0.0	0.0	0.0	0.0	0.0	0.0	0.0	0.0	0.0	0.0
SRR21281071	-0.013017018773685728	0.02680641529823259	-0.011332523383715105	0.09036713317486159	-0.0017459936933990226	0.016540507540610504	0.003753255263050599	-0.004918601530448954	-0.04021842814611563	0.011280258871103089	-0.01759021827534613	-0.02423181669040436	0.004485046722781772	-0.006887041757807103	0.00783846297079253	-0.008921634014613116	-0.010872309638980445	-0.00524351982841646	0.022581248064937262	-0.012870317797198773	0.00624585116361045	-0.011679840298676313	0.0031622007285660443	0.0013880600365001176	0.009458650732213652	0.007656116976704564	0.0070983856464266835	0.009672751814263164	-0.002163421271123076	-0.0003116679305916316	0.0009252520318846324	0.006609001301934555	-0.0016671643975207963	0.0003028833539985265	0.0008682009444435402	-0.0008388941895325907	0.0003094363680094193	-0.0	0.0	0.0	0.0	0.0	0.0	0.0	0.0	0.0	0.0	0.0	0.0	0.0	0.0	0.0	0.0	0.0	0.0	0.0	0.0	0.0	0.0	0.0	0.0	0.0	0.0	0.0	0.0	0.0	0.0	0.0	0.0	0.0	0.0
SRR21281079	-0.03798591771720434	0.025963361037755154	-0.02045881998197583	0.0880159120074903	0.0036498901582610517	0.008661055477789377	0.02396406919306861	-0.01832219407667325	-0.055516190589860036	0.004073665033177473	-0.015811864644432252	-0.016338826091817603	-0.007193979707035476	0.011199383402868761	-0.011036312645873682	0.002109974616436295	-0.029941759460729606	-0.0022839676117411734	0.011561862794318322	-0.019524809418872874	-0.00030378235839963554	-0.007946984397709363	0.0008373242713442677	-0.006543033144846398	-0.0023537675946405778	-0.0037227438843162102	-0.011995926764053068	-0.007212421967409439	-0.0006118821073353718	-1.543927127283867e-05	-0.00142265432364138	-0.004267587648524735	0.0009270150030926364	0.0009069044445829355	-0.0014071263291059336	-9.357030019829629e-05	-0.00024191160479874706	-0.0	0.0	0.0	0.0	0.0	0.0	0.0	0.0	0.0	0.0	0.0	0.0	0.0	0.0	0.0	0.0	0.0	0.0	0.0	0.0	0.0	0.0	0.0	0.0	0.0	0.0	0.0	0.0	0.0	0.0	0.0	0.0	0.0	0.0
SRR21281083	0.04671147372335454	0.05498131298918534	-0.002312568014570885	0.043127511216422214	-0.007302361504046689	-0.11467834103026937	-0.006324022811361242	0.009316082647197027	-0.025874337935243342	-0.021076003972437456	-0.00771767976957398	0.006078251620548272	0.017325734387115394	-0.025791528599016667	-0.022590633105132246	0.005825019979906142	-0.01550179144617551	-0.017755418239214463	0.005054550898638645	-0.0013588503321565163	-0.0058191192525900055	0.006701337348927861	-0.006282947997957998	-0.0025179939063121022	0.00094897628311462	-0.00031592849643266997	0.001143210984864165	-0.002469382651142185	-0.001283178140270805	-0.0002593089438890634	0.0016929906556638035	-0.0010317492695628562	-0.0004473973580633953	-0.0006016284906711133	-0.000538584082809421	0.0007112923488092063	-0.00018624540598066223	-0.0	0.0	0.0	0.0	0.0	0.0	0.0	0.0	0.0	0.0	0.0	0.0	0.0	0.0	0.0	0.0	0.0	0.0	0.0	0.0	0.0	0.0	0.0	0.0	0.0	0.0	0.0	0.0	0.0	0.0	0.0	0.0	0.0	0.0
SRR21281084	0.03060128451418487	0.06857473353808431	0.016650104808804696	-0.027730369745175388	-0.0012844661390675805	-0.008807419557488642	0.007593624780209581	-0.007270528653950759	0.01367793189769932	-0.008090633576139608	-0.010436429894267083	-0.008339072540813185	-0.004231808551743739	0.0016797345428426654	0.0016757229588665614	0.001494845734003248	-0.009735482694559391	0.0014379465793856654	-0.004914678395143884	0.012149701062631678	0.0040466342645580165	0.004380894551306849	0.003124127916891799	-0.002541582201415064	0.003284122817957455	0.0022805397922207285	-0.010067123472732578	-0.003527240216053039	-0.006769316780949332	6.664185688115666e-05	0.0004422247969161073	0.0019222462854040943	-0.007570582199737726	0.0007921633111664421	0.00458965944898241	0.0010718061686371383	0.0009401927385243719	-0.0	0.0	0.0	0.0	0.0	0.0	0.0	0.0	0.0	0.0	0.0	0.0	0.0	0.0	0.0	0.0	0.0	0.0	0.0	0.0	0.0	0.0	0.0	0.0	0.0	0.0	0.0	0.0	0.0	0.0	0.0	0.0	0.0	0.0
SRR21281085	0.0456435114936532	0.04733794578719691	0.011762633136509958	-0.015781002172151178	0.022924248078413808	-0.05725750126746831	-0.03542643095333815	-0.0050371572141613445	-0.020811127994475348	0.006843974284376175	0.005557364502020918	-0.027825139881662745	-0.0014471439345242532	-0.013833769637299665	-0.005417561147144754	-0.010852419192304525	-0.0013408320338390554	0.009361530308447183	0.012992661155652159	0.007796640561191164	0.006816077870752622	-0.006956531514589626	-0.006619928239230551	-0.004184157476034477	0.011177375130323592	0.0016710820926663528	0.006336642102687228	-0.0013279821786848067	-0.00010055231268868755	-0.0031814751741880026	0.0028960676882482986	-0.0018191028462530364	-0.0008645597105668483	-6.359964888973093e-05	0.0011582077149345877	0.0016991288277608686	-5.331952309230319e-05	-0.0	0.0	0.0	0.0	0.0	0.0	0.0	0.0	0.0	0.0	0.0	0.0	0.0	0.0	0.0	0.0	0.0	0.0	0.0	0.0	0.0	0.0	0.0	0.0	0.0	0.0	0.0	0.0	0.0	0.0	0.0	0.0	0.0	0.0
SRR21281109	0.030868601043284132	-0.015148517526374554	-0.01370270133990601	0.00738709716175701	0.022544228104563458	-0.02810163188329346	-0.04120220743650323	-0.004216106872932798	-0.023578473628137222	-0.01403035600848783	0.021985113165957897	-0.005181971973111179	0.024030570852472476	-0.02257309486774994	-0.012515253249163161	-0.014409529049915378	0.002183716983921492	-0.016604313013354587	-0.010989578284420477	0.01214707319485334	-0.020747540682869582	0.009845872973646802	0.010602668625574055	-0.0026270533665469385	0.0028886393391904584	0.0049035390577061725	-0.0060202445389988665	0.0049266020029452694	-0.0008208877220943272	-0.0009201356271001858	-0.0019404132846037201	0.0011469783761344934	0.0009120990842682592	0.0008472547525106285	0.0010830953154827023	-7.578310561323775e-05	-0.0002084046659305808	-0.0	0.0	0.0	0.0	0.0	0.0	0.0	0.0	0.0	0.0	0.0	0.0	0.0	0.0	0.0	0.0	0.0	0.0	0.0	0.0	0.0	0.0	0.0	0.0	0.0	0.0	0.0	0.0	0.0	0.0	0.0	0.0	0.0	0.0
SRR21281157	-0.08489352061967068	-0.008734025401121944	-0.023309560346127304	0.023662955723222003	-0.008310677610563397	0.04153355325468919	0.01806469747618986	-0.021840736042738146	-0.038135995419324484	0.0057719086535779635	-0.012269026247803808	0.024596997972826804	-0.016334898882892974	0.00886174980210049	-0.017948312621720138	0.024144872305651075	-0.001261192684894021	0.007394567099297338	-0.004944733008870736	0.014014979281790898	0.001198956902499159	0.005313403426466594	0.008892794912875547	-0.005921352921713294	0.005246974687206989	-0.004718492312072073	0.0028043275670744947	0.001851140635018262	-0.0007566842740451888	-0.000807509354466781	0.002026397130936721	0.0006537805821544428	0.0009167102666496692	0.0013322365039988304	-0.000495389449999769	-0.0006942710094210154	0.0003606134442312455	-0.0	0.0	0.0	0.0	0.0	0.0	0.0	0.0	0.0	0.0	0.0	0.0	0.0	0.0	0.0	0.0	0.0	0.0	0.0	0.0	0.0	0.0	0.0	0.0	0.0	0.0	0.0	0.0	0.0	0.0	0.0	0.0	0.0	0.0
SRR21281184	0.11819484167748533	-0.15133501668895424	-0.08423307822313238	0.09157188522154622	0.01317774669964399	-0.03928056583137413	-0.0320777356919441	-0.0597966664330816	0.032300582538742156	-0.02634354545396097	0.0039504930014816345	-0.09105978192457358	-0.026144129668601957	0.007424600254507451	0.01853622534176928	0.013251956738083477	0.014692191358572438	-0.0054623447943829544	-0.008427846625050483	-0.00801985462900177	-9.556200444547256e-05	-3.247365013207219e-05	0.006969114139976952	-0.0009854188946421798	-0.0008461579372936344	-0.0021482466001649368	0.001585787266077402	-0.0003958628843177981	-0.00039613333125837783	0.00031235517440725014	-5.7892054578008814e-05	0.0004980303163476113	0.0009953932158902638	-0.00019604985674551	-0.0005131177288763138	0.00011309376573547901	-5.783952093988743e-05	-0.0	0.0	0.0	0.0	0.0	0.0	0.0	0.0	0.0	0.0	0.0	0.0	0.0	0.0	0.0	0.0	0.0	0.0	0.0	0.0	0.0	0.0	0.0	0.0	0.0	0.0	0.0	0.0	0.0	0.0	0.0	0.0	0.0	0.0
SRR21281185	0.025717839187479857	0.0031170933099198424	-0.02366326750675494	0.027606625886894328	-0.015223637835378797	-0.009341806849626372	-0.017987215557159757	0.049853584940163335	-0.0020843351478671904	-0.010749898225177731	-0.009644568167972337	-0.006800695596276674	-0.01640351047642661	0.0024162768611189238	-0.004913166070112831	-0.014835399742918412	0.00489292678612642	0.014090109488355209	0.014343643083650432	0.014510829683698311	0.011192173986462982	0.009093978910153193	-0.013439129837642259	-0.0011599497898550067	-0.0007369646379895869	-0.008188839193325963	-0.0033545362622561955	-0.00029210155592782056	-0.005442670839987241	-0.0044171211711652525	0.002494061168652643	-0.001757067201217965	0.0005712055843930337	-0.0016371600537885887	-0.0014991312976961723	0.0004565952716709525	-0.00010856369968658802	-0.0	0.0	0.0	0.0	0.0	0.0	0.0	0.0	0.0	0.0	0.0	0.0	0.0	0.0	0.0	0.0	0.0	0.0	0.0	0.0	0.0	0.0	0.0	0.0	0.0	0.0	0.0	0.0	0.0	0.0	0.0	0.0	0.0	0.0
SRR21281188	0.08526778346703505	-0.05564811054462195	-0.0006842673264958894	0.024225076850557154	-0.01820910116377147	-0.0007226015189963251	-0.04495618294372412	-0.008779205111668343	0.005716344518802387	-0.018792024198181864	0.08880090920625859	0.007087905170171357	0.012581557770291147	-0.005830936208432283	0.004181516729030809	0.016376215307467572	-0.006003545226454776	0.0017776359556853198	0.015168908833554946	0.008018516428542913	-0.003142405884146387	0.005893833814816761	-0.00029673485445741633	0.0015361074214036968	0.002184274244829322	0.0009962191935859773	-0.00021735562126694134	-0.0035501319702262507	0.0018518056862558165	0.002143125192615323	-0.0016562858982034708	-0.0024439879430504944	-0.00015532490250200038	-0.00019176529383772435	1.8918291488567798e-05	6.421799669537249e-05	-1.4281829794270093e-05	-0.0	0.0	0.0	0.0	0.0	0.0	0.0	0.0	0.0	0.0	0.0	0.0	0.0	0.0	0.0	0.0	0.0	0.0	0.0	0.0	0.0	0.0	0.0	0.0	0.0	0.0	0.0	0.0	0.0	0.0	0.0	0.0	0.0	0.0
SRR21281190	0.3365816924729834	-0.3410485921956411	0.0622414155479877	-0.03806225526803124	-0.05192106497460425	-0.04205648384602711	0.01959870588669073	-0.001943618166555279	-0.004442376364568159	-0.023010730238272128	-0.03127798166914684	0.007998756358959733	-0.03522736140399225	-0.03483884374344874	0.017839359157576663	-0.00965792966995872	-0.010251002839407669	0.0054946013599643795	-0.003325504477411767	0.00658321653960837	0.00417567584415597	-0.00380382412585993	-0.001752098881086767	0.0017140977413382316	0.0003954047578628403	-0.001986956965672186	-0.0023694826003576833	-0.00038376380795784805	-0.0007528187824978503	0.000975713093265624	0.000808100538152101	-0.00045552265734965293	-0.0008241160433557892	-0.00034800148726194896	7.544704351223922e-05	-0.0001552846732293619	5.602871893865615e-05	-0.0	0.0	0.0	0.0	0.0	0.0	0.0	0.0	0.0	0.0	0.0	0.0	0.0	0.0	0.0	0.0	0.0	0.0	0.0	0.0	0.0	0.0	0.0	0.0	0.0	0.0	0.0	0.0	0.0	0.0	0.0	0.0	0.0	0.0
SRR21281191	0.4017917813453257	-0.39164563699873023	0.08438348515292769	-0.024880782788438978	-0.08131785520941257	0.0044009510762756734	-0.007248642375155958	-0.01410587179692769	-0.009385077272281219	0.014144670078016614	-0.003223564270047531	-0.0002687218980463675	0.016760329937540893	0.028502324293729342	-0.012632371969213307	-0.004042162675216551	0.0049352422084058606	-0.004891438322564981	-0.0005469366631884554	0.00236283177260186	-0.004461257612221775	-0.012319559511960607	0.0028124950841667633	0.00682290351874218	-0.00034396389008776676	-0.006451816919281986	-0.004039412139165863	0.001513981584258853	0.008367756346376468	-0.003995083934469756	0.0014449186046983408	0.002511770440321777	-0.0004905541091943915	0.0008943435499888124	-1.4709781757899524e-05	0.0007795529939577849	-0.00034965792197998234	-0.0	0.0	0.0	0.0	0.0	0.0	0.0	0.0	0.0	0.0	0.0	0.0	0.0	0.0	0.0	0.0	0.0	0.0	0.0	0.0	0.0	0.0	0.0	0.0	0.0	0.0	0.0	0.0	0.0	0.0	0.0	0.0	0.0	0.0
SRR21281194	-0.6352396118728991	-0.2790321737129994	0.2209917346532183	-0.06569426714353506	0.006481182586536572	0.10451459885372484	0.03686008283837599	0.005712942303778536	-0.024851586745200875	-0.03685120255673463	-0.03277073804532073	0.005177723342262975	0.014493646945330516	-0.01644985179514046	-0.004969927161479456	0.008377501207642074	-0.0022613106916589865	0.0015294558546677362	0.0025105002263047993	0.0027509703665271334	0.0022340504374243576	-0.0003697544119159163	0.0010536454112820637	-0.00011276774581275633	0.0005443054951646949	-0.0012275923897496586	0.0006962341527240484	0.0004395355689183981	-0.0017159488566154811	-7.771457232621548e-06	0.00037105330343423053	-0.00040691497635043553	0.0003170268688927431	-0.0004190052607164445	-0.00028242795857503963	5.0789236950281705e-06	-3.5445506602008224e-05	-0.0	0.0	0.0	0.0	0.0	0.0	0.0	0.0	0.0	0.0	0.0	0.0	0.0	0.0	0.0	0.0	0.0	0.0	0.0	0.0	0.0	0.0	0.0	0.0	0.0	0.0	0.0	0.0	0.0	0.0	0.0	0.0	0.0	0.0
SRR21281219	0.039828555642021896	0.07880958090917402	0.02724211228652639	-0.04769207029490212	-0.003162629143721948	-0.004264908152453818	0.00707777516092011	-0.004537900371163453	0.006469830327133668	-0.0054455415021250515	0.004380184736974211	-0.0024386080308982055	-0.00915527021842803	0.002403107673612494	-0.0002865999673245626	-0.005775180389488033	0.0019452877989358638	0.00452076566754003	-0.0018133633927845665	0.005499951455455756	-0.00038984594728316276	0.005186273602975968	0.007712890805886102	0.005362607740306572	0.0034753328818709892	0.010244541799394805	-0.0026842556777139895	-0.002561165665583739	-0.003962458434249292	0.005305306301718633	-0.0002950081340233917	-0.004238563208086885	0.0057436374228365845	0.0062016855885226865	-0.0012537763625899412	0.0002961335879746352	0.0011003487471426953	-0.0	0.0	0.0	0.0	0.0	0.0	0.0	0.0	0.0	0.0	0.0	0.0	0.0	0.0	0.0	0.0	0.0	0.0	0.0	0.0	0.0	0.0	0.0	0.0	0.0	0.0	0.0	0.0	0.0	0.0	0.0	0.0	0.0	0.0
SRR21281221	0.04403660813662613	0.10878842017525689	0.0392620504150768	-0.030076409943818605	-0.004720047287612239	-0.04357592864773114	0.029520618900171807	-0.013974405795856177	-0.00756082660294587	-0.008170571898452153	-0.0013646798994143947	0.003476584774062696	-0.021039238843680676	-0.003078724245802484	-0.006014807300836837	0.007286678428512034	0.002295584611516346	-0.006050518219574996	0.015803283527551285	-0.0196985794099618	1.3784543003747898e-05	-0.011145150955235127	0.001055592852762042	-0.00023393586091307765	-0.0011258181402509534	0.004976058122195894	-0.005739391071287682	-0.004233504982084202	-0.0008172657508705585	-0.0007629282489622397	0.00035749275862295064	-0.0018894184813256782	0.0009379585742043418	0.0018062589552639982	-0.0012736093821464909	-0.0012644235115786154	-0.000233175608128419	-0.0	0.0	0.0	0.0	0.0	0.0	0.0	0.0	0.0	0.0	0.0	0.0	0.0	0.0	0.0	0.0	0.0	0.0	0.0	0.0	0.0	0.0	0.0	0.0	0.0	0.0	0.0	0.0	0.0	0.0	0.0	0.0	0.0	0.0

Biplot	0	0

Site constraints	0	0
