Eigvals	23
0.20809413998446674	0.12184428769666736	0.03754947912075233	0.025463026557077367	0.010253286511064136	0.004146706715416955	0.003319050420713783	0.0020480920876073377	0.0009545213343106675	0.0006434552757311582	0.0004505126250194708	0.000265301381776118	0.00017559533908559789	0.00013522097610105602	7.443988557435726e-05	5.849563587048516e-05	2.1583456895465838e-05	0.0	0.0	0.0	0.0	0.0	0.0

Proportion explained	23
0.500831636137515	0.29324936283975667	0.09037240099870965	0.06128326944980759	0.024677149772243855	0.009980107604278131	0.007988141582233278	0.004929256111071889	0.0022972991052350638	0.0015486392771550763	0.0010842735653485997	0.0006385154580248868	0.00042261498079151254	0.00032544377609988875	0.0001791585754835656	0.00014078467092877407	5.194609531660324e-05	0.0	0.0	0.0	0.0	0.0	0.0

Species	0	0

Site	23	23
ec1298	0.26918262499599915	-0.16545497394582678	-0.07718779710518676	0.0720249264868111	0.00525826559617652	0.001098396845000932	-0.0036298900748569615	0.0010207023919273973	0.0004270775849360212	-0.0005846820248554971	-0.0003198882686937739	-0.00013522467122167257	9.427207707842158e-05	-0.00010175264757818415	4.1527979180572166e-05	-9.55665850710062e-07	8.221017358832733e-05	0.0	0.0	0.0	0.0	0.0	0.0
ec1314	-0.04820933275528735	0.0064947439615007435	-0.009528667045588735	0.002474291016739408	-0.014374229323484545	-0.0018856557650309372	0.020986551141208953	-0.0017798477969318673	0.0073988339960317315	-0.0043055380386842	0.0012586610479698903	0.007473986843563094	-0.0029538175701850707	0.001186181464247487	0.002033466994722183	-0.0015794417368773885	0.0007824552486684009	0.0	0.0	0.0	0.0	0.0	0.0
ec1346	0.017850172019613045	-0.035072624763551594	0.016497802922571823	-0.01638397014769066	0.016106097655880638	-0.04176131231883305	-0.012380669871961033	0.0003447731339067564	0.0029428722425420416	0.003669687493594209	0.0004600190411456143	0.0021018257493622405	0.0020893740126049954	0.0007656233303023969	0.0006709649267497391	-0.0005651635840782311	-4.030629501621276e-05	0.0	0.0	0.0	0.0	0.0	0.0
ec1356	0.1012230613570652	0.10428080761397503	-0.06262247592007192	-0.02983599778617531	-0.07429678278444564	-0.009925466470196199	0.006466098306547729	-0.0017456479083865772	-0.0031745810620965272	-0.00011084209747068881	-0.00027678382672325773	-0.0004707032665853525	0.0004806181869008629	-0.0005068182070232429	-0.000489015877516404	0.0003328680265190231	-2.8336408956496015e-07	0.0	0.0	0.0	0.0	0.0	0.0
ec1359	-0.06367693799862476	0.0023898040130163186	0.002610644640818433	0.011598966378826561	-0.0020189345518277333	-0.005030711147924143	-0.000438887893305607	0.005462201683861341	0.0017988397454685797	-0.006256579190665073	0.00036949750899056404	-0.0065370660318155175	0.0037225572975018682	0.002440417471990709	-0.00018463571271224325	-0.0027542176876481873	-0.0018923343725036127	0.0	0.0	0.0	0.0	0.0	0.0
ec1361	-0.053275003298817875	-0.0035829635674600627	0.00025947832770953274	0.006944714992468279	-0.003895303343148429	0.0011109813409096877	0.0018249714377373302	0.005093227789841767	-0.0011710704838792051	0.0008558818871240277	0.006861720679716514	0.0001395496999335922	0.00037432595574956364	0.003108627067041893	-0.006073619615187047	0.001711422803723842	-8.240335455283073e-05	0.0	0.0	0.0	0.0	0.0	0.0
ec1377	0.11998479335664229	-0.07834876811474148	0.013466664815913328	-0.1196197262110729	-0.001991581481693473	0.013634263073663349	-0.017329375381782544	0.003912766271316273	0.0002055083787547108	-0.00042162398409041526	-0.0003365332716408208	-0.00012476451682863184	0.00013071599747539292	-0.0001430070005117362	0.00014964425836889065	-0.00017329550260539243	-5.869953132838018e-05	0.0	0.0	0.0	0.0	0.0	0.0
ec1378	-0.07358435846019622	0.0026768369172963003	0.005738938773951689	0.014201443935683645	0.0015084039840628162	-0.0019544220158231175	-0.006530894033072942	0.0054034650663243085	-0.005134815797756846	-0.0014888384270150224	0.0021864168111507785	0.0045286631091108935	0.005918517514039886	-0.004225640377156935	-0.0017497982946183108	-0.0029342038340452784	0.001586154727710674	0.0	0.0	0.0	0.0	0.0	0.0
ec1380	-0.04353631895987913	-0.013889408538569572	0.008355327125389273	0.006843535059337884	0.0046313893448164225	0.00036709021821067483	0.0017866776333563075	0.00019117211715304216	0.006862450394963594	-0.005599336050463661	-0.0017434869148501087	0.0011948703027123044	-0.0038554412579069755	-0.004390180085458471	-0.002919764138453189	0.0021219610231126523	-0.0011318351607521853	0.0	0.0	0.0	0.0	0.0	0.0
ec1390	-0.06354770627812042	0.006452847882695745	-0.004529070086446238	0.010482888330948584	-0.001794390219748055	-0.001765874028700365	-0.002144383428014119	0.011083367149180503	-0.0027014239196114734	0.00638526179270818	-0.009345440331796864	0.001893890246835963	-0.004649358076028074	0.005227381253650108	-0.001001189534619527	-0.002050800219909858	1.0939166865506272e-05	0.0	0.0	0.0	0.0	0.0	0.0
ec1393	0.01726146485587932	-0.05536687195312766	-0.018971480637913138	-0.05180184100789563	0.04205296199856069	-0.016198046700814706	0.029473699318074434	3.719255060767827e-05	-0.004921903916693085	-0.0016176443303527468	-0.00010099414337857862	-0.0010471671083867456	-0.0013628341992341733	-4.5557379590313816e-05	-0.0002833663954862772	0.0005930353464729883	0.00026406902101118695	0.0	0.0	0.0	0.0	0.0	0.0
ec1396	-0.0631186085308683	-0.0027456265406673604	0.004066097581059342	0.008423236393260286	0.0009251618123198307	0.0015368857428813036	-0.010350146669253284	0.0048489590170299685	-0.003586624236272686	-0.006463461961122608	0.00545904455766352	0.004141758820951312	-0.0019631132281164006	-0.0006806111699470746	0.0017858681038827185	0.0015862384520270742	0.0002609420003759197	0.0	0.0	0.0	0.0	0.0	0.0
ec1408	-0.05950641358567465	0.012803821219265085	-0.0008719187479330435	0.0036824081014009804	-0.001694863212711053	-0.0018588817478795653	0.001504445674265629	0.0008829386838939826	0.012643532641097494	-0.008235294119786133	-0.011201386297098671	-0.0039589661767122876	0.0028218827755886735	-0.00120104694219649	0.0003322988945175776	0.0014263256610476947	0.0010412462372185142	0.0	0.0	0.0	0.0	0.0	0.0
ec1409	-0.05510895158350549	0.005803069862640007	0.0005719044255753444	0.008471365164257118	5.8820537808863296e-05	-0.009832879521407403	-0.003596437389259094	-0.02711444446139205	-0.010758868565175947	-0.004880857635350524	0.002715883873701077	-0.005271889744892678	-0.0035952346009899545	-0.000702656296082559	0.0004678677450241276	-0.0013369915825382547	9.723328835574061e-05	0.0	0.0	0.0	0.0	0.0	0.0
ec1411	-0.03337240236822729	-0.02270622646176762	0.007504842221486816	0.003133479790414058	0.0020920437945391394	0.018010206456814476	-0.024943946509055986	-0.015642342873928128	0.004142342966441493	-0.0037312861117731397	-0.0009975954048889396	0.0026237677997403234	-0.001216328490233733	0.002792277045329046	-0.00015094199844416516	-0.00037676268137981156	0.00012541691053311523	0.0	0.0	0.0	0.0	0.0	0.0
ec1422	-0.06006076360225206	-0.00041013742219836723	0.00392142792470044	0.012160328623321127	-0.0031866928646544783	-0.0014397736985920949	0.0017451805820052693	-0.0004958288786363804	-0.0031951782817058304	-8.25837675997911e-06	0.0027575646630983632	0.001113032843906385	0.004744196985706237	0.004391954823378463	0.0029522840436105318	0.003923468526983133	-0.00038491649809909134	0.0	0.0	0.0	0.0	0.0	0.0
ec1425	-0.0484150233663799	-0.014934798283302119	-0.011856186209648005	0.0019104750977145075	0.0020336618533488334	0.02317631787692814	0.0066523604279057034	0.02122399481193115	-0.0027452659227700797	-0.002779483499540252	0.005296089821553477	-0.004622170830280567	-0.0017274335850371155	-0.0006903412464935955	0.00211416798462438	-0.0011217308759492557	0.00024647034879319993	0.0	0.0	0.0	0.0	0.0	0.0
ec1437	0.17610807734691614	-0.0027650520368431904	0.1608068336685311	0.028204554161337173	-0.018642125376242564	0.00031386065404735665	0.010202916018231097	0.0008848873888665289	-0.0006602758572904947	0.000809808369952909	0.00011811137712631253	-0.0007740518384285022	-0.0005663720635356523	-0.00020897032540464767	0.00016287885563611798	-0.00010105985468098025	7.185461726614908e-05	0.0	0.0	0.0	0.0	0.0	0.0
eti101	-0.05093739403929284	0.0033205835017377856	-0.012073539150893544	0.00037808288321435914	-0.002223522487289572	-0.0007485659772092558	6.113178936318295e-05	-0.005046323316227036	0.018055956985628965	0.012826094690938624	0.0076898893737851505	-0.0023795062905940145	-0.0009603548573606803	-0.0017565356272631837	0.0009724238856574164	-0.0006973743991923059	-0.0005122874305198661	0.0	0.0	0.0	0.0	0.0	0.0
eti111	-0.016716163233341966	-0.021572313524299513	-0.0055307173968653115	-0.007428567320616249	0.00958234291331054	0.028661540545725013	0.020394236985677616	-0.01742088329044171	-0.0025608924105939004	0.006922688648984153	-0.0034496681744303117	0.0018032237151948333	0.004410174461803045	3.5344153288283196e-05	-0.0005768908112231358	-0.000385203542295601	-0.0002606331350781375	0.0	0.0	0.0	0.0	0.0	0.0
eti114	-0.07155295954228152	0.00234862590845327	0.0010718979883791312	0.013524762687002766	-0.0017138225648151233	-0.0004479153006054335	-0.008491106198483003	0.002608528384323631	-0.005228855684099067	0.009677968736880697	-0.00245985579937694	-0.005154631180332884	-0.0015420494819049324	-0.0012487045375374414	0.0003007030773929613	0.0017927583710687317	0.002336000934158871	0.0	0.0	0.0	0.0	0.0	0.0
eti121	0.16955077272555247	0.2672361168774775	-0.019031823616543205	0.0077117436169777094	0.04410227845957108	0.005377493507531272	-0.005596278175418175	0.001303086877918326	0.000690559717746449	-0.00033412755138767015	0.00048178512797572765	0.0004632933210613844	-9.37371321305523e-05	0.00021607867885797184	7.745265869233579e-05	-1.5236330666751651e-05	-2.6261780554746707e-05	0.0	0.0	0.0	0.0	0.0	0.0
eti125	-0.06654262905491792	0.0030425073942966963	-0.0026681844989969294	0.012898899753735671	-0.002519179740335122	-0.00043753156869576047	-0.005666253689911192	0.00494405520786063	-0.009328218515667012	0.005670461779135039	-0.005423051450996778	0.0029982792037030765	-0.0003005607217874951	-0.004262063445844968	0.0013676729702035207	0.0006043592867691837	-0.0025150317520546053	0.0	0.0	0.0	0.0	0.0	0.0

Biplot	0	0

Site constraints	0	0
