# Constructed from biom file
#OTU ID	17N1	18N1	18N2	18N3	24N1	24N2	24N3	25N1	25N2	25N3	26N2	26N3	27N1	27N2	27N3
3ebebd67cd6221d0a813cb29cf93915a	0.0	13.0	0.0	0.0	38.0	0.0	0.0	0.0	0.0	0.0	0.0	0.0	0.0	0.0	0.0
8f5a7ec8ad7e190d5fc511ecf0502289	0.0	2.0	0.0	0.0	11.0	0.0	0.0	0.0	0.0	0.0	0.0	0.0	0.0	0.0	0.0
eadc956fd72bfc240cd38028bafdb396	0.0	0.0	0.0	0.0	0.0	1.0	0.0	0.0	0.0	0.0	0.0	0.0	0.0	0.0	0.0
114095d80dc9643e0e5f8dda3d8a7450	0.0	0.0	0.0	0.0	0.0	0.0	0.0	0.0	0.0	0.0	0.0	0.0	0.0	14.0	0.0
00a3fcdc8533b07a7a27770f815acf2e	0.0	0.0	0.0	0.0	0.0	0.0	27.0	0.0	0.0	0.0	0.0	0.0	0.0	0.0	0.0
41d473f67f1625f171ddfe00969ac597	0.0	0.0	0.0	0.0	0.0	2.0	0.0	0.0	0.0	0.0	0.0	0.0	0.0	0.0	0.0
1daf096ad017af395cd19502615f4289	0.0	0.0	0.0	0.0	0.0	0.0	0.0	0.0	0.0	0.0	7.0	0.0	0.0	0.0	0.0
e2705d084904f48403d03dbc25082cce	0.0	0.0	1.0	0.0	0.0	0.0	0.0	0.0	0.0	0.0	0.0	0.0	0.0	0.0	0.0
9861aabfb05f4c5ab47025f7cf316403	0.0	0.0	0.0	0.0	3.0	0.0	0.0	0.0	0.0	0.0	0.0	0.0	0.0	0.0	0.0
c72bf0f0f712fa0f179a7c28e9b03ce8	0.0	0.0	0.0	0.0	0.0	1.0	0.0	0.0	0.0	0.0	0.0	0.0	0.0	0.0	0.0
9b432bcc6ab847a39fa8741c20fcf674	0.0	0.0	0.0	0.0	0.0	0.0	0.0	0.0	0.0	0.0	0.0	0.0	0.0	0.0	18.0
b4d11fdac4ed226db20c54512659d3dc	0.0	2.0	0.0	2.0	0.0	0.0	0.0	0.0	0.0	0.0	0.0	0.0	0.0	0.0	0.0
d4a681125a5538aade466b34ea1e2116	0.0	0.0	0.0	0.0	1.0	0.0	0.0	0.0	1.0	0.0	0.0	0.0	0.0	0.0	0.0
083784897729f8aeddf6a10d421dd328	0.0	0.0	0.0	0.0	0.0	1.0	0.0	0.0	0.0	0.0	0.0	0.0	0.0	0.0	0.0
aeae73861a02d0df8f8848c5d35f2861	0.0	0.0	0.0	0.0	0.0	0.0	0.0	0.0	0.0	0.0	0.0	7.0	0.0	0.0	0.0
e1cce250fa645cc42a7c1a0b1c702cc5	0.0	0.0	0.0	0.0	0.0	0.0	0.0	0.0	0.0	1.0	0.0	0.0	0.0	0.0	0.0
66623b050565585b2e678576d719159b	0.0	0.0	0.0	0.0	0.0	0.0	2.0	0.0	0.0	0.0	0.0	0.0	0.0	0.0	0.0
af17e55fe81ab8b111f234f978af0d0d	0.0	0.0	0.0	0.0	0.0	0.0	0.0	0.0	0.0	0.0	0.0	0.0	0.0	12.0	0.0
9edd5ed5b748d3c92899883f727cdfea	0.0	0.0	0.0	0.0	11.0	0.0	0.0	0.0	0.0	0.0	0.0	0.0	0.0	0.0	0.0
917d708289c1acd7b86a710734b5b6a8	10.0	40.0	0.0	0.0	7.0	0.0	0.0	0.0	0.0	0.0	0.0	0.0	0.0	0.0	0.0
f40c2e52b46953f6b4c2b0510d565d0b	182.0	63.0	2.0	3.0	19.0	0.0	24.0	0.0	0.0	0.0	0.0	0.0	0.0	0.0	0.0
5a1c47041a1a0e72f25fd13f0d1d11a3	0.0	0.0	0.0	0.0	14.0	0.0	0.0	0.0	0.0	0.0	0.0	0.0	0.0	0.0	12.0
ea5f14581c5ba62b8083cd97ca9144c7	0.0	0.0	0.0	0.0	0.0	0.0	0.0	1.0	0.0	0.0	0.0	0.0	14.0	0.0	16.0
548e2020341af272c6d1db904b40ebed	0.0	0.0	0.0	0.0	0.0	0.0	0.0	0.0	0.0	0.0	1.0	0.0	0.0	0.0	0.0
96cb67737856714fd2b18d5103d8e442	0.0	0.0	0.0	0.0	0.0	0.0	6.0	1.0	0.0	0.0	0.0	0.0	0.0	0.0	0.0
b2f0cdd1a5352ee2e6ae676d392ddd59	0.0	0.0	0.0	0.0	1.0	0.0	0.0	0.0	0.0	0.0	0.0	0.0	0.0	1.0	0.0
06fe9c9a5c8c4b1ec98b2f449c3a6f28	0.0	0.0	0.0	0.0	0.0	0.0	0.0	0.0	0.0	0.0	0.0	1.0	0.0	0.0	0.0
51e153f36817c9ff92320591dfb4b4ab	0.0	8.0	0.0	0.0	0.0	0.0	0.0	0.0	0.0	0.0	0.0	0.0	0.0	0.0	0.0
652c5185472d2c70a69985e2e923f50b	0.0	0.0	0.0	0.0	0.0	0.0	0.0	5.0	0.0	0.0	0.0	0.0	1.0	6.0	0.0
73109b9f7dc27d8cadf36b3421f57f1a	12.0	6.0	7.0	6.0	0.0	1.0	0.0	0.0	0.0	0.0	0.0	0.0	3.0	6.0	13.0
0555d79137ceed58ec2c8c723eb1892a	0.0	0.0	0.0	0.0	0.0	0.0	0.0	1.0	0.0	0.0	0.0	0.0	0.0	0.0	0.0
b5446faf24b5fb6b6bd1ec595bb7f811	1.0	0.0	0.0	0.0	0.0	0.0	0.0	0.0	0.0	0.0	0.0	0.0	0.0	0.0	0.0
1dd309df596395946c0a9e60f7cf1636	0.0	0.0	0.0	0.0	0.0	0.0	0.0	0.0	0.0	0.0	0.0	0.0	6.0	0.0	0.0
e2649d26a1c105f0fcc251fd25ca992c	0.0	6.0	0.0	0.0	0.0	0.0	0.0	0.0	0.0	0.0	0.0	0.0	0.0	0.0	0.0
d98518afe0c9f7a422061ffb1f628490	0.0	0.0	0.0	0.0	0.0	0.0	0.0	3.0	0.0	0.0	0.0	0.0	0.0	0.0	0.0
8d9894b84b87a8f485990306167d365e	0.0	0.0	0.0	0.0	0.0	2.0	0.0	0.0	0.0	0.0	0.0	0.0	0.0	0.0	0.0
3311f4192d8bd9b72e7ff9efd36c665f	0.0	0.0	0.0	0.0	0.0	0.0	0.0	0.0	0.0	0.0	0.0	0.0	0.0	4.0	0.0
a4d43540704a030a12a08689b6c6bc00	0.0	0.0	0.0	0.0	0.0	0.0	0.0	21.0	0.0	0.0	0.0	0.0	0.0	0.0	0.0
b8aa0a07c35c51696ffd2e88c7f91a9b	0.0	0.0	1.0	0.0	0.0	0.0	0.0	0.0	0.0	0.0	0.0	0.0	0.0	0.0	0.0
8e9294aafe936b257a3a7826aef8a811	0.0	0.0	0.0	0.0	0.0	0.0	0.0	0.0	0.0	0.0	0.0	0.0	0.0	0.0	3.0
aa420c4ab8c5d8bb7a51740fa0073fb6	0.0	0.0	0.0	0.0	0.0	0.0	6.0	0.0	0.0	0.0	0.0	0.0	0.0	0.0	0.0
f1334e98d0f9871bcbb813d48f5b61bb	69.0	71.0	101.0	125.0	50.0	44.0	3.0	0.0	0.0	0.0	0.0	0.0	0.0	0.0	0.0
ccf233f0d34c8fe05c322d1dfc8986f0	0.0	0.0	0.0	0.0	0.0	0.0	2.0	0.0	0.0	0.0	0.0	0.0	0.0	0.0	0.0
a741db2569fbacb3a3dd8dfaaf912b33	0.0	0.0	0.0	0.0	0.0	0.0	0.0	0.0	0.0	0.0	0.0	0.0	0.0	0.0	11.0
a4f946b0cb2e12322e6c4b9978e340e4	0.0	0.0	0.0	0.0	0.0	0.0	0.0	1.0	0.0	0.0	0.0	0.0	0.0	0.0	0.0
1780d233127527d6e8d9811397b99a09	0.0	0.0	0.0	0.0	0.0	0.0	0.0	4.0	0.0	0.0	0.0	0.0	0.0	0.0	0.0
e1e8d4562dcfc4d51cd4a595480ec75a	0.0	0.0	0.0	0.0	0.0	0.0	0.0	0.0	0.0	0.0	0.0	0.0	0.0	2.0	0.0
04d21c3f1d37c084d91848f0de2c1144	0.0	0.0	0.0	0.0	4.0	0.0	0.0	0.0	0.0	0.0	3.0	0.0	0.0	0.0	10.0
818c1be9c2db1187046ec0e083837aa4	0.0	0.0	0.0	0.0	0.0	0.0	0.0	0.0	0.0	0.0	3.0	3.0	0.0	0.0	0.0
98a20c31daf2573a44ca925a4be10e33	0.0	0.0	0.0	0.0	0.0	1.0	0.0	0.0	0.0	0.0	0.0	5.0	0.0	0.0	0.0
6956690ce06a36b239229f37504c8306	0.0	0.0	0.0	0.0	0.0	0.0	0.0	2.0	0.0	0.0	0.0	0.0	0.0	0.0	0.0
e5c227ae20053c0d883090397950165c	0.0	2.0	0.0	0.0	0.0	0.0	0.0	0.0	0.0	0.0	0.0	0.0	0.0	0.0	0.0
c8d6f53cd21b50c315d1d790023509f6	0.0	0.0	0.0	0.0	0.0	0.0	0.0	0.0	0.0	0.0	1.0	0.0	0.0	0.0	0.0
4f4123a8b4195f14392a44a0be2c5cb6	0.0	0.0	0.0	0.0	0.0	0.0	0.0	14.0	0.0	0.0	0.0	0.0	0.0	0.0	0.0
a4d58a844ce5748a531ed4ed88b767ae	13.0	0.0	0.0	0.0	0.0	0.0	0.0	0.0	0.0	0.0	0.0	0.0	0.0	0.0	0.0
01491fe325dd7bd2abe8824e5fe8bcb2	0.0	0.0	0.0	0.0	0.0	0.0	0.0	0.0	0.0	0.0	0.0	4.0	0.0	0.0	0.0
d3ce6151b8f50094f46e6efa6116397d	0.0	0.0	3.0	0.0	0.0	0.0	0.0	0.0	0.0	0.0	0.0	0.0	0.0	0.0	0.0
08c2cfddc00e19178b80edd654dfa5ce	0.0	0.0	0.0	0.0	0.0	0.0	0.0	0.0	0.0	0.0	6.0	0.0	0.0	0.0	0.0
4869d2288e18b97f202183eaae25895f	0.0	4.0	0.0	0.0	14.0	0.0	0.0	0.0	0.0	7.0	0.0	0.0	0.0	0.0	0.0
4ab35deab19d4d39410fbe9f4e2ff7e4	0.0	1.0	0.0	0.0	10.0	0.0	0.0	0.0	0.0	0.0	0.0	0.0	0.0	0.0	0.0
973337eec534b7c5a640c15fca70ae8a	0.0	0.0	0.0	0.0	5.0	0.0	0.0	0.0	0.0	0.0	0.0	0.0	0.0	0.0	0.0
aef163f644022a94b6fb66b03d6da9b9	0.0	0.0	0.0	0.0	0.0	0.0	0.0	0.0	0.0	0.0	0.0	0.0	0.0	1.0	8.0
210ec1cb29c3c9efb8c4c356c30ddaa8	0.0	0.0	0.0	0.0	0.0	0.0	0.0	0.0	0.0	0.0	0.0	0.0	0.0	0.0	5.0
0e79c4567a47048dd32ad7e4e2e6fa4d	5.0	10.0	153.0	14.0	1.0	0.0	0.0	3.0	0.0	0.0	0.0	0.0	31.0	0.0	0.0
cf360632e0c84fdbf1a5574436a5bd0a	0.0	1.0	0.0	0.0	4.0	0.0	0.0	0.0	0.0	0.0	0.0	0.0	0.0	0.0	0.0
76ee75957c183c9b752d7373867b67f2	0.0	0.0	0.0	0.0	0.0	0.0	0.0	2.0	0.0	0.0	0.0	0.0	0.0	0.0	0.0
0dd7e371020593e80e6529d4709e7e4c	0.0	0.0	0.0	0.0	0.0	0.0	0.0	0.0	0.0	0.0	0.0	0.0	0.0	0.0	8.0
65c45008eb055e0e02f87c88134650ed	0.0	2.0	0.0	0.0	0.0	0.0	0.0	0.0	0.0	0.0	0.0	0.0	0.0	0.0	0.0
97d946c4c45e734c6d1de72e214b3941	0.0	0.0	0.0	0.0	0.0	0.0	0.0	0.0	0.0	0.0	4.0	0.0	0.0	0.0	0.0
1f1025ba2d38e90940aaa6a181d6ed50	17.0	20.0	7.0	27.0	0.0	1.0	0.0	2.0	1.0	9.0	0.0	0.0	12.0	3.0	0.0
bbece6c002f8c58f7d9e49fc19b1b641	37.0	16.0	5.0	0.0	0.0	0.0	0.0	0.0	0.0	4.0	8.0	0.0	0.0	14.0	0.0
59627432a103790abe713ac841f23b5f	0.0	0.0	2.0	18.0	0.0	0.0	0.0	0.0	97.0	0.0	2.0	0.0	0.0	0.0	0.0
8cc1bf9f3a632c9cc2010712a2e376da	0.0	0.0	0.0	0.0	1.0	0.0	0.0	0.0	0.0	0.0	0.0	0.0	0.0	0.0	0.0
af98c61b43d1d81f168d1e8fb0e3598c	0.0	0.0	0.0	0.0	0.0	0.0	0.0	0.0	0.0	0.0	0.0	0.0	0.0	0.0	2.0
c19f5123bb0c03055f71f0890fe6207e	0.0	0.0	0.0	0.0	0.0	0.0	0.0	0.0	0.0	0.0	0.0	0.0	13.0	0.0	0.0
2396ddb31a61a35c9ccc970a7b5f279b	0.0	0.0	0.0	0.0	0.0	0.0	0.0	9.0	0.0	0.0	0.0	0.0	0.0	0.0	0.0
17ff1585926305c0e4340f48ebd8c4c1	0.0	0.0	0.0	0.0	0.0	0.0	0.0	0.0	0.0	0.0	2.0	0.0	0.0	0.0	0.0
c7e2eae056a27991c24fd746470da4c1	0.0	4.0	0.0	0.0	0.0	0.0	0.0	0.0	0.0	0.0	0.0	0.0	0.0	0.0	0.0
72f69ba3ae444546888713bf47ca1d39	0.0	0.0	0.0	0.0	0.0	30.0	0.0	0.0	0.0	0.0	0.0	0.0	0.0	0.0	0.0
da2f3e6f870a2d5e4fb4df375bdfa849	0.0	0.0	0.0	0.0	0.0	0.0	0.0	0.0	0.0	0.0	0.0	0.0	0.0	0.0	16.0
f0eeb392dd50d26eeafdeb3feba6c1e4	0.0	0.0	0.0	0.0	0.0	0.0	0.0	0.0	0.0	0.0	0.0	0.0	0.0	6.0	0.0
3f6fab498dd79bcf21c990af18230a71	0.0	0.0	0.0	0.0	0.0	0.0	1.0	0.0	0.0	0.0	0.0	0.0	0.0	0.0	0.0
1a1fc7a2a0fc4304a2b2f5a2770b483d	0.0	0.0	1.0	0.0	0.0	0.0	0.0	0.0	0.0	0.0	0.0	0.0	0.0	0.0	0.0
9a113af475e3103e2fbc888e45e659bf	2.0	51.0	11.0	27.0	62.0	1.0	117.0	284.0	319.0	275.0	173.0	0.0	192.0	14.0	47.0
cf86408cb6be3c78ebd97ebe52edfeb3	0.0	0.0	5.0	0.0	0.0	0.0	0.0	0.0	0.0	0.0	0.0	0.0	0.0	0.0	0.0
a1e6755714b656e8de8e6ed9d45bd958	1.0	0.0	0.0	0.0	0.0	0.0	0.0	0.0	0.0	0.0	0.0	0.0	0.0	0.0	0.0
856f364381d97c8f12954776cb0ff80f	0.0	0.0	4.0	0.0	0.0	0.0	0.0	0.0	0.0	0.0	0.0	0.0	0.0	0.0	0.0
15e073587d7627cf11f59e6d778ea366	0.0	0.0	0.0	0.0	1.0	0.0	0.0	0.0	0.0	0.0	3.0	0.0	0.0	0.0	11.0
62d603e7c1e9fa75aab8cf4aec7cd6cb	0.0	15.0	0.0	0.0	0.0	0.0	0.0	0.0	0.0	0.0	0.0	0.0	0.0	0.0	0.0
ca76368b982308bc7fb8f83f00c834cd	0.0	3.0	0.0	0.0	0.0	0.0	0.0	0.0	0.0	0.0	0.0	0.0	0.0	0.0	0.0
2551540e1bbc1e903f6246df302fb61e	0.0	0.0	0.0	0.0	1.0	0.0	0.0	0.0	0.0	0.0	0.0	0.0	0.0	0.0	0.0
9cd46632b0d4cf8019e3ea985c1f7275	0.0	0.0	0.0	0.0	0.0	0.0	0.0	0.0	0.0	0.0	0.0	1.0	0.0	0.0	0.0
1e2f91fe40943a566380e5ee92ca85ce	0.0	0.0	1.0	0.0	0.0	0.0	0.0	0.0	0.0	0.0	0.0	0.0	0.0	2.0	0.0
1d834b0800812e8ac0b1601de25b7778	0.0	0.0	0.0	0.0	0.0	0.0	14.0	0.0	0.0	0.0	0.0	0.0	0.0	0.0	0.0
220ddb7d7af43315cee9262b136de144	0.0	0.0	0.0	0.0	0.0	0.0	0.0	0.0	0.0	0.0	0.0	2.0	0.0	0.0	0.0
00b5adb754c06362fee2a43c643e2aa2	14.0	0.0	43.0	45.0	3.0	0.0	0.0	0.0	1.0	3.0	3.0	0.0	0.0	6.0	7.0
6543ea77afa4b718decd0a4ba307acb4	0.0	0.0	1.0	0.0	0.0	0.0	0.0	0.0	0.0	0.0	0.0	0.0	0.0	0.0	0.0
ddfff25abd97cde5552fb5e70d11d6a5	0.0	0.0	0.0	0.0	0.0	0.0	0.0	0.0	0.0	0.0	0.0	0.0	0.0	0.0	6.0
c7a91a9418e8c21975cdd9c78a8ada67	0.0	0.0	0.0	0.0	0.0	0.0	0.0	0.0	0.0	0.0	1.0	0.0	0.0	0.0	0.0
dfbfb4d378aad0bdbb82c3dba90a1643	2.0	0.0	0.0	0.0	0.0	0.0	0.0	0.0	0.0	0.0	0.0	0.0	0.0	0.0	0.0
129ffe3b82a305cac49b62aa9620aa94	78.0	5.0	1.0	0.0	4.0	0.0	0.0	0.0	0.0	0.0	0.0	0.0	0.0	0.0	0.0
9df35ced5c39963a4125bbb34392d74b	0.0	0.0	0.0	0.0	0.0	0.0	0.0	0.0	0.0	0.0	1.0	0.0	0.0	0.0	0.0
d4a018e67deeb865389511c2aecf7b8a	0.0	0.0	0.0	0.0	0.0	0.0	0.0	0.0	0.0	0.0	0.0	35.0	0.0	0.0	0.0
e39997ee7a658e1e3782607d9ff0d8d1	0.0	0.0	0.0	0.0	0.0	0.0	0.0	0.0	0.0	0.0	1.0	0.0	0.0	0.0	0.0
e30c03d58a41e2019cd9dd2b53bec4e5	2.0	0.0	0.0	0.0	13.0	0.0	0.0	0.0	0.0	0.0	0.0	0.0	0.0	0.0	0.0
0f133a6470477820885c5ee97f73ccc8	0.0	0.0	0.0	0.0	0.0	0.0	0.0	4.0	0.0	0.0	0.0	0.0	0.0	0.0	0.0
4f8db905098107db87d7670cb05a1503	0.0	0.0	0.0	0.0	0.0	0.0	0.0	0.0	0.0	0.0	3.0	0.0	0.0	0.0	0.0
62da4b95d5432b754b7a724f1e40db2e	0.0	0.0	0.0	0.0	0.0	0.0	0.0	0.0	0.0	0.0	0.0	0.0	0.0	0.0	2.0
57aece5fac2f88e1529600692e98a0c2	0.0	0.0	0.0	0.0	7.0	0.0	0.0	0.0	0.0	0.0	0.0	0.0	0.0	0.0	0.0
29e870bbd80253bcad05125934fc60f2	0.0	0.0	2.0	0.0	0.0	0.0	0.0	0.0	0.0	0.0	0.0	0.0	0.0	0.0	0.0
374688ca0633452191cef24cab3a1944	0.0	1.0	0.0	0.0	0.0	0.0	0.0	0.0	0.0	0.0	0.0	0.0	0.0	0.0	0.0
2b0a135719158f70590f542722a1b68c	0.0	0.0	0.0	0.0	0.0	0.0	0.0	0.0	0.0	0.0	0.0	27.0	0.0	0.0	0.0
1a1ef335445b7f84636413ab76c5e18b	0.0	0.0	0.0	0.0	1.0	0.0	0.0	2.0	0.0	0.0	0.0	0.0	0.0	0.0	0.0
eb793031fc8c10fa45e77f6aebdae549	0.0	0.0	0.0	0.0	0.0	0.0	0.0	0.0	0.0	0.0	0.0	0.0	0.0	2.0	0.0
b27c705e3bdcc91b429ac70c3c6d711f	0.0	0.0	0.0	0.0	0.0	0.0	2.0	0.0	0.0	0.0	0.0	16.0	0.0	0.0	0.0
1ce6c2e4c005f8bb26f8df8c5c21f6fd	10.0	0.0	2.0	0.0	4.0	0.0	0.0	0.0	2.0	0.0	0.0	0.0	0.0	0.0	0.0
ce3976d0549a0889622996df7bb70547	0.0	0.0	0.0	0.0	0.0	0.0	2.0	0.0	0.0	0.0	0.0	0.0	1.0	0.0	0.0
9d871d0ea36dab139ce7237a29daa14d	0.0	0.0	0.0	0.0	0.0	0.0	0.0	0.0	0.0	0.0	0.0	0.0	0.0	1.0	0.0
c884d9e023a09d783bdb77cceef627ec	0.0	0.0	0.0	0.0	5.0	0.0	0.0	0.0	0.0	0.0	0.0	0.0	0.0	0.0	0.0
345a624cdcc8c4e3d4a25f0439e13c71	0.0	0.0	1.0	0.0	0.0	0.0	0.0	0.0	0.0	0.0	0.0	0.0	0.0	0.0	0.0
31fb0057a972f1bfe31f86a58ad1219d	1.0	1.0	0.0	0.0	0.0	0.0	0.0	0.0	0.0	0.0	0.0	0.0	0.0	0.0	0.0
65aba20f60119c8a6aef4741d8fe6222	0.0	0.0	0.0	0.0	1.0	0.0	0.0	0.0	0.0	0.0	0.0	0.0	0.0	0.0	0.0
80ee53851a39ff43f23fd5323e2a0f3a	0.0	2.0	0.0	0.0	0.0	0.0	0.0	0.0	0.0	0.0	0.0	0.0	0.0	0.0	1.0
fb35b2f4cff3c46f3925dc5cc573f55f	0.0	10.0	0.0	0.0	0.0	0.0	0.0	0.0	0.0	0.0	0.0	0.0	0.0	0.0	0.0
1209c86d31a21b5f791e3f6366fd6730	0.0	0.0	0.0	0.0	0.0	0.0	0.0	0.0	0.0	0.0	0.0	0.0	0.0	0.0	6.0
34644ac7d69bc16ad2ee526045d4da6d	0.0	0.0	0.0	0.0	0.0	0.0	0.0	3.0	0.0	0.0	0.0	0.0	0.0	0.0	0.0
a35f53d895d2f30ea448a35b1a23b6b9	0.0	0.0	0.0	1.0	0.0	0.0	0.0	0.0	0.0	0.0	1.0	0.0	0.0	0.0	0.0
68b74c988f523ea8d586a1a2c21c8087	1.0	0.0	0.0	0.0	0.0	0.0	0.0	0.0	0.0	1.0	0.0	0.0	0.0	0.0	0.0
08d3366cdc29655a2bf51fb2bec475fc	0.0	0.0	0.0	0.0	1.0	0.0	0.0	0.0	0.0	0.0	0.0	0.0	0.0	0.0	0.0
d349011d52983abe255ed8817a0e673d	0.0	0.0	0.0	0.0	0.0	1.0	0.0	0.0	0.0	0.0	0.0	0.0	0.0	0.0	0.0
e6d6c91e9765d5bb6be0ce0727b2b7b6	0.0	0.0	0.0	0.0	0.0	0.0	0.0	0.0	0.0	0.0	0.0	0.0	0.0	3.0	0.0
1033396064f7c62883de3c36e0d1e5b6	0.0	0.0	0.0	0.0	0.0	0.0	0.0	0.0	0.0	0.0	3.0	0.0	0.0	0.0	0.0
861f6d01cec70bb4483376ff74277fc6	0.0	0.0	0.0	0.0	0.0	0.0	0.0	0.0	0.0	0.0	0.0	2.0	0.0	0.0	0.0
793ccc8faf625ac6c97347e70aac3376	0.0	0.0	0.0	0.0	0.0	0.0	0.0	1.0	0.0	0.0	0.0	0.0	0.0	0.0	0.0
43ca07b947a09c19c213d8921cfd6279	0.0	0.0	0.0	0.0	0.0	0.0	0.0	3.0	0.0	0.0	0.0	0.0	0.0	0.0	0.0
7ca05d4b1d442a86f32f9bc2b7c45d17	0.0	0.0	0.0	0.0	2.0	0.0	0.0	0.0	0.0	0.0	0.0	0.0	0.0	0.0	0.0
3daf4dc1527137e0b8e8529402af8374	0.0	0.0	0.0	0.0	1.0	0.0	0.0	0.0	0.0	0.0	0.0	0.0	0.0	0.0	0.0
8971454536fe74b5f6141351e4d9c153	0.0	0.0	0.0	0.0	0.0	0.0	0.0	0.0	0.0	0.0	0.0	0.0	0.0	0.0	3.0
6c734bce995f78edf211350f5072f778	0.0	0.0	0.0	0.0	0.0	0.0	0.0	0.0	0.0	0.0	2.0	0.0	0.0	0.0	0.0
cccf978bab85c27e97aa306117a7e0d3	0.0	0.0	0.0	0.0	0.0	0.0	0.0	1.0	0.0	0.0	0.0	0.0	0.0	0.0	0.0
49042bc6fee6bd93c593a112ad0f5740	0.0	0.0	0.0	0.0	0.0	0.0	0.0	0.0	0.0	0.0	0.0	0.0	0.0	0.0	2.0
2fd122147b227bc09f7b79df0e441248	0.0	0.0	0.0	0.0	8.0	0.0	0.0	0.0	0.0	0.0	0.0	0.0	0.0	0.0	0.0
498423bc092a6c1475d2e07fcdf11efd	0.0	12.0	17.0	56.0	0.0	0.0	0.0	0.0	6.0	4.0	12.0	0.0	24.0	126.0	0.0
49edc399afce2220bc5da9fbc4f45696	0.0	0.0	0.0	0.0	6.0	0.0	0.0	0.0	0.0	0.0	0.0	0.0	0.0	0.0	0.0
d9a037f76c6233c1180c218d620a5ee2	0.0	11.0	0.0	0.0	1.0	0.0	0.0	0.0	6.0	0.0	0.0	0.0	0.0	3.0	0.0
c33cafa6ddb1483c2ba34093b6dcf816	0.0	0.0	0.0	0.0	0.0	43.0	33.0	4.0	20.0	26.0	9.0	0.0	6.0	25.0	0.0
ca31de65ee3f4f1a4e429d13f4660927	0.0	0.0	0.0	3.0	8.0	2.0	32.0	6.0	0.0	8.0	174.0	0.0	0.0	0.0	0.0
7f8e92d27dffe0fb6221829b185c2a48	0.0	0.0	0.0	0.0	0.0	0.0	0.0	1.0	0.0	0.0	0.0	0.0	0.0	0.0	0.0
92ab3b7e5e7acdf979ccc16fe9c7ff1a	0.0	0.0	0.0	0.0	0.0	0.0	0.0	2.0	0.0	0.0	0.0	0.0	0.0	0.0	0.0
75106805052e6aa72aed9abb3d9ed391	0.0	0.0	5.0	0.0	0.0	0.0	0.0	0.0	0.0	0.0	0.0	0.0	0.0	0.0	0.0
ca67225153ac71233cb81d927bf55525	0.0	0.0	0.0	0.0	0.0	0.0	0.0	1.0	0.0	0.0	0.0	0.0	0.0	0.0	0.0
1e17b620ba2aefb18ba4ba06c360cf21	0.0	0.0	0.0	0.0	2.0	0.0	0.0	0.0	0.0	0.0	0.0	0.0	0.0	0.0	0.0
10d01806ec8b1b72962245a953febd96	0.0	0.0	0.0	0.0	0.0	10.0	0.0	0.0	0.0	0.0	0.0	0.0	0.0	0.0	0.0
8421b9dc946948fa952f6cba1558b538	0.0	0.0	0.0	0.0	0.0	0.0	0.0	0.0	0.0	0.0	0.0	0.0	0.0	1.0	0.0
fe64ef3b70b4fab02c3900f1d0dcca96	0.0	0.0	0.0	0.0	0.0	0.0	0.0	0.0	0.0	0.0	0.0	0.0	0.0	0.0	1.0
3f80cde9c167c15ba903e02ac5718514	0.0	0.0	0.0	0.0	0.0	9.0	0.0	0.0	0.0	0.0	0.0	0.0	0.0	8.0	0.0
b30df952c5e67e105195fff30455e3d8	0.0	0.0	0.0	0.0	0.0	0.0	0.0	0.0	0.0	0.0	0.0	0.0	0.0	7.0	0.0
e4a8613e885e78dcf4040884b921622f	0.0	0.0	0.0	0.0	0.0	0.0	1.0	0.0	0.0	0.0	0.0	0.0	0.0	0.0	0.0
bba7b10c1ec3dfd6cb0f3aad33158bb9	0.0	0.0	0.0	0.0	0.0	0.0	0.0	0.0	0.0	0.0	0.0	0.0	16.0	0.0	12.0
da8e74f7a89231fbd605e6aaa1facf10	0.0	14.0	1.0	27.0	0.0	0.0	0.0	0.0	0.0	5.0	11.0	0.0	6.0	4.0	0.0
deb0178e2644408841d4e341a2abcfc6	0.0	0.0	0.0	0.0	0.0	0.0	0.0	0.0	0.0	0.0	0.0	0.0	0.0	0.0	26.0
2bbfebf023b1a004493ccfd965896a5f	0.0	0.0	0.0	0.0	0.0	0.0	0.0	0.0	0.0	0.0	0.0	0.0	0.0	0.0	4.0
8aa74192ca85b42a6a1dcca1fd626282	0.0	0.0	0.0	0.0	1.0	0.0	0.0	0.0	0.0	0.0	0.0	0.0	0.0	0.0	0.0
1b6ecac7b10ffa3cb1984fcdf5c6b586	1.0	0.0	5.0	0.0	0.0	0.0	3.0	2.0	9.0	0.0	16.0	244.0	0.0	7.0	0.0
c768e310027068ed451f09b0d41ea32f	0.0	0.0	0.0	0.0	2.0	0.0	0.0	0.0	0.0	0.0	0.0	0.0	0.0	0.0	0.0
ba9066081b46aab10765ef2fba242750	0.0	0.0	0.0	0.0	1.0	0.0	0.0	0.0	0.0	0.0	0.0	2.0	0.0	0.0	0.0
1074217d18884761d8403fb82455a5ab	0.0	0.0	4.0	0.0	0.0	0.0	0.0	0.0	0.0	2.0	0.0	0.0	0.0	0.0	0.0
ac13329d4c4c34748a737136f14a819e	0.0	0.0	0.0	0.0	6.0	0.0	0.0	0.0	0.0	0.0	0.0	0.0	0.0	0.0	0.0
33cbdfd6b215bd3b91eab5319a9b37b5	0.0	0.0	0.0	0.0	0.0	0.0	0.0	0.0	0.0	0.0	0.0	7.0	0.0	0.0	0.0
6fd90d3890edf58bf5bcb2d1f3097d53	0.0	0.0	0.0	0.0	0.0	0.0	0.0	0.0	0.0	0.0	0.0	2.0	0.0	0.0	0.0
57a53f71085f5fbcd0a040fa1fbc0025	0.0	0.0	1.0	2.0	0.0	0.0	0.0	0.0	0.0	0.0	0.0	0.0	0.0	0.0	0.0
96965b580cfc9014a4e41886c80e948e	0.0	0.0	0.0	0.0	0.0	0.0	0.0	0.0	0.0	0.0	0.0	0.0	0.0	2.0	0.0
b39225b91868ac8fb50b67b4c3184f25	0.0	0.0	0.0	0.0	0.0	0.0	0.0	0.0	0.0	0.0	0.0	0.0	3.0	0.0	0.0
95ce66ca8d18af976eebf7b4b9836770	0.0	0.0	0.0	0.0	0.0	0.0	0.0	0.0	0.0	0.0	0.0	18.0	0.0	0.0	0.0
d1c41cbbefd3f517d3790672f1026b17	0.0	0.0	0.0	0.0	0.0	0.0	0.0	0.0	0.0	0.0	0.0	0.0	0.0	0.0	8.0
913a3e190b39126c1da4992cd47d090a	0.0	0.0	0.0	0.0	0.0	0.0	0.0	2.0	0.0	0.0	0.0	0.0	0.0	0.0	0.0
3c8aeadd4a5699bdba71841665f034c7	0.0	0.0	0.0	0.0	17.0	0.0	0.0	0.0	0.0	0.0	0.0	0.0	0.0	0.0	0.0
dc57c33887711d791baba98e76ca08c5	0.0	0.0	0.0	0.0	0.0	0.0	0.0	0.0	0.0	0.0	2.0	0.0	0.0	0.0	0.0
11e7e54da4ff8fe083a5eb7b5b54f8dd	0.0	0.0	0.0	0.0	1.0	0.0	0.0	0.0	0.0	0.0	0.0	0.0	0.0	0.0	0.0
90d8d6c0c755ef30a6aaa1aca30c9ab9	0.0	0.0	0.0	0.0	0.0	2.0	0.0	0.0	0.0	0.0	0.0	0.0	0.0	0.0	0.0
dcfac342e23e03f9ac5aa66e98c0e24e	5.0	0.0	0.0	0.0	0.0	0.0	0.0	0.0	0.0	0.0	0.0	0.0	0.0	0.0	0.0
a6f59a5c26302aef25711ff830bb87e5	0.0	0.0	0.0	0.0	1.0	0.0	0.0	0.0	0.0	0.0	0.0	0.0	0.0	0.0	0.0
c678614e42d911caf67bfc9c7bae78b4	0.0	0.0	0.0	0.0	0.0	0.0	0.0	0.0	0.0	0.0	0.0	0.0	0.0	0.0	22.0
58946b6f4049f95f2df763cf6e0d1eb4	0.0	0.0	0.0	0.0	0.0	0.0	0.0	0.0	0.0	0.0	0.0	0.0	0.0	0.0	9.0
d3e2fc13251ce9b4d7fe6d587f5971ed	0.0	0.0	0.0	0.0	0.0	0.0	0.0	0.0	0.0	0.0	0.0	0.0	9.0	0.0	0.0
60674b15c2efaf282bb36965a912d0ee	0.0	0.0	0.0	0.0	0.0	0.0	0.0	0.0	0.0	0.0	12.0	0.0	0.0	0.0	0.0
72ef123fc92a744cbc953b1a9adad588	0.0	0.0	3.0	0.0	0.0	0.0	0.0	0.0	0.0	0.0	0.0	0.0	0.0	2.0	0.0
665c77bd66308376c21ed915f0655106	0.0	0.0	0.0	0.0	0.0	0.0	0.0	0.0	0.0	0.0	0.0	55.0	0.0	0.0	0.0
2edd8a856bbd18f20438e2e0ea5c1f41	0.0	0.0	0.0	0.0	0.0	0.0	0.0	0.0	0.0	0.0	0.0	0.0	0.0	10.0	0.0
8672db575e51fc8b5b762ef6c2c79282	0.0	0.0	0.0	0.0	0.0	0.0	0.0	2.0	0.0	0.0	0.0	0.0	0.0	0.0	0.0
85f6700214f06a1949ee1df28a923a2e	0.0	0.0	0.0	0.0	0.0	0.0	0.0	0.0	0.0	0.0	0.0	0.0	0.0	0.0	3.0
72d425f94120e14dfdc30f8d8c51c095	0.0	0.0	0.0	0.0	0.0	0.0	0.0	0.0	0.0	0.0	0.0	32.0	0.0	0.0	0.0
00777b29b8bcb402e0bd1e8cec228554	0.0	0.0	0.0	0.0	0.0	0.0	0.0	0.0	0.0	0.0	0.0	0.0	0.0	0.0	34.0
20ca081677f7aae4fb8e04d33c72e2c9	0.0	0.0	0.0	0.0	1.0	0.0	0.0	0.0	0.0	0.0	0.0	0.0	0.0	0.0	0.0
caf6ad5f804d3a6f9b0c9c7d45eff81f	3.0	0.0	0.0	0.0	16.0	2.0	47.0	28.0	0.0	0.0	0.0	0.0	0.0	3.0	0.0
6aa516c2aebf093caa691f61055bb0dd	0.0	0.0	0.0	0.0	0.0	0.0	0.0	0.0	0.0	0.0	0.0	0.0	3.0	0.0	23.0
c5917572e7777c130674b673e5c99f68	0.0	48.0	45.0	89.0	0.0	0.0	1.0	1.0	10.0	105.0	3.0	0.0	25.0	98.0	18.0
dd7c18656be502fc00fbab56e573d1a1	0.0	0.0	0.0	0.0	0.0	0.0	0.0	0.0	0.0	0.0	0.0	0.0	0.0	9.0	0.0
9470c4346b0d64766ad83af55ceadbf7	0.0	3.0	0.0	0.0	0.0	0.0	3.0	0.0	0.0	0.0	0.0	0.0	0.0	0.0	0.0
9a2040023ebaf28ad7cc23310fdb7fa3	0.0	0.0	0.0	0.0	1.0	1.0	0.0	0.0	0.0	0.0	0.0	0.0	0.0	0.0	0.0
65a97a462c6d5bd94850a8dc10fbdbe3	2.0	0.0	13.0	11.0	0.0	0.0	0.0	0.0	0.0	12.0	1.0	0.0	25.0	33.0	0.0
0eb9f96bd036ec15799bf10d9080a911	0.0	0.0	0.0	0.0	0.0	0.0	3.0	8.0	0.0	0.0	0.0	0.0	0.0	0.0	0.0
0dd4638d70a5a52ee7dfce0b48f96a0e	0.0	0.0	6.0	0.0	0.0	0.0	0.0	0.0	0.0	0.0	0.0	0.0	0.0	0.0	0.0
d93f1306a0c1a0f6dda8ef589276bd1e	0.0	0.0	0.0	4.0	0.0	0.0	0.0	0.0	0.0	0.0	0.0	0.0	0.0	0.0	0.0
5d4d5ca89373941c635bc896d550cacf	0.0	0.0	0.0	0.0	1.0	0.0	0.0	0.0	0.0	0.0	0.0	0.0	0.0	0.0	0.0
fc0e8ad5df222c87f2dbc37921a7bce8	0.0	0.0	2.0	0.0	0.0	0.0	0.0	0.0	0.0	0.0	0.0	0.0	0.0	0.0	0.0
56505184255a7b1e3522dc9bd5120d0f	0.0	0.0	0.0	1.0	0.0	0.0	0.0	0.0	0.0	0.0	0.0	0.0	0.0	0.0	0.0
5b2adb2a72c48bc34e3e7513d52c9fe6	0.0	0.0	0.0	0.0	0.0	0.0	0.0	0.0	0.0	0.0	0.0	0.0	0.0	0.0	9.0
ce220416b8197d4f7ccac2ba001ddf64	0.0	0.0	0.0	0.0	4.0	0.0	0.0	0.0	0.0	0.0	0.0	0.0	0.0	0.0	0.0
4f36b69552247260d3440afd6a76ebb4	0.0	0.0	0.0	8.0	0.0	0.0	1.0	0.0	1.0	2.0	5.0	0.0	0.0	3.0	0.0
0b2e274e8e751016954beeee2cdd25fb	0.0	0.0	0.0	0.0	0.0	0.0	0.0	0.0	0.0	0.0	0.0	0.0	0.0	1.0	0.0
72ca8a46914d77a0c6fc691869c3ef49	0.0	0.0	0.0	0.0	0.0	0.0	1.0	0.0	0.0	0.0	0.0	0.0	0.0	0.0	0.0
d16b72a476259e08fd8da446720541a4	7.0	22.0	1.0	6.0	0.0	0.0	0.0	0.0	0.0	0.0	0.0	0.0	3.0	6.0	3.0
247e0e8582764b66fafa750566a12617	0.0	0.0	0.0	0.0	0.0	0.0	0.0	0.0	0.0	0.0	0.0	2.0	0.0	0.0	0.0
4815ac6233e24f59ad94aa74ffece6e7	0.0	0.0	0.0	0.0	0.0	0.0	0.0	28.0	2.0	0.0	0.0	0.0	9.0	0.0	0.0
3c5a3b0043494b2d6800d26cfae7fb5b	0.0	0.0	0.0	0.0	0.0	0.0	0.0	5.0	0.0	0.0	0.0	0.0	0.0	1.0	0.0
6a84c827561f9bd3c701143485718d79	0.0	0.0	0.0	0.0	0.0	0.0	0.0	0.0	0.0	0.0	0.0	0.0	15.0	0.0	33.0
04e9d99e6a6cc101d1caf4adbf0b99f8	0.0	1.0	0.0	0.0	0.0	0.0	0.0	0.0	0.0	0.0	0.0	0.0	0.0	0.0	0.0
c226f6382004dfc5b73d53be39756200	0.0	0.0	0.0	0.0	0.0	0.0	0.0	0.0	0.0	0.0	0.0	0.0	0.0	7.0	0.0
5e830064cff492857877521f66c96657	0.0	0.0	0.0	0.0	5.0	0.0	0.0	1.0	0.0	0.0	0.0	0.0	28.0	0.0	0.0
adca240ac61c434812f2c7e267f64865	0.0	0.0	0.0	0.0	0.0	1.0	0.0	0.0	0.0	0.0	0.0	0.0	0.0	0.0	0.0
a1c049b544bc7870b543afca02d9dc8e	0.0	0.0	0.0	0.0	0.0	0.0	113.0	3.0	0.0	0.0	0.0	0.0	0.0	0.0	0.0
8a0aff634650bbc0a0359ce3b4b37bb3	0.0	0.0	0.0	0.0	0.0	0.0	0.0	0.0	0.0	0.0	0.0	0.0	0.0	0.0	11.0
d37891c1d620c5e8ee40f7171134c357	0.0	0.0	12.0	0.0	0.0	0.0	0.0	0.0	0.0	0.0	0.0	0.0	0.0	0.0	0.0
cf76e248174073ed8863855ed9124dd1	0.0	0.0	0.0	0.0	0.0	0.0	0.0	3.0	0.0	0.0	0.0	0.0	0.0	0.0	0.0
b1dfb167171b8494aac9cc2042db3e85	0.0	0.0	0.0	0.0	0.0	1.0	0.0	0.0	0.0	0.0	0.0	0.0	0.0	0.0	0.0
35f45dbe625641d7244453936fe1beea	0.0	0.0	0.0	0.0	16.0	0.0	0.0	0.0	0.0	0.0	0.0	0.0	0.0	0.0	0.0
9d833bdf5344012276450988072a2769	0.0	0.0	0.0	0.0	0.0	0.0	0.0	1.0	0.0	0.0	0.0	0.0	0.0	0.0	10.0
4c6f95c38ef6d32651d5b2032ceda5cd	0.0	0.0	0.0	0.0	0.0	0.0	0.0	0.0	0.0	0.0	0.0	0.0	14.0	0.0	0.0
3057d00061d3abc4b19e878796b2a831	0.0	0.0	0.0	0.0	61.0	318.0	0.0	8.0	0.0	11.0	0.0	0.0	0.0	22.0	0.0
ca018e27c56fdc10535c6a9b6b640946	0.0	0.0	0.0	0.0	0.0	0.0	0.0	0.0	0.0	0.0	0.0	7.0	0.0	0.0	0.0
51b3fce5b8f4933d94da61aae185cc17	0.0	0.0	0.0	0.0	0.0	0.0	0.0	0.0	0.0	0.0	0.0	0.0	5.0	0.0	0.0
a183f2595f2df8381e32d2d98cca1b63	0.0	0.0	0.0	0.0	0.0	0.0	0.0	0.0	0.0	0.0	0.0	0.0	11.0	0.0	9.0
67de1aeeac20d41e3bc449f8001dcd54	0.0	0.0	0.0	0.0	11.0	0.0	0.0	0.0	0.0	0.0	0.0	0.0	0.0	0.0	0.0
bdd082f515a2bb0c9f2e9d1b7bfa2188	0.0	0.0	0.0	0.0	0.0	0.0	0.0	2.0	0.0	0.0	0.0	0.0	0.0	0.0	0.0
21a247c72402f15b6f45ff2dd50d644b	0.0	0.0	0.0	0.0	0.0	0.0	0.0	0.0	0.0	0.0	0.0	0.0	0.0	0.0	11.0
19f9019b11c3fcd7979b545c35ffc54c	0.0	0.0	2.0	0.0	0.0	0.0	0.0	0.0	0.0	0.0	0.0	0.0	0.0	0.0	0.0
a85eb29eeda1799742d25620681d7cfd	0.0	0.0	0.0	0.0	1.0	0.0	0.0	0.0	0.0	0.0	0.0	0.0	0.0	0.0	0.0
5a8c00a11723a89db9e6f55a4bea62ea	0.0	0.0	0.0	0.0	0.0	0.0	0.0	0.0	0.0	0.0	0.0	3.0	0.0	0.0	0.0
d8815ae2e74f55f4d5ca0041b6b8e8c5	0.0	0.0	0.0	0.0	4.0	0.0	0.0	0.0	0.0	0.0	0.0	0.0	0.0	0.0	0.0
5c685b88f20050ea8f2afe87a05e7f15	0.0	0.0	0.0	0.0	0.0	0.0	31.0	0.0	0.0	0.0	2.0	0.0	0.0	0.0	0.0
7489ab3f19f5359bbad9b739f176e947	0.0	5.0	4.0	0.0	0.0	0.0	0.0	0.0	0.0	0.0	0.0	0.0	0.0	0.0	0.0
78a865b1d71d7a7095dbfad14b503a51	0.0	0.0	0.0	0.0	0.0	0.0	0.0	0.0	0.0	0.0	0.0	0.0	0.0	0.0	10.0
09e61079c468201812a9a0811e1b2c9e	0.0	0.0	0.0	0.0	0.0	0.0	0.0	0.0	0.0	0.0	0.0	0.0	0.0	0.0	12.0