Eigvals	48
3.021194264271919	0.9794603162362234	0.42299727783679114	0.24240687940375027	0.16400693452507384	0.14183149123200778	0.09624177398465622	0.06574748560736363	0.059977209057968724	0.043594154700970604	0.034060949641802375	0.03153008512711384	0.023008200249281345	0.01508531423084506	0.010959650697457336	0.009520551708200424	0.008173918003913615	0.004781560842468439	0.0026365870744904443	0.0023771397069981756	0.0015050052688498836	0.0010795737489418603	0.0007876930802265883	0.000513016030548533	0.0004594246185740431	0.0003673038257139133	0.00019651075560185582	6.548825024940236e-05	4.4015183352199774e-05	0.0	0.0	0.0	0.0	0.0	0.0	0.0	0.0	0.0	0.0	0.0	0.0	0.0	0.0	0.0	0.0	0.0	0.0	0.0

Proportion explained	48
0.5610795193282633	0.18189996251941346	0.07855671915325387	0.0450184673611174	0.030458462429262756	0.026340161527230847	0.017873490932111116	0.012210260047779996	0.011138636143613122	0.008096065736122773	0.006325611523525189	0.005855593338273334	0.004272955926449259	0.0028015612758347797	0.0020353658214086866	0.0017681043021125597	0.0015180149250580302	0.0008880050815857011	0.000489652395384352	0.00044146926265269153	0.00027950126968624304	0.00020049247653450213	0.00014628601015772197	9.527450493066261e-05	8.532180376663596e-05	6.82136386978279e-05	3.6494892632299605e-05	1.2162116288287969e-05	8.17425685281087e-06	0.0	0.0	0.0	0.0	0.0	0.0	0.0	0.0	0.0	0.0	0.0	0.0	0.0	0.0	0.0	0.0	0.0	0.0	0.0

Species	0	0

Site	48	48
ec1306	0.029296600173238145	-0.001267440082209375	-0.06991648120083603	-0.02785734442109165	-0.024208669862116283	0.018906329538902356	0.049103659688920824	-0.03399650963148072	0.01934147492653265	0.016394718013526183	-0.03085330526857967	0.04374556759570623	0.06036144361775593	0.0016383352165966103	0.013511489374363488	0.020044563660288624	-0.004609129995823032	0.005843823611585058	0.004170740183185218	0.011546626876456257	0.006231311786192989	-0.009050652007009208	-0.0004731359761861896	-0.0006226243138846546	0.0015368905889099986	0.0014263340048751199	0.0002649641461054252	-0.00037517982535469107	0.0004703711716255293	-0.0	0.0	0.0	0.0	0.0	0.0	0.0	0.0	0.0	0.0	0.0	0.0	0.0	0.0	0.0	0.0	0.0	0.0	0.0
ec1322	0.10217635800104911	0.05058382953224	-0.015356145164958323	-0.011485141372335682	0.011925727546856254	0.0021469241899852837	-0.008850588020523836	0.015267542861558835	0.02529348829756977	-0.0033768760566277264	-0.007986705854269352	0.006133425118970537	-0.0008275016298043991	-0.005653073433504715	-0.005307559957689856	-0.010430483045084328	0.012374441119256051	0.001833981002426782	0.007033995466119187	0.01290324976901467	-0.0020212801499451456	-0.010122895825684602	-0.0013189377502531173	0.010315080384051899	0.001117846309610963	0.001988792170966035	-0.0020980797825911274	0.0006762161592665785	-0.00020044915993798135	-0.0	0.0	0.0	0.0	0.0	0.0	0.0	0.0	0.0	0.0	0.0	0.0	0.0	0.0	0.0	0.0	0.0	0.0	0.0
ec1341	0.02007014153037241	-0.06649631860234205	-0.1529130149869765	0.020111502262127497	-0.0058450840566034055	0.03525347588546919	0.013302925686910135	-0.030190915687002835	-0.027120575991075386	0.0472246840889855	-0.047316547843901234	-0.02460183352038782	-0.005523631747205513	-0.013318694393448289	0.07297489589642026	-0.0021088770904174273	0.024012591007840214	0.011084983562624951	0.0024621240285932692	-0.0009935467928118198	-0.007962923345424288	0.002583078364350598	0.0004919400464879194	-0.0010582651773247205	0.00021641500521402487	-0.001520557414313918	-0.00024027270838579128	0.0002216478793131225	-0.0002434342270516425	-0.0	0.0	0.0	0.0	0.0	0.0	0.0	0.0	0.0	0.0	0.0	0.0	0.0	0.0	0.0	0.0	0.0	0.0	0.0
ec1350	0.10743075333331295	0.06956319860402463	0.05141273949493673	-0.004993701320566728	0.023119475014764662	0.005485850973758237	0.007456079412073033	-0.007774635130799073	0.0015888569276910735	-0.0016217488407744927	0.003666617530250895	0.0148203031185531	0.021550442980002187	0.01232424174122964	0.0037668372265348728	-0.016301901129761154	0.003341815980897097	-0.002002661519455131	-0.0003437861970794121	0.004986688365832992	-0.004144868757529337	0.011420250472758069	-0.0059998648606648395	0.005865352117462271	-0.0021373333873682208	0.006757454061734634	0.0031627083031441163	0.0011040697428451038	0.0007880591878028752	-0.0	0.0	0.0	0.0	0.0	0.0	0.0	0.0	0.0	0.0	0.0	0.0	0.0	0.0	0.0	0.0	0.0	0.0	0.0
ec1353	0.06826305577197657	0.02185364156877875	-0.03162951704745113	-0.014774685586256551	0.00014764207398685746	0.0031107779091602357	0.008904727783173631	-0.008014741050812577	0.02071384951675419	-0.018913894513386046	-0.004073719208816412	0.023327720786624123	0.011515573664522813	-0.03947697303304881	0.007412253141485564	0.019502105220583404	-0.022940813040155456	-0.014778927407311175	-0.004557365769114203	-0.028433367140529353	-0.0006948924489631404	-0.0025943719003790706	0.0003765387684898792	-0.0005359730765418214	-0.001292314204862917	0.002216429108526241	0.00014289288926175808	9.101054481563493e-05	0.0001110091132814343	-0.0	0.0	0.0	0.0	0.0	0.0	0.0	0.0	0.0	0.0	0.0	0.0	0.0	0.0	0.0	0.0	0.0	0.0	0.0
ec1354	0.12759077821868597	-0.10680378512522033	0.026813524388165685	-0.21092242554318338	-0.11117851452478293	-0.044510617814420665	0.09651424544283432	-0.047123725085464745	0.01714384351736485	-0.08458931926798247	0.025832596974967738	-0.02152222397549181	0.019370153676686618	0.00477729315934615	0.006347519013129375	0.0005901057107958567	-0.006291787699919956	-0.004998270768832618	0.003157475879112267	0.0023119694555766546	-0.003989342585209969	3.902028230240078e-05	-0.0002629980709479711	-3.27604709219668e-05	3.5850506487222724e-05	-0.0003610662591828853	-0.00020402852419167865	-0.00015115372267550113	1.844446218685227e-05	-0.0	0.0	0.0	0.0	0.0	0.0	0.0	0.0	0.0	0.0	0.0	0.0	0.0	0.0	0.0	0.0	0.0	0.0	0.0
ec1357	0.12617756937469998	0.09229679477849269	0.06574879058281806	0.004328559592802913	0.005802333401804038	0.008706244367565966	-0.008654834298228728	-0.01682243081606973	0.0014932833621150738	0.020776605642018428	0.00867113781433417	-0.0006066777345174095	-0.008916253676656539	0.011414696186874965	-0.01682385203967387	0.016486291453958475	-0.0023327664809996134	0.005143401452190534	0.016667237535563897	-0.003285153437000088	-0.01689049761190952	0.0007188839730453571	0.005167772672929613	-0.0034196222721585724	0.0015566947354558615	-0.003232257478328899	0.0018870980530916515	0.001505105546442706	0.0012566036170700047	-0.0	0.0	0.0	0.0	0.0	0.0	0.0	0.0	0.0	0.0	0.0	0.0	0.0	0.0	0.0	0.0	0.0	0.0	0.0
ec1367	0.11149117789194868	0.07358642014520073	0.02819241701440926	-0.010401665840173541	0.008113265842586592	0.000150650854471407	-0.0085341218223795	0.010378986371522613	0.007280027490542852	-0.0031386166645443725	0.00845116998028222	-0.02242399170300746	-0.007641441689408362	-0.002581985746617953	0.009837105848258362	-0.0024527572500878934	0.005403226982656582	-0.003023018003327269	0.021926556585751503	-0.0037255237272872084	0.0030911488275091772	-0.0008945325374236685	-0.0049591135039717855	0.0014222328136857683	-0.012096700027113967	0.0010603550119530401	0.0013081071396360713	-0.001282392795529472	0.0004913346222026017	-0.0	0.0	0.0	0.0	0.0	0.0	0.0	0.0	0.0	0.0	0.0	0.0	0.0	0.0	0.0	0.0	0.0	0.0	0.0
ec1369	0.12639039258199491	0.0892635024074076	0.05324034461781363	0.0012980103724928567	0.008846533495717726	0.004538471245915639	-0.000851794928176161	-0.0029573955170276623	0.008000799339311507	0.0075314924538872055	-0.004665985208767067	0.004824136345762976	0.008545937994544454	0.025765918115229165	-0.0004620659228628758	0.0003791386159307045	0.004258998108682594	0.004525136784725379	-0.007335598841077291	-0.00984771735929083	-0.0022053904971153383	0.004827037471762057	-0.0003590403861718511	0.0029937088419157666	0.003392295339302902	0.004071674133544327	0.002615911722393045	-0.001597216614918043	-0.0019560314702216732	-0.0	0.0	0.0	0.0	0.0	0.0	0.0	0.0	0.0	0.0	0.0	0.0	0.0	0.0	0.0	0.0	0.0	0.0	0.0
ec1382	0.1167065788671865	0.07801385771041817	0.05426892329533222	-0.0009713171036477445	0.012494841133567136	0.00436754209011005	0.004186586843333861	-0.010416972540060774	0.0026871421449675696	0.004286769786946184	0.0016868639959402654	0.012168870453615655	0.014140172455665121	0.01652892679120163	-0.002647096428949224	-0.007669221659119901	-0.001289148163698259	-0.01718118925900085	0.002367845339257262	0.005896748150824145	0.0015920787568397701	-0.004475821511648104	0.0017935549825879027	-0.00722779795247836	-0.0032136441967380055	-0.00032934150748177647	-0.005410978883833141	0.001130499217483091	-0.0018723080976753815	-0.0	0.0	0.0	0.0	0.0	0.0	0.0	0.0	0.0	0.0	0.0	0.0	0.0	0.0	0.0	0.0	0.0	0.0	0.0
ec1384	0.09851845791182139	0.056925882225304265	0.011837764976729845	-0.00618633642322576	0.0008814826415697648	-0.00563001061569318	-0.005936532223747439	-0.006188338426764178	-0.005488796935776967	-0.01323180666077575	-0.0013299026792731145	0.031379288050844466	0.02681312618530385	-0.028089193899238873	-0.0028167493495952814	-0.037744303849819125	0.013444804204182544	0.001988557604643452	-0.004955213445215122	-0.00620602489349168	0.00502898121111701	-0.005607929869647608	0.011142032411579995	0.004059498100403494	-0.001471933484255185	-0.004450504097693952	0.00016913791405149278	-0.00024828730439552824	-0.00030397946881039037	-0.0	0.0	0.0	0.0	0.0	0.0	0.0	0.0	0.0	0.0	0.0	0.0	0.0	0.0	0.0	0.0	0.0	0.0	0.0
ec1386	-0.0625944038031987	-0.14452846285477267	0.12402969899799195	0.3214437812625929	-0.07202400032968169	-0.07808445786316849	0.07961843260384362	0.04521158140080855	0.0537632467239701	-0.006852152866385033	0.0030677852974475904	-0.009715747249779706	-0.008224801182241228	-0.027678965383686246	-0.0044179280735834455	0.005813366175542888	0.009753829750784308	0.009678626580922367	-0.0015666039216921568	-0.0025063210454424343	0.004465135986935509	-0.0006921633602507857	-0.000823735799207335	0.0003274632194990207	-0.0008445035747813477	0.00025802410095984463	-0.00013298190473393938	-5.777741486110165e-05	-2.6219412696750856e-06	-0.0	0.0	0.0	0.0	0.0	0.0	0.0	0.0	0.0	0.0	0.0	0.0	0.0	0.0	0.0	0.0	0.0	0.0	0.0
ec1398	0.12671270831496528	0.09134205542536823	0.0625307877308612	0.004633138313429935	0.005920942686645336	0.006484387745463396	0.0035106510259694415	-0.010139436342052756	0.012947686972385174	0.015601686178714583	-0.006027642036965781	0.015536729297381948	0.00904794335736229	0.029698581408159452	-0.005784350510390602	0.01294823127295728	-0.0032581811622324013	0.005848101734883082	-0.006724274003509138	0.004286670468735798	0.006258781491115082	-0.0007244673226657155	0.003005091080801458	0.006429964412293628	-0.0004377599718273393	-0.005291736427548491	0.003616381593691442	0.0024198543244649644	0.0005640474179214117	-0.0	0.0	0.0	0.0	0.0	0.0	0.0	0.0	0.0	0.0	0.0	0.0	0.0	0.0	0.0	0.0	0.0	0.0	0.0
ec1401	-0.06325812779617321	-0.11235132399573355	-0.14510729311590773	-0.022592787302611696	-0.017937559156391152	0.03619743159912857	0.07062477787911779	-0.024393766107773114	-0.027347654384575704	0.09250546907417367	-0.05959378667612462	0.007757657385088701	-0.029832349900225114	0.004054756056604327	-0.03147291136406577	0.005584734110376229	-0.017502459302557682	-0.008884615670622632	-0.005055114649184514	-5.4500940777410486e-05	0.0017187324851504514	0.00031871462974242563	0.0003821720238216676	0.00034640004709892216	-0.0017777871615142033	0.00016999757094925778	2.767511148208734e-05	1.015925041283114e-05	-1.4441026498400619e-05	-0.0	0.0	0.0	0.0	0.0	0.0	0.0	0.0	0.0	0.0	0.0	0.0	0.0	0.0	0.0	0.0	0.0	0.0	0.0
ec1403	0.11969825491170752	0.08290088425844332	0.04924992996002098	-0.0006402917278648463	0.008294043565753442	6.41609021928414e-05	-0.0047010696243207795	-0.0035448581084850826	0.003984290243359285	0.0034358446810609862	0.0017024734641437635	-0.00506344253090109	-0.004007567268188215	0.013856008734008385	0.0010388884771630267	0.005312472885586214	0.008023122924326487	0.0021095431802020236	-0.010306507157289898	-0.004432950413676278	-0.007537907403795622	-0.009815625382409713	-0.0013517472316349425	-0.004761519172496536	-0.0009942567742787856	0.0011000099355901163	-0.002789304631817657	0.0014558270417453347	-9.133210923331369e-05	-0.0	0.0	0.0	0.0	0.0	0.0	0.0	0.0	0.0	0.0	0.0	0.0	0.0	0.0	0.0	0.0	0.0	0.0	0.0
ec1404	0.11313860300342911	0.07764590727870002	0.03725924948301112	-0.003981145515602705	0.010183194536123881	-0.0016283853953012952	0.0032983116597309656	0.003513591432319488	0.012877658252447237	0.0009856294026972115	-0.002988790572208916	0.00015275246829036948	0.002441631891927412	0.020772636875087656	0.008490993633474952	-0.003383930688635949	0.007080383619969203	-0.006792894741085312	-0.0011975026610030394	-0.004420829227265174	0.0066189767458806675	-0.0017599388071606959	0.00887040015795968	-0.003790749741556616	0.004511099621927217	-0.000616195323436813	0.0033688668746819582	-0.002610640034930576	0.002422675909070079	-0.0	0.0	0.0	0.0	0.0	0.0	0.0	0.0	0.0	0.0	0.0	0.0	0.0	0.0	0.0	0.0	0.0	0.0	0.0
ec1412	0.10806121572622764	0.05269525816657704	0.01753336538138463	-0.02401854655143182	0.030441825977145932	0.010333243897576252	0.0029711596407003935	0.03654828478169984	0.007940913441855347	-0.019331483011699784	-0.00904862860461304	-0.02059864618480396	0.009119874062160473	0.013343872761113951	-0.013323954544173996	-0.018897776844000264	0.011025658474512926	-0.009879332350999356	-0.004937812766001932	-0.0056518722575336555	-0.0036675575874007627	-0.002057583044668215	-0.007376939412156053	-0.0030148211450314903	-0.0027671750486608273	-0.004662502368092057	0.002061188366742422	-0.00035905936821071225	8.817466809361086e-07	-0.0	0.0	0.0	0.0	0.0	0.0	0.0	0.0	0.0	0.0	0.0	0.0	0.0	0.0	0.0	0.0	0.0	0.0	0.0
ec1417	0.02708135900910216	-0.07345841735811175	-0.15611248852322743	0.05399154122817485	0.010886618506612628	0.06031963181799423	0.009225569841661474	-0.03773428603956999	0.002961315077535409	-0.004975766147380033	0.016790842436477365	-0.013535255762715059	-0.04105159275435433	0.00823463635953201	-0.00012740228660621037	-0.021499299113197604	-0.0029538556589986495	-0.03112655873275196	0.008504393869989673	-0.0029160131686615837	0.007028960017511175	-0.0010607925274441926	0.0012216093749497876	0.003254586280317376	0.0021102381647276794	0.0004875193521098712	0.0005827149202653335	-0.0005328077643961698	0.00024500400902430724	-0.0	0.0	0.0	0.0	0.0	0.0	0.0	0.0	0.0	0.0	0.0	0.0	0.0	0.0	0.0	0.0	0.0	0.0	0.0
ec1419	0.040289378785744484	-0.04816566638143374	-0.13998875688085838	0.054648918519687985	-0.003404650635108827	0.07486832263831783	0.0013828139077807315	-0.026185257587009653	0.009066089737910532	-0.0013369757369032082	0.016385468273470982	0.0016938033791089545	0.008476343966909643	0.027972610311645954	-0.02341611601112448	-0.013783003725008947	0.026714003656004588	0.009834425397677852	-0.012196945755869715	-0.004531068675710768	-0.005618375799605768	0.001786402957469217	-0.0006284859902533931	-0.0035178519060698327	-0.001007820979332694	0.00046080291928991693	-0.00013516535728250748	0.0004350545100818832	-0.00014375168983094645	-0.0	0.0	0.0	0.0	0.0	0.0	0.0	0.0	0.0	0.0	0.0	0.0	0.0	0.0	0.0	0.0	0.0	0.0	0.0
ec1430	0.12642853631415954	0.08720875652801811	0.04864489652612766	0.00018416385579975996	0.009460694810044924	0.005639169529892503	-0.002478491951898507	-2.6676577543666107e-05	0.010010089335609873	0.009014993457290708	-0.005586782172643583	0.009469088120503979	0.010614836200849	0.027320132789331635	0.0007921349180579607	0.0008684340023472195	0.005223743399513259	0.0046727150308546374	-0.004294048898539606	-0.00031443666349671744	0.0042068887809444564	0.002541949190309541	-0.002567480516261306	0.003306668248537222	-0.00013289071078488815	-0.0005544004852688645	-0.0070400255803429726	-0.003096779819221322	0.0007199458478487747	-0.0	0.0	0.0	0.0	0.0	0.0	0.0	0.0	0.0	0.0	0.0	0.0	0.0	0.0	0.0	0.0	0.0	0.0	0.0
ec1433	0.04871227739556532	-0.02031180162471784	-0.002654692022523587	0.17528898728897513	-0.04750289455133099	-0.08654148598785301	0.09727209513885088	0.010681760380827687	-0.044082909902960696	-0.04288546615611793	-0.03335565895395268	0.01744597517594418	-0.003915789542598758	0.031771239103211786	0.007014100845382515	-0.011259608026912966	-0.0160003394975494	-0.013767325873362372	0.003295181516561019	0.006398439387875113	-0.009121223504430911	0.0019168232452636718	0.0007265254670125772	-0.0007811069693091789	0.0015133831051222975	-0.0004558119594694462	-5.3950400899656744e-05	8.376079749957747e-05	-5.59094837971709e-05	-0.0	0.0	0.0	0.0	0.0	0.0	0.0	0.0	0.0	0.0	0.0	0.0	0.0	0.0	0.0	0.0	0.0	0.0	0.0
ec1441	-0.1494232876478363	-0.462867728268767	0.12591420019759644	-0.15605581942065816	-0.11031369059564276	-0.10815715148725921	0.04264422672065349	0.011490748396124488	0.00897202071804023	0.05736117239983942	0.006278612567389835	-0.021483226100370987	-0.0037391562711692667	0.004077228043419216	-0.006163164659020292	-0.0048772529440894614	0.007293741820547126	0.006892162435462824	-0.0009916877410986336	-0.002910095431027599	0.0021459442983876123	0.0011315723534210628	8.844575790344081e-05	-0.0001987208503251015	0.0003501793653770714	0.00018796553511002086	4.713559214776202e-05	6.090784998168064e-05	-2.4045636016622047e-05	-0.0	0.0	0.0	0.0	0.0	0.0	0.0	0.0	0.0	0.0	0.0	0.0	0.0	0.0	0.0	0.0	0.0	0.0	0.0
ec1449	-0.10799602823111679	-0.39225432544024286	0.1417098480914389	0.020067535924589486	0.04384014646489779	9.73081048285448e-05	-0.160625454011965	-0.029538035328817883	0.009740368181362098	-0.04910329472505262	-0.10672524014556006	-0.0247308552374889	0.010283662598258577	0.0035573842948745547	-0.00748046156005547	-0.0008251566854652642	-0.0052855931164384464	-0.0053268727043037385	0.00015916829732775655	0.0009530623841982141	0.00027721716713363935	-0.0002218528133018148	-0.0004312093574168695	-0.00018035025590439763	-7.257043606219178e-06	0.00020729534618269235	0.00018530850110459786	-0.00014645908443784107	1.9451536701972145e-05	-0.0	0.0	0.0	0.0	0.0	0.0	0.0	0.0	0.0	0.0	0.0	0.0	0.0	0.0	0.0	0.0	0.0	0.0	0.0
ec1450	-1.1206644065416178	0.25167353313297586	0.08687827376475436	0.04172392722298656	-0.1819945065039243	0.03259922036159809	-0.08434000169725907	-0.05544380215892636	0.026160265991739158	0.014887112475274574	0.020830026925473248	0.004128944657385447	0.0014589555247176637	0.005705800018526967	0.003802203023336421	-0.006206729371575846	-0.010526568750881614	-0.0016291361016056794	0.0033576741615560777	0.0017804428294272364	-0.0022500096397829066	-0.0005113844799361999	3.3594047387845896e-05	-0.0001493360237288885	0.00024540569913131423	-6.987263665426717e-05	3.8706314019238325e-05	2.5330670133031434e-06	2.508231513339297e-05	-0.0	0.0	0.0	0.0	0.0	0.0	0.0	0.0	0.0	0.0	0.0	0.0	0.0	0.0	0.0	0.0	0.0	0.0	0.0
ec1460	-0.009399904247407012	-0.26190749758993714	-0.022910547901691714	-0.06428110425711672	0.0019265038861071004	-0.06440936780741383	-0.05636611780506586	0.041514601206341435	-0.039349970377902437	-0.03745110856889418	0.026774730705557137	0.09412874695688321	-0.06476831808191404	0.012003865470028028	0.01278806568248635	0.00547780408613011	0.004028518158191472	0.007888429464483475	-0.001811687234559701	-3.4920913650044443e-06	0.000124893636076552	9.050826706581641e-05	0.0003088720105765915	0.0002816384424235496	-0.00063328060117877	-0.0006470062133870266	-0.00021724866727356398	6.776721422400922e-05	-8.381794037275177e-05	-0.0	0.0	0.0	0.0	0.0	0.0	0.0	0.0	0.0	0.0	0.0	0.0	0.0	0.0	0.0	0.0	0.0	0.0	0.0
ec1468	0.0425129250831662	-0.011016018123903617	-0.020645170347499454	0.06188765266642565	-0.0226498946430397	-0.046041742126061894	-0.022462790961546113	-0.10270121635496607	-0.17643306497419148	-0.018014223627262144	0.0319574952742498	-0.021717418323566454	0.019057030592757665	-0.01861428280336687	-0.01518924927240471	-0.002916663596361809	0.006604901516815186	0.009640427780206948	-0.001760204183310528	-0.002197293532287725	0.004724686884889955	-0.0010856470679406706	-0.0010833462646893475	0.0003772556069342172	-0.0003176316764699864	0.0007080373891104196	0.00011961238642608642	-4.628250702630478e-05	0.0001887333807069274	-0.0	0.0	0.0	0.0	0.0	0.0	0.0	0.0	0.0	0.0	0.0	0.0	0.0	0.0	0.0	0.0	0.0	0.0	0.0
ec1490	0.11595989450500647	0.08279844151655778	0.05601502703146038	-0.0032791944782403657	0.005140094459466995	0.0001980260204901447	-0.011840304657532419	-0.008386119479362108	-0.0015155263196561424	0.00657898012233652	0.008303598052432344	-0.009971312661464364	-0.019666732983785417	0.004948955318337411	0.0067745464944383195	0.01102157888907476	-0.0066442691406129765	-0.0006870536582890539	-0.00585665527713116	-0.004089160499533818	-0.008303359601268523	-0.006503738322518463	0.0013349564250765076	0.0052860774026489725	-0.002160811262190542	0.0004739433774042195	0.0023591018088993058	-0.0003819511352805297	-0.0033590044772126865	-0.0	0.0	0.0	0.0	0.0	0.0	0.0	0.0	0.0	0.0	0.0	0.0	0.0	0.0	0.0	0.0	0.0	0.0	0.0
ec1492	0.0934347383518023	0.04817481842694507	1.227768691002571e-06	-0.008662369181856028	0.004409742021356201	-0.0008264598345487829	-0.021473175582813694	-0.008989318410189483	0.010562016567596966	-0.001116911683653969	0.010378393378565436	0.021809381733737757	-0.011367495207227693	-0.052729706078900526	-0.0005442058649667697	0.0008884161122034916	-0.007074583180147843	-0.008471066392550419	-0.012290162361144082	0.015174227475880129	-0.0037969796751400604	0.0013597461545061791	-0.004650139866260908	-0.000979110581423781	0.00034169329120940583	-0.0029111411974297972	0.0007797239709230407	0.0001874567099815511	-2.6227771773055984e-05	-0.0	0.0	0.0	0.0	0.0	0.0	0.0	0.0	0.0	0.0	0.0	0.0	0.0	0.0	0.0	0.0	0.0	0.0	0.0
ec1497	-0.36406078122530366	0.08408013811411733	-0.21682049622961172	-0.0355575511402589	-0.11903369067411351	0.05165170645998682	-0.03312910041693538	0.12712127634143147	-0.04598659222514877	-0.0261074271847517	-0.013242102443989528	0.01676100515391981	-0.003665671039839461	0.007418647504924218	-0.003872771497187752	0.006853466628167095	0.009047972144260603	-0.00030584534731104517	0.0006690285681255817	-0.0018271599815224897	0.0019620085202502286	3.776682207248277e-05	-0.0004921358902650878	0.0003658993263066633	-5.585261102663348e-05	6.0134809240472e-05	-3.344032192521405e-05	-7.360645963740881e-05	3.619513986391141e-05	-0.0	0.0	0.0	0.0	0.0	0.0	0.0	0.0	0.0	0.0	0.0	0.0	0.0	0.0	0.0	0.0	0.0	0.0	0.0
ec1498	-0.10489268489975163	-0.3977070853201515	-0.06979058917467651	0.03315451792652889	0.02266533340498597	0.16095033690201532	0.017924026248406704	-0.05274797139635145	0.07637965062945998	-0.01494742243373002	0.05509626292623883	-0.0018343748047205957	-0.010877184820160198	-0.005691454544884465	-0.0037245817775569895	-0.0023323080103997643	0.007103984320464551	0.005968948116511488	-0.00030813079648506594	0.001696964425584627	-0.00047513889054299986	-0.00013688470818702138	0.00023296753694872164	-0.00019776962078307703	0.0002379795817860753	-6.0891574256351256e-05	-1.9831015906006594e-05	0.0001160214583991112	-2.3998859938562527e-05	-0.0	0.0	0.0	0.0	0.0	0.0	0.0	0.0	0.0	0.0	0.0	0.0	0.0	0.0	0.0	0.0	0.0	0.0	0.0
ec1500	0.11363131189178374	0.080370550284514	0.04559742831564281	-0.007080812196290451	0.007123711314944356	-0.0021414565006995377	-0.010704233516258177	-0.0027377697955243475	0.0027738945715878173	0.000909883976458932	0.014657904681417666	-0.018461531558838232	-0.01846965541865053	-0.004223240107295974	0.01374110756349785	0.0034433736693400578	-0.003043724137433582	-0.008336730518739188	0.0014655842112928454	0.004282900083046184	-0.0022269354331944506	0.007694265640366531	-0.00047656022097695294	0.0009767850610367104	0.0011561560494554228	-0.008158901336693848	-0.0019347431164906815	-0.0014957340589866884	-0.00017359421979958785	-0.0	0.0	0.0	0.0	0.0	0.0	0.0	0.0	0.0	0.0	0.0	0.0	0.0	0.0	0.0	0.0	0.0	0.0	0.0
ec1505	0.1333905528526668	0.09558826442336724	0.04770296458072632	-0.011511981861059398	0.010086885490712166	0.012067989050027624	-0.014591205195243609	0.022856254216380847	0.005851258520218539	-0.0037974937334330915	0.008542303390708071	-0.04310260043964529	-0.020832246713103353	0.009187382411121625	0.01325082889180865	-0.001067968650185941	-0.027532769170379785	0.020942960419088823	-0.0012682928254869916	-0.0022358611669135615	0.002176879060700179	-0.004974175262359802	0.005460742521665982	0.001231883853020202	0.0019411694445215304	-0.00010289519578296412	-6.958900386148467e-05	-0.0004574702173829408	-0.0003465145559259288	-0.0	0.0	0.0	0.0	0.0	0.0	0.0	0.0	0.0	0.0	0.0	0.0	0.0	0.0	0.0	0.0	0.0	0.0	0.0
ec1508	0.09590189307088877	0.03809454431118391	0.038278098339144855	-0.023918382472065448	0.0476855971165216	0.005858024214094292	0.006482777882213862	-0.00013185450991321383	-0.007838268458630981	0.010295819988078358	-0.014713609719378287	0.027198730581728187	-0.01320505713317561	-0.030321510451798216	-0.02757862206628054	0.0070175758778948305	0.013630289199507106	0.002001157699191916	0.01895560831467688	0.004695761606846166	-0.006347901658934634	3.97112292354965e-05	0.004382870123858014	-4.0082272453417784e-05	0.0014982099849948018	-0.0002454100307421778	0.00018612241427166593	-0.0003730626344147218	-3.350597684201879e-05	-0.0	0.0	0.0	0.0	0.0	0.0	0.0	0.0	0.0	0.0	0.0	0.0	0.0	0.0	0.0	0.0	0.0	0.0	0.0
ec1514	0.12199414830199574	0.08670403848765175	0.05801760231345571	-0.0015517112854161795	0.007222767208987715	0.0027602153282656906	-0.01116517347399473	-0.011340094153561584	-0.006205574346115172	0.012456685680954024	0.011692736534136796	-0.007020026268449816	-0.01947305379743864	-0.005960002697567862	-0.001943925581520696	0.014472075580693206	0.00014843261910822418	0.0008838993239099536	-0.010205853767200786	0.007475632271202584	0.0021547570747027364	-0.006136961417304687	-0.012424492072379677	-0.00223037932004157	0.002466566790585878	-0.003341412392296742	0.0027658613890315766	-0.0018752424945698266	0.0008505615311232476	-0.0	0.0	0.0	0.0	0.0	0.0	0.0	0.0	0.0	0.0	0.0	0.0	0.0	0.0	0.0	0.0	0.0	0.0	0.0
ec1524	0.1240852585967981	0.08841229040442422	0.0654252111021178	0.0015406020157162717	0.011374724450733308	0.007557042127333864	-0.009404572353387685	-0.016311611978745817	-0.005480861192536724	0.02261009604752534	0.007265256824064906	0.0017296004692898689	-0.016572472059157413	0.0009844263581328598	-0.019269111270884376	0.020852750707389157	0.006564425742164313	0.011897911537850109	0.009583709548226241	-0.0009718504621073204	0.004187048711808464	0.0048657547757140936	0.0011897130521233222	-0.0016729622622382847	-0.00065639251020341	0.003137657394679711	-0.0019443336454958956	-0.0018826678588214065	-0.0008814282664917964	-0.0	0.0	0.0	0.0	0.0	0.0	0.0	0.0	0.0	0.0	0.0	0.0	0.0	0.0	0.0	0.0	0.0	0.0	0.0
ec1526	-0.21070663711936502	0.09651971404985676	-0.33246963056193185	-0.007140988890454766	0.08828466329022872	-0.2467006077753874	-0.058086988592003376	-0.035067931774581625	0.07528186521231853	0.014932620445740553	0.014681213014265433	-0.019224733592060325	0.004702337815039585	0.0033272425175728112	-0.008086969919435595	-0.0014250965225834293	-0.00021462703787571464	0.0024790649561708985	-0.0004488601304063398	0.0004130963450915972	-0.00013034061175163085	0.0009185121174501293	0.00018011752533229853	-0.0005066050111716114	-0.00011839639530455855	9.000575204856073e-05	4.6195105291016866e-05	3.7274622683551595e-05	-4.9450837957928004e-05	-0.0	0.0	0.0	0.0	0.0	0.0	0.0	0.0	0.0	0.0	0.0	0.0	0.0	0.0	0.0	0.0	0.0	0.0	0.0
ec1530	-0.08778690638373696	-0.26549039913324834	0.07651171000064114	0.04053462159450495	0.0759640579244204	-0.009930384484941528	-0.053511970349654214	0.07648941294689761	-0.04059716996768422	0.0821673823340337	0.07033495469848945	0.005496549880893648	0.06007670776535768	0.005445988483876373	0.013098354062476577	0.00043301349590382115	-0.009812648925820412	-0.018295176172885754	0.002329684497750351	0.0004621245510814344	-0.003461504069540465	-0.0010471378073394714	0.0002744196893073382	0.0004105094445466436	0.0003749380800158139	-6.27079251826542e-05	5.93108228949637e-05	-4.0231499752752224e-05	8.840429633501114e-05	-0.0	0.0	0.0	0.0	0.0	0.0	0.0	0.0	0.0	0.0	0.0	0.0	0.0	0.0	0.0	0.0	0.0	0.0	0.0
eti122	0.10421277813843868	0.057572314129357045	0.0017162401313524421	-0.00823551544106455	0.005045330723168626	0.001765171925347635	-0.01380020044740837	0.012342103405644553	0.012777630365413859	-0.006614147225374708	-0.004706998528193323	0.03341011393827867	0.0018531267279596653	-0.014656783970080979	0.0029408407031863795	-0.016671153144155855	-0.0017264428485632957	0.005093437269970995	0.0021424807097118782	-0.0003781208262255424	-0.006495506992397844	-0.005956626275021795	-0.0036272431848798736	-0.004766060347564031	0.003978716052369	0.0070436849875256495	0.0009503883730077987	-0.0010808959552809723	0.0009738325047061742	-0.0	0.0	0.0	0.0	0.0	0.0	0.0	0.0	0.0	0.0	0.0	0.0	0.0	0.0	0.0	0.0	0.0	0.0	0.0
eti124	0.08050661536792116	0.022936340023390643	-0.03350387363971416	0.009317121171290363	-0.001709992098308112	0.027517321315177062	0.002235500112125982	-0.028673582875106605	0.022896425767243912	-0.005906512572996647	-0.010859806102536595	0.05634651199462574	0.03134702974185466	-0.009562564387668988	0.00026090296118462064	0.008112091442610306	-0.01838531370303496	0.005759961974302747	-0.000693471562041776	-0.004902621220666036	0.0006960539765260987	0.014337686035031452	-0.0017473528192203185	0.0006322599206446142	-0.0005137203660920537	-0.0030199399669424863	-0.0014735200349646229	-8.525709006563906e-05	-0.0005308909249807954	-0.0	0.0	0.0	0.0	0.0	0.0	0.0	0.0	0.0	0.0	0.0	0.0	0.0	0.0	0.0	0.0	0.0	0.0	0.0
eti126	0.11813114299848185	0.07612030544366069	0.02445465144743967	-0.006162657426709545	0.007226463770830636	0.002532934754649112	-0.007704803294496682	0.015807324618392633	0.012444396168272328	-0.0018009288244576897	-0.007843010507322126	0.01586349705635105	0.005937534107139049	0.008098033439923559	0.006200913205936679	-0.014013327867034733	0.001724320717631978	0.01422979114337549	0.010331793021047588	-0.005132327338967636	0.014596946382006294	0.001312641174362332	-0.004789340684267474	-0.006194215623335868	-0.0022035163544834057	-0.0028570656937901098	0.0018639873024732603	0.002461788917793305	-0.0006604094177082229	-0.0	0.0	0.0	0.0	0.0	0.0	0.0	0.0	0.0	0.0	0.0	0.0	0.0	0.0	0.0	0.0	0.0	0.0	0.0
eti149	-1.0798593054197159	0.051369608002180656	0.10269355904921988	-0.061044598767051074	0.2319914373126989	0.007122062517503063	0.1143935008327702	0.010771259997084573	-0.025683650027316825	-0.031064610891636295	-0.011521608516482137	-0.0017453081930499626	-0.00455903064614948	-0.003202604421935913	0.002748312087879316	0.005149897758563179	0.008541828435371199	0.002280339976977668	-0.0028183552890646826	-0.0011887063894856914	0.0009320780228131072	0.00022221722096600773	0.0001276626443341126	0.00011492063613220506	-0.00011169923758020421	-0.00022059963105178565	-0.00011325659222366173	-1.5580735742360465e-05	-3.855443657933087e-05	-0.0	0.0	0.0	0.0	0.0	0.0	0.0	0.0	0.0	0.0	0.0	0.0	0.0	0.0	0.0	0.0	0.0	0.0	0.0
eti153	0.11062660935322079	0.07544985426280028	0.057918694183017844	-0.008449079182468833	0.013827098516133129	0.002882353388123985	-0.008030422549978336	-0.008235398059159928	0.0009872583380395041	0.0023212586325105315	0.010810443666652379	-0.006817398030835614	-0.027217097585961858	-0.002892666025754287	0.015516275330637385	0.004388478678326261	-0.005164312323015959	-0.008715603924933178	-0.00988984191067411	0.01707994871379136	0.009472123457862245	0.004794302913987444	0.008398834430781078	-0.005853913757430551	-0.004360485832718612	0.005922442164015687	0.001973617443659961	0.0005358165394828095	-0.0005103456876804742	-0.0	0.0	0.0	0.0	0.0	0.0	0.0	0.0	0.0	0.0	0.0	0.0	0.0	0.0	0.0	0.0	0.0	0.0	0.0
eti154	0.11267418431893193	0.07079148580222244	0.04451647372364237	-0.012895190598929731	0.018566813533244342	-0.0024596061728433074	-0.007390930163572858	0.0003782807744138624	-0.003277446731794732	-0.0007451669565640356	0.008097741807894769	-0.018989668840797874	-0.013808775742227799	-0.002752056725459042	0.005715634815769316	0.0014220540271112567	0.006382668788662002	-0.008529747245437806	0.009079606657695848	-0.006220167265114798	0.009776400143622854	0.0024169153875776006	-0.0055878553436299805	0.0005773955653943487	0.01260305598789407	0.0013327134620641798	-0.0017639316737550457	0.0026778827419030823	-0.0008649529303540846	-0.0	0.0	0.0	0.0	0.0	0.0	0.0	0.0	0.0	0.0	0.0	0.0	0.0	0.0	0.0	0.0	0.0	0.0	0.0
eti156	0.01216137882653917	-0.10833723248977653	-0.14622964195567031	0.02562043282824875	0.05137303381324389	0.056322338652831254	0.010274157822110297	0.04103194420086441	-0.021586480666195357	-0.021735399009043845	0.011500601865149862	-0.03458148780790361	0.0062792018612360155	0.0031149883090440026	-0.004859778542034912	-0.011358009021346075	-0.04973732567086742	0.022205786653872298	0.00431578423387044	0.004387113096218864	0.00020951511064938268	-0.002022641433796073	-0.001545570579899088	-0.00031522259738917257	-0.00012040926257298158	-0.00011804417974498986	-0.0005342388893859568	-7.228481578937659e-05	0.0001877444593074413	-0.0	0.0	0.0	0.0	0.0	0.0	0.0	0.0	0.0	0.0	0.0	0.0	0.0	0.0	0.0	0.0	0.0	0.0	0.0
eti161	0.0950623573331517	0.04732530623837471	-0.0039660581024711485	-0.016885346278266804	0.006044528582465369	0.01437133101302948	-0.02858332051823007	0.05677629929879305	0.006597118179206844	-0.025487336596392084	0.0067153554426047125	-0.03471956766060631	0.01699023845448156	-0.02067792205530285	-0.009982269466619148	-0.00960369433408518	0.003431309193454182	0.004680909397975244	-0.00528544363076854	0.00678291922064229	-0.004827813908652588	0.008957443335483263	0.006116723224449622	-0.0016892769024973169	0.0020744458229770947	0.001076528605412076	-0.0011151843185921093	0.00012079877565426204	8.912705503480147e-05	-0.0	0.0	0.0	0.0	0.0	0.0	0.0	0.0	0.0	0.0	0.0	0.0	0.0	0.0	0.0	0.0	0.0	0.0	0.0
eti165	0.11836625660325768	0.08326555221107623	0.05615720525711375	-0.005383365015288427	0.00800235215114784	-0.00023132492393788533	-0.014295988051318874	-0.005869038199892821	-0.0013933619265050334	0.0024061865684884515	0.0037223820546899255	-0.014491902367002969	-0.024347907728831178	0.0010051609845642313	0.007057285175664958	0.010862625809904127	-0.002395734701284142	-0.0012998071379490786	-0.010046670047141031	-0.006650057667151091	-0.0010938595339043608	0.0005753667936161424	0.000720728781962402	0.00408931492419551	-0.003593346241430008	0.002262694645860101	-0.004082399818353981	0.0024673735300667177	0.0033444915486220976	-0.0	0.0	0.0	0.0	0.0	0.0	0.0	0.0	0.0	0.0	0.0	0.0	0.0	0.0	0.0	0.0	0.0	0.0	0.0
eti166	0.023748568074070955	-0.028791325814340428	-0.1268859443997365	0.0097685971043314	-0.03359709058666715	0.024921233370301922	-0.006956837994661607	0.04126965508549483	-0.006430850180974872	-0.0399726211172032	0.0001228304411495267	-0.040812660870926665	0.026933673698293345	-0.0015874094456962656	-0.007143730216329765	0.05225896902896356	0.02024564462644008	-0.010820690479110313	-0.000658215482268151	0.003341590680635822	0.0030131987644859133	0.0002003527815707806	0.0020041396245657696	0.0009789917967226048	-0.0005125521916012993	0.00021170413984496783	0.0009120177142384592	0.0002764374741116999	-0.00034335309703300757	-0.0	0.0	0.0	0.0	0.0	0.0	0.0	0.0	0.0	0.0	0.0	0.0	0.0	0.0	0.0	0.0	0.0	0.0	0.0
eti167	7.662529914511054e-06	0.1406277403112781	0.0266294935086818	-0.10262255454951846	-0.06291966845176901	0.009545828098022648	0.03314479832941477	0.05223278140641432	-0.002699469909377229	0.03943361962248629	-0.03157796897486341	-0.02755650830015694	-0.004406194321310103	-0.02867789915825834	-0.012642660189568018	-0.023355092331315292	-0.0006822628029600951	-0.0005559600822242993	-0.004171366321049099	-0.0008299365426038232	0.0005728624053427165	0.0023469000946571973	-0.0010556986013160836	9.321117882623899e-05	0.0002802415808969983	0.0005780613158052865	-8.823130062115795e-05	0.00019275729607143722	-5.76471613538039e-05	-0.0	0.0	0.0	0.0	0.0	0.0	0.0	0.0	0.0	0.0	0.0	0.0	0.0	0.0	0.0	0.0	0.0	0.0	0.0

Biplot	0	0

Site constraints	0	0
