Eigvals	53
3.6891326726800573	2.324949921757134	1.7331620475622924	1.5459220204975677	1.461824519241516	1.1632815866554078	0.9759321307056729	0.8386238620184804	0.7720264645378093	0.709268583555048	0.5755665403849165	0.5349684271345654	0.455012634040349	0.41921791388624186	0.37506930853734943	0.3659867003112781	0.3322849169171826	0.30155299431972143	0.2824572833596613	0.24635537389641554	0.22343506069563035	0.19300246869647564	0.18774665165940657	0.15673116991298713	0.1405162772956789	0.12196277606893619	0.10769559799997708	0.08589616453669233	0.07540361294014708	0.05495495436712464	0.04120874224426274	0.039266693732711494	0.027069718083856942	0.0256644132772354	0.009430093471579692	0.001305291289277699	0.0	0.0	0.0	0.0	0.0	0.0	0.0	0.0	0.0	0.0	0.0	0.0	0.0	0.0	0.0	0.0	0.0

Proportion explained	53
0.17913728115403446	0.11289515578746931	0.08415905974292795	0.07506703938270179	0.0709834243263984	0.05648674611060094	0.047389412091398624	0.04072198315485072	0.037488139925256306	0.03444073632996269	0.027948418860437554	0.025977051530249318	0.0220945499619316	0.020356426284363235	0.01821265379618172	0.01777161957817847	0.016135124937590076	0.014642841100927183	0.013715589617557955	0.011962549410137953	0.010849582500491744	0.009371833589597155	0.009116621089044926	0.007610568158262186	0.006823203746247413	0.00592228093849374	0.005229493848471007	0.0041709547316129076	0.0036614563394046233	0.0026685082876455575	0.0020010183152485506	0.0019067161252501101	0.0013144541358078943	0.0012462152014602187	0.00045790744204923865	6.3382467756407e-05	0.0	0.0	0.0	0.0	0.0	0.0	0.0	0.0	0.0	0.0	0.0	0.0	0.0	0.0	0.0	0.0	0.0

Species	0	0

Site	53	53
SRR3939104	0.27013281325310606	0.05042345686310347	-0.14253399326810035	-0.26111108118322085	0.025769475589959394	-0.0948816414109644	0.022307200335843488	0.09065150351090129	0.0048819070444604045	0.008418394172059779	0.006824329434190014	-0.08829719927540335	-0.013785582481766322	-0.04038168126403875	0.10265385136235979	-0.05499098511380808	-0.06823161617318427	-0.10633793245415206	-0.014278139975669308	-0.02131610669711506	0.03763999942385158	0.08240952250554788	-0.06588919819343679	-0.04296442178735478	0.004987306046209919	0.0025238103033798313	0.07269891345371368	0.10490445214796902	0.020954048122166044	0.01733327737436531	-0.0442375845509059	0.05447585498600807	-0.011029537465973942	0.02039607864202959	-0.01770850840587361	-0.0033741532618540076	0.0	0.0	0.0	0.0	0.0	0.0	0.0	0.0	0.0	0.0	0.0	0.0	0.0	0.0	0.0	0.0	0.0
SRR3939103	-0.07199803200106909	-0.18226700487543213	0.04427990242318769	-0.16697283181010864	-0.08386700639666221	0.2154997899519082	0.4270627764046364	-0.18619983750735367	-0.145092763272206	0.23570030525207483	0.15916564847939757	0.10803519418009472	0.019203553145883907	-0.09077797117819102	-0.09058157455873138	0.034022387918722766	0.057956656350124806	-0.07529590822204771	-0.010573976162376039	0.08219452653913861	-0.08294273141889158	-0.013993501379481459	0.06556914763494007	0.020182304067978007	-0.039231420992517516	0.07980652152147584	-0.0016005862314715758	0.049221958932679034	0.01974104800245515	-0.0045044508977199775	-0.017532895307857205	-0.016289869737318576	0.0056968545338448705	0.014956158465569446	0.01695934102386198	-0.005702943849570085	0.0	0.0	0.0	0.0	0.0	0.0	0.0	0.0	0.0	0.0	0.0	0.0	0.0	0.0	0.0	0.0	0.0
SRR3939102	-0.014191795428770596	-0.08761067085983541	-0.10341304570444187	-0.40714519274446265	0.005184988410121492	-0.3026474018912403	-0.06606569563296698	-0.15333901760567645	-0.16895511397240456	-0.032303986126403554	-0.11896245831792855	0.09447974594241437	0.07355685472924067	-0.12601969701799856	-0.2099256660335582	0.05553047694822134	-0.130764919149357	-0.096312477963192	-0.049987007666227275	-0.036859352004765804	0.045404084990198795	-0.12162841162723123	0.000433379245604518	0.1150163879738237	0.0058158500234697435	-0.029727960071514827	-0.05137940539494385	-0.004748689771525458	0.006613634310636411	0.01916788140599235	0.028550784800214047	0.003089018782490196	0.008581997272902691	-8.162444217635638e-05	-0.020547069301848644	0.004921966624838527	0.0	0.0	0.0	0.0	0.0	0.0	0.0	0.0	0.0	0.0	0.0	0.0	0.0	0.0	0.0	0.0	0.0
SRR3939101	-0.006468790349076183	-0.03568142026098895	0.5017644610842007	-0.2046484442083595	-0.2675428639074906	-0.16982478350248484	0.015002087836966198	0.05476926761618653	0.04750147421666372	0.05851897766169671	-0.11716909163206263	0.012393484205140535	-0.03953799942671267	0.06421567411568053	0.050828007663525784	0.034973987675370535	-0.039123882583591216	-0.012502538583902354	0.020622494673242436	-0.04711290620641938	-0.07263761939728021	-0.007659930045365769	-0.009825592445776164	0.017733951932630432	0.06669444417044577	0.01982806158038749	0.021685292285774514	0.004238242253599648	0.0067245104767236965	-0.0038066773142108982	-0.0318714563390713	0.047146065320205224	-0.01626770659250012	0.00944648122269248	0.012666955407647897	-0.006912567764039283	0.0	0.0	0.0	0.0	0.0	0.0	0.0	0.0	0.0	0.0	0.0	0.0	0.0	0.0	0.0	0.0	0.0
SRR3939100	-0.11613694782971001	-0.16464439469140774	-0.129233788292142	-0.37718691941614335	0.05796732069313191	-0.14511340725061628	-0.22122660295792945	-0.19696599785692015	-0.02828014615910831	0.011638886089218823	0.1874831435792668	-0.061673277260631515	0.09974252441039957	0.09183939875963966	0.07802364208636652	-0.11891906428636996	0.0648730072413052	0.01988480904585033	0.03569771608307875	-0.056351657725669316	-0.13499096012982423	-0.007436565894263472	0.04031249152376833	0.05369577369503189	0.04830715924754094	-0.03548875403913563	0.024507415357231763	-0.01672693415721007	0.009096301925247722	-0.039187757777802375	-0.000709129292026075	0.01600301964844496	-0.021291102002268542	-0.010368782619300364	-0.003230483668291993	-0.0033303583882916313	0.0	0.0	0.0	0.0	0.0	0.0	0.0	0.0	0.0	0.0	0.0	0.0	0.0	0.0	0.0	0.0	0.0
SRR3939099	-0.04725453740380588	0.2751703647100829	-0.03359977247232043	0.08439898786447554	0.13635916016221697	-0.008929079695741885	0.21203885590844748	-0.07378673990828677	0.2702165142897635	-0.34513728843918107	-0.026243070888667022	0.10628514622181312	0.031865821725297394	0.024098026540084933	-0.004245605062529162	-0.025871062147480688	0.03089431981546071	-0.06814768182244761	-0.053053117685219316	0.02536389505195476	-0.054977273752117604	0.04914686030643569	-0.02824714607361141	0.008974421573175849	0.01634616869917146	0.002843486758550091	-0.0042470082773053055	-0.023176565766159656	0.0031495672934948567	-0.006165714298107698	-0.0034143283682387883	0.00044685594272524527	0.02684388275061314	0.03904494695346363	-0.007158769302148145	0.0018263540270934955	0.0	0.0	0.0	0.0	0.0	0.0	0.0	0.0	0.0	0.0	0.0	0.0	0.0	0.0	0.0	0.0	0.0
SRR3939098	-0.41024258486362203	0.24199077776390798	0.0037704468398670385	0.13543976405329014	0.12292434490181377	-0.11622826567920483	0.22822365214533608	-0.03994602919354748	0.11768549903887547	-0.2645899272944064	-0.03760454073341477	0.12276230292415166	0.04018845525618128	0.011812463445030702	0.008856546271524124	-0.00011347079073719451	0.05975869525032816	-0.23392794224735222	-0.01400915232411089	-0.0028301524305012313	-0.07084645526871818	0.024793883980301613	-0.009556927401609175	0.01100540681024433	0.07786427563232717	0.020443332309207342	-0.012696440562084436	-0.019006286983349503	-0.01463368421425195	-0.013855418392493782	0.003202860167968217	-0.01259584966859002	-0.024487640009881514	-0.01820493483794592	-0.0024667094256849644	-0.0035450809393378214	0.0	0.0	0.0	0.0	0.0	0.0	0.0	0.0	0.0	0.0	0.0	0.0	0.0	0.0	0.0	0.0	0.0
SRR3939097	0.07383246715508435	0.07328407533094668	-0.1415836731481903	-0.01763181776291062	-0.1314624981621109	0.2518989138247939	-0.04760505237742523	0.3105037664820124	0.07096830678192925	-0.05654007458323784	-0.006896522904457542	0.00035088044251049724	-0.15499520049485707	0.09925119253380647	-0.02148431003014414	-0.018569281589896895	-0.02941021753211915	0.012447419976079788	-0.010038244427433882	-0.041681765620056634	0.06969439836964372	-0.039808529641903775	-0.017465248778983904	0.05285891481895899	0.02278623331067723	0.004508779351946036	-0.08955602016094943	0.018333083981057926	0.08916356055974069	0.008714205731796772	0.022789582388327775	0.003770772491520369	-0.013103001597181207	0.014450762699011348	-0.017018010343822214	-0.0075010388883964	0.0	0.0	0.0	0.0	0.0	0.0	0.0	0.0	0.0	0.0	0.0	0.0	0.0	0.0	0.0	0.0	0.0
SRR3939096	0.27229761734370983	0.08548735555185352	-0.12674606195163618	-0.2436837112216425	0.1297963588640735	-0.06430815762650009	-0.047466570901646694	0.27070203386376857	-0.06366805727794426	-0.05691111892061005	0.17134314218371344	0.15882839127893056	-0.07232884762475501	0.005204034216827182	-0.13798093292543462	-0.047262332124572405	0.0910980398205319	0.011329152910756063	-0.036504131759687544	-0.0451557303379479	0.04555033053695803	-0.00022201411912131167	0.004761343838353179	-0.02617639158221663	-0.020148755641182403	-0.004152730191589946	0.00168131438526342	-0.006889882153784565	-0.01832221364187701	-0.017006808834611795	-0.025295894581662454	0.005677800909674489	0.006094897829560031	-0.017806291086406165	0.021698962015938524	-0.004150075279892038	0.0	0.0	0.0	0.0	0.0	0.0	0.0	0.0	0.0	0.0	0.0	0.0	0.0	0.0	0.0	0.0	0.0
SRR3939095	-0.469682658218459	0.2553882187050337	-0.16221542546969933	-0.14533784516618312	0.0022952830297047876	-0.0693946451454929	-0.13803766230008546	0.03933653948049338	-0.07548773082088228	0.12313313725551078	-0.005812916438434015	-0.01648752802194751	-0.06362349495487815	-0.028207761793590462	0.015425652556249135	-0.013065481722494462	0.07640273475714413	-0.07472318287630061	0.010227652564291525	0.0021900003085957593	0.04684476040718178	0.028566218232203917	0.021083291749975808	-0.06309648538869014	0.0018898338390689084	0.06417767394609118	-0.0455050945914426	0.07578355733225574	-0.03640195658026819	-0.010070333063118993	0.019901501633632804	-0.007405827557208713	-0.002037237590533336	-0.009030840697776134	-0.006579209465505105	-0.0020814955815543386	0.0	0.0	0.0	0.0	0.0	0.0	0.0	0.0	0.0	0.0	0.0	0.0	0.0	0.0	0.0	0.0	0.0
SRR3939094	0.2542169220100374	0.04690199880349984	-0.02457305551659716	0.14638875852931973	0.03247979702460936	0.052083141854179685	-0.03994510836277842	0.014247033064763706	0.02128496257776554	-0.060259714433896494	0.10432130160065752	-0.15766126991271284	-0.10920510975442578	-0.17349027517587656	0.024268890338647937	-0.1443473747845685	-0.18147108805766687	-0.03805123121895695	-0.17018125286948405	0.2258369081310012	-0.01804010492204028	-0.13668166545337926	0.052831755439367814	-0.05888058559110609	0.06726132864791451	-0.03933046110937159	-0.034385086238548475	-0.011185171664157313	-0.013003981674707442	-0.004770792229175787	-0.039179965766661155	-0.003398847076150466	0.0016077720573837594	-0.019387271463837185	0.0100373288557804	-0.0009319966543273228	0.0	0.0	0.0	0.0	0.0	0.0	0.0	0.0	0.0	0.0	0.0	0.0	0.0	0.0	0.0	0.0	0.0
SRR3939093	0.35150074285339955	0.14789769470788305	0.04885507322793852	0.22035595412419576	0.1271715495053284	0.08191114373174845	-0.0871815929752754	-0.18051154610891954	-0.23713390507400406	-0.0015998786331621313	-0.036505087006476075	0.09874463934846743	0.03496044329003943	0.0010482651306705035	0.11331129799442197	-0.046492669201768644	0.057863191578083055	-0.04701966439563422	-0.027666323922280446	-0.050839594962701545	0.06897536718420808	0.012870890780546465	-0.04669119014796616	0.05607928959374389	-0.051130942204783224	-0.022304081174718566	-0.06794871818083657	0.045999691919938905	-0.00302916209378748	-0.052385544778683	0.005169722408787543	0.01438610557140773	0.011652079341723007	0.01156320988430059	0.023754846127629355	0.0012706525881815557	0.0	0.0	0.0	0.0	0.0	0.0	0.0	0.0	0.0	0.0	0.0	0.0	0.0	0.0	0.0	0.0	0.0
SRR3939092	-0.07898544017835886	-0.3298089882894857	-0.055341112370713624	0.25314611513175095	-0.14897653989658463	-0.05432140631096998	-0.1440724324152498	-0.07342277088652419	0.03843655711159131	-0.09152073382267718	0.21480819294284412	0.16894086000467518	0.0273782366043116	0.06944296979489713	0.022068550156940977	0.320657417000575	-0.1270247890217042	-0.0232636914824056	0.056200000936108774	0.09172624192513248	0.10197173682201448	-0.0431102802756108	-0.0441608874651527	-0.01357098324327198	0.05154571894430945	0.04147955457832194	0.04435854050656263	0.06217847485846922	-0.03290905706208177	-0.012619410841954032	0.026642577392155576	0.0056055958008467185	-0.004584953441705205	-0.01521059605220134	-0.001664324480880244	-0.0020498313901711816	0.0	0.0	0.0	0.0	0.0	0.0	0.0	0.0	0.0	0.0	0.0	0.0	0.0	0.0	0.0	0.0	0.0
SRR3939091	0.08695338685165871	-0.10219347610255651	0.018239909032086804	0.0009357386751040407	-0.009747412157168353	0.06337421924696932	0.0049008934383511045	-0.1231326658637941	-0.037040282219868825	-0.24769546641169207	0.3065419169829189	-0.39047874226542034	0.15800146165702128	0.12914152153977007	-0.0803320956381641	0.019145174220065245	0.07669714167540154	-0.00779945557276136	0.11550184898234528	-0.004669411693343019	0.039195052301854036	-0.0036983034252747074	-0.018478564369182347	0.018868296902936035	0.019498883432873516	-0.025862829601253034	-0.04946569781020637	0.01871816215271998	0.012122286474220891	0.05017879009572274	-0.01092312760347888	-0.004258696616093104	0.0012775039192207856	0.009181442423697865	0.006405236477491106	0.001322082605325649	0.0	0.0	0.0	0.0	0.0	0.0	0.0	0.0	0.0	0.0	0.0	0.0	0.0	0.0	0.0	0.0	0.0
SRR3939089	0.38814743896007087	0.2259802803682067	0.03635025035850027	0.0963869651671837	0.1961048773560973	0.09814294731954558	-0.053219161505407	0.10007156591307352	-0.09098786450664975	0.06098956931144158	0.10752949799227206	0.12214525209402116	-0.0619603353731753	0.13069755797102248	-0.19736403867396354	0.01760666761813648	0.04507380042734332	-0.022248054178545747	0.006552001065100833	-0.04346445707869614	-0.018756063716693024	-0.009692578390966608	-0.03688331608457754	-0.013818090348112941	0.02999100553512595	0.01321255797404946	0.017529399916843026	-0.05712978044822039	0.01009559797427959	-0.01102018831606321	-0.028163859481264597	0.027439525208186964	-0.02879949983678894	-0.04447351312591799	0.0026219260234991984	0.0004497640290040728	0.0	0.0	0.0	0.0	0.0	0.0	0.0	0.0	0.0	0.0	0.0	0.0	0.0	0.0	0.0	0.0	0.0
SRR3939088	0.04006438367731687	0.17693222708126205	-0.17765069429159847	-0.2091397467701566	0.11690070799870322	-0.19310526089830674	0.06517717177211327	-0.09801234534887784	0.15640740384829754	-0.074110105549712	0.007532017222751161	0.04700172721978552	-0.058058909696399284	-0.05615951654667616	0.09592035535701296	-0.04391868717712856	0.02896352485137124	0.11041748314321519	0.07588486218706374	0.0140370117864262	0.03383252165525915	-0.0985176038731197	-0.006226822511183968	0.0482818087259821	-0.05778233933750463	0.004776144918028875	0.010012637504554105	0.0010816969075996459	0.019947225342405842	0.027137486173590034	0.012471777983028058	0.02752141640550114	0.034182090812766186	-0.02332277993948839	0.021725543847530077	0.006464318226558036	0.0	0.0	0.0	0.0	0.0	0.0	0.0	0.0	0.0	0.0	0.0	0.0	0.0	0.0	0.0	0.0	0.0
SRR3939087	0.32590198184646935	0.23418534737864902	0.022644203327161196	0.15023321747619364	0.188803948644041	0.04529446861276315	0.030529941597891887	-0.13639769163495116	0.0233476627576439	0.01665066152179886	-0.07161825508366809	0.05135054820385827	0.16562497983138819	0.07388284416015513	-0.006243858199989054	-0.023193826257498294	-0.058588043520289644	0.13016914163451798	-0.007352827241129616	0.09105456225514354	0.022345077293104903	0.049139986605008006	0.0272827044173034	-0.0010795090429087345	-0.09625626616933051	0.07063796478714204	-0.0274665334323666	0.014483538555546448	-0.01482411177041547	0.07018190604388458	-0.012016685204334068	0.016757408458791933	-0.04159611499167155	0.01471412149630856	-0.009754679246254791	-0.005714688976944499	0.0	0.0	0.0	0.0	0.0	0.0	0.0	0.0	0.0	0.0	0.0	0.0	0.0	0.0	0.0	0.0	0.0
SRR3939086	0.12427156777430136	-0.14234701800063024	-0.04550533801280885	-0.14388977911888903	-0.10199205332162731	-0.003369065575172533	0.1612584898671534	-0.023431503058159036	-0.17080117137090667	-0.16832248762680618	-0.28375822300326425	-0.21932910652674764	-0.02708446503933669	0.08112056714856661	-0.132253268824758	0.07409847813494654	0.0022578685937037005	0.052748593362866	0.0316643528714757	-0.027757245247412233	-0.00926330128997848	-0.030079161793384254	0.07963616515738758	-0.12474411485542733	0.02796373019135943	0.07399917855847045	-0.019343964208985563	-0.026621395105636006	0.0263667329492729	-0.04289468106333186	0.008266507813413914	-0.0355386143709761	0.007538069842865621	0.0005106795660830638	0.002900822512681607	-0.003096231811249004	0.0	0.0	0.0	0.0	0.0	0.0	0.0	0.0	0.0	0.0	0.0	0.0	0.0	0.0	0.0	0.0	0.0
SRR3939085	-0.05461726627729514	-0.17442247745068123	0.012600745306521055	0.17758348095335105	-0.15426017487691895	0.03548098913247964	-0.024326174731593257	-0.15323498712552858	-0.4452988325556917	-0.3158759164214474	-0.10614853505415034	0.1374433228547133	-0.18302881372949154	-0.051446684956744565	0.025267137907028385	-0.12001213549310735	0.06976564689172086	0.1096114461412315	0.08309349713269268	0.03914329708911846	0.004883613180253171	0.03638098865666015	-0.019397991883117225	-0.04181444641107928	0.03981658455553143	-0.016847137338748604	0.08568470374489603	0.01100614631488499	0.003160340620447115	0.02291433183453425	-0.0027710298727182106	0.019451465581572232	0.0024816447064217166	-0.004261246828637926	-0.008063200915064156	0.002398234589593699	0.0	0.0	0.0	0.0	0.0	0.0	0.0	0.0	0.0	0.0	0.0	0.0	0.0	0.0	0.0	0.0	0.0
SRR3939084	0.3484602032534267	0.09044685290900455	-0.12110182967793329	-0.004469502644375188	0.05124587166757423	0.0017665651155167191	0.006711714791442528	0.10017386637302621	0.015770190766370533	0.060958639790286887	0.10447748806861001	0.10217717648328588	-0.1633821061936312	0.12991290199452432	-0.11453710530260774	-0.018990028130869183	0.027933696634073503	0.07090738653005185	-0.008007431248321132	0.024656039644022312	-0.10557415846742857	0.018348638343979852	0.03203343986064927	0.03698550509490324	0.04248205832790063	-0.007021467781222206	0.01590572621607453	0.01751987261902695	-0.05057868993066303	0.06059033947187935	0.031798365736659756	-0.03163131614111547	0.010914543615041015	0.038163655403990644	-0.002712674172750588	0.006191664489109841	0.0	0.0	0.0	0.0	0.0	0.0	0.0	0.0	0.0	0.0	0.0	0.0	0.0	0.0	0.0	0.0	0.0
SRR3939083	0.0812050276112766	-0.17282130541663976	-0.04148788384561858	-0.08440145140516504	-0.0867761871996123	0.07998242113396813	0.118409268802034	0.4558538631313315	-0.1415748676151861	-0.1034403132815099	-0.047320016735040264	0.024114332885097317	0.20785201449553456	-0.017218543285715503	0.10541683032674151	-0.04284028006799719	-0.09583154974956541	-0.03488075810095399	0.07718507740527081	0.08404994939238891	-0.0018473580769504682	0.08828791142182948	0.02196917190842539	0.08441749325363382	-0.026358797865663596	0.014318502736091015	-0.016691166290093196	0.008318469618424355	0.028285441056907848	-0.016697552056054603	0.004877254123368377	-0.011716812189951565	-0.009231553132065695	-0.02820438109261283	-0.002903058980582402	0.009084608385493636	0.0	0.0	0.0	0.0	0.0	0.0	0.0	0.0	0.0	0.0	0.0	0.0	0.0	0.0	0.0	0.0	0.0
SRR3939082	-0.12728767304626834	0.0661342481680351	-0.22721931596201408	-0.2455680592655563	-0.054457280120339444	-0.06812552362025885	-0.09765207770631172	-0.11009681633987108	0.09479963244014283	-0.04815559903779294	-0.12443932758451222	0.028420755853305363	0.0703067472048491	0.03562547504257543	-0.04217648281641411	-0.012967482776756734	-0.08692540182134474	0.19551678396712494	-0.10605063077292595	0.07744170412990245	0.03196271319818358	0.15543564956571415	0.010616823766696362	0.020558713824943852	0.035789060028581204	0.035395583405927154	-0.046037776263404044	0.005045950268431627	-0.0552314077815789	0.003212820777839243	0.006905489145315583	0.005886072757598764	-0.006484424064401082	-0.004525732295161044	0.020016870337154987	-0.003210524964394726	0.0	0.0	0.0	0.0	0.0	0.0	0.0	0.0	0.0	0.0	0.0	0.0	0.0	0.0	0.0	0.0	0.0
SRR3939081	0.39240923195344496	0.07307139222028067	-0.05093238636713468	-0.0547194830449886	0.10885531957288654	0.021005722627098163	0.040754405324425	-0.06585549335852724	-0.06127032374059615	0.12265139927591452	-0.05469951975735905	-0.11004632771109449	0.04293373904607939	0.09416617309124779	0.0511731517807119	0.005148298575287469	0.010635035363792976	-0.11667220685056567	-0.07515148204424102	-0.011689098847455602	-0.04450527146453708	0.040533787128058635	0.02292387715641929	-0.06463533282536396	-0.04013907327750293	0.0633651335228606	0.025075589031610043	-0.009258918723199637	-0.025041382672815842	0.022043586911806023	0.02862448212575477	0.019955897538998738	0.030151683508709334	-0.04570152734145045	-0.0231798359179473	0.005306252823321765	0.0	0.0	0.0	0.0	0.0	0.0	0.0	0.0	0.0	0.0	0.0	0.0	0.0	0.0	0.0	0.0	0.0
SRR3939080	-0.4570951538499248	0.23893170680678533	-0.0007711844630411498	0.19944583897449428	0.11780429777488535	-0.2742265597208293	0.15899234679899238	0.0711013540864055	-0.20172532850419014	0.06372631912753107	0.07909447475798505	-0.07828424912638353	0.011503800843637819	0.032344728057272995	-0.017738419334172806	0.043809344675534954	-0.05531925960319243	0.026204410310022568	-0.00874325110208658	0.01784715196103868	-0.019615027490803228	-0.046269447364790106	-0.028073258148137135	-0.023864538798366478	-0.15400471584721662	-0.007442189882845383	0.04507773527537518	-0.013908587395164887	0.01130838983522282	-0.019057374597989816	-0.026256326760033942	-0.00901721639390888	-0.028323751480591873	0.0131799198316099	-0.002759287077612036	0.00315537099332152	0.0	0.0	0.0	0.0	0.0	0.0	0.0	0.0	0.0	0.0	0.0	0.0	0.0	0.0	0.0	0.0	0.0
SRR3939078	0.21484988586377415	-0.05936946811436731	-0.1995675306100184	0.024387002540222143	-0.13385374724745028	-0.09075625196789655	0.10514444305458615	0.042763752918482265	0.1430154756590211	-0.03011704245820184	-0.10848172102258044	0.003428236996775199	-0.04170092884270597	0.17093014194921638	-0.04895696017068755	0.08399362810544395	-0.08661181422658994	0.013227085268223292	-0.02602534674745289	-0.04333760493052931	-0.030443641392289354	-0.0710406989232134	0.034287029389426286	-0.006089774833344584	-0.09890802261507485	-0.0983866315138583	0.07744422504152865	0.04162411052189215	-0.009342622933454005	-0.008466573345639359	-0.025345199772414274	-0.02235438668155909	0.008418680405978088	0.007595214419527209	-0.006021640486292588	-0.000415263890040478	0.0	0.0	0.0	0.0	0.0	0.0	0.0	0.0	0.0	0.0	0.0	0.0	0.0	0.0	0.0	0.0	0.0
SRR3939077	-0.32681380448579034	0.08527492419915372	-0.006835601805443522	-0.1263828144664569	-0.07109256267191336	0.35560405158128006	-0.2748299904077147	-0.03143649847678404	0.015240731232131249	-0.02608479005589861	-0.05354929302327012	0.06015179233115505	0.11390537931972777	-0.05023450755884244	-0.007519957854204647	0.012753271722494089	-0.0024220546731212817	0.04756052083910786	-0.08485080472179472	-0.041473785689874705	-0.17458658291675092	-0.10402473355727797	-0.20829311589909363	-0.10283179057589695	-0.019890817273312548	0.0234702649343687	-0.009911237435523013	0.04128303401143191	0.03674143294295269	0.030261903383062873	0.0034449065101440812	-0.025943349825546257	-0.011638765869900883	0.005480841855171768	-1.7027164093498648e-05	0.002279435391710697	0.0	0.0	0.0	0.0	0.0	0.0	0.0	0.0	0.0	0.0	0.0	0.0	0.0	0.0	0.0	0.0	0.0
SRR3939076	-0.49971499042035566	0.25009775053957156	-0.018867515415004484	0.14418822860071212	0.047576394399445845	-0.12113924650330875	0.06814829752869618	0.08732923638026	-0.1809825228265882	0.11311786720116725	0.06480288870973243	-0.09588464941093904	-0.0442976814121342	-0.009927496624898434	0.005994092574310788	0.07771591469306567	-0.06801450705834405	0.020519720085722917	-0.032267533629204856	-0.04857767939413835	0.02988948696235559	0.04796410129540035	-0.09935704434075848	-0.002405145349803482	0.027100298071363528	0.02587475895559652	-0.06801203560833503	-0.07687086615493925	0.0176795107593462	0.0326729607273434	-0.003606791118409765	0.041778447865949336	0.060945845273490284	0.016834902023469406	0.00021761893073967136	-0.0013911063955440207	0.0	0.0	0.0	0.0	0.0	0.0	0.0	0.0	0.0	0.0	0.0	0.0	0.0	0.0	0.0	0.0	0.0
SRR3939059	-0.05614815747910332	-0.31785236198268035	-0.21317375794895915	-0.11689435997344136	-0.00570940464941891	-0.24507135634578484	-0.1059292705434326	-0.022696392650239677	0.11572114873934039	0.061319282621696065	0.059899038331249654	0.08304418378252314	-0.04210493672839517	0.02051240842566354	0.12530922126803606	0.003798267617474674	0.04782852056808536	-0.02177731862979509	-0.038312615499889714	0.01737520146663413	0.0492783026308887	0.0784895376958229	0.005530185539898703	-0.07457511619466904	-0.005283043192755649	0.03842993457247011	0.041919669827250886	-0.042594293712501244	0.10685071285888892	0.03505057095481143	-0.030865655849666784	-0.07627418299225758	0.027903171930619957	-0.008040575698300866	0.009983068166016483	0.0003703053970656029	0.0	0.0	0.0	0.0	0.0	0.0	0.0	0.0	0.0	0.0	0.0	0.0	0.0	0.0	0.0	0.0	0.0
SRR3939058	-0.2342107237017349	0.004880971500518625	-0.022327889594559724	-0.09993202765159463	-0.026477769986870073	0.16836981230677547	0.3412690797451654	-0.14760904569084643	0.09579616262679674	0.08884071654220958	0.10093967338237199	0.14937784105172963	0.048711320264483646	-0.004224929225311012	0.033167974839532766	-0.13714007341989526	-0.12969224678316857	0.10259510156137974	0.09175240935858199	-0.07322254099462885	0.13185509475457124	-0.048519977869033934	0.009326644223606644	-0.07436700448573987	0.04026262895863248	-0.036393658395721264	-0.008056002013949588	-0.03900568356862405	0.06459813321001959	-0.014214544005243294	0.005904192195944429	0.018480870744289505	-0.028675069684786416	0.005108196937959647	-0.010546956038443866	0.0014402256315875263	0.0	0.0	0.0	0.0	0.0	0.0	0.0	0.0	0.0	0.0	0.0	0.0	0.0	0.0	0.0	0.0	0.0
SRR3939057	0.31323248347129456	-0.05206622706015883	-0.08404884872966137	0.18563324250762228	0.07603026058607555	-0.049940634002680825	-0.11820120248285433	-0.05987422279494653	0.07400653025016936	0.12204420294647537	0.007479351700402481	0.053808041405342164	0.03792867672623618	0.05371943068999739	0.05790093162853315	0.06992563699055647	0.015369183268239505	0.04287492725404797	0.007771563787077325	0.004987475954392971	-0.030645991787111283	-0.0157052145852581	0.1068027429477566	-0.08644644389536386	0.06294407250262758	0.050340085429697964	-0.0684499596882802	-0.01578732701286645	0.0327814471725853	-0.07511395098400793	0.018652753503324855	0.03959582914482744	0.0025572920589423663	0.01496289796030869	-0.009481884667637386	0.006085983894600062	0.0	0.0	0.0	0.0	0.0	0.0	0.0	0.0	0.0	0.0	0.0	0.0	0.0	0.0	0.0	0.0	0.0
SRR3939054	-0.04886687722869471	-0.041764226904243924	-0.09897795485015666	-0.14546212309765333	-0.20888224203927372	0.31522894570698434	0.21797882204495866	-0.08188358382794465	0.024697140059562337	0.16856463235668961	0.03921072824625243	-0.02863840162684476	-0.05657271638049727	0.055144200894938225	0.028925853692954605	-0.06647269592592875	-0.08303501530098341	-0.024626181405668097	0.047226002508389306	-0.037456475203842	0.02672341006156742	0.06819971066056478	-0.08355977104055749	-0.012096206864634421	0.04102414764973004	-0.06209442032179103	0.005248247986759458	-0.019891540791392395	-0.11133368457054389	-0.011444150489322184	0.017071845491155768	-0.031101710414136955	0.02322015147856573	-0.018102308059582913	-0.009081928628855285	0.004095368952864876	0.0	0.0	0.0	0.0	0.0	0.0	0.0	0.0	0.0	0.0	0.0	0.0	0.0	0.0	0.0	0.0	0.0
SRR3939052	0.10058697615125689	-0.23608965469963067	-0.13370448411030544	0.2575141354742586	-0.2519697413790676	-0.04257457056852066	-0.030304224486152328	0.01951011642704177	0.1320965181598678	0.026492033236276965	0.0021098122967978614	-0.11817145715843824	0.022332239957936855	-0.07534256562576275	-0.11305827946187338	-0.15860378209643405	-0.009704824354658302	-0.05871299546136806	-0.06559815124944167	-0.06769591310102073	0.04743489471216197	-0.004910965703246982	-0.05743830858366855	0.04057178649947902	-0.047444794035205184	0.09372718776320899	0.09895526855765835	-0.056394042786094715	0.002549916293232362	-0.01799570787969947	0.08494477088959776	0.01598626856767059	-0.03010971962442283	0.02265028456696407	0.025727002199867767	-0.0003031012101829978	0.0	0.0	0.0	0.0	0.0	0.0	0.0	0.0	0.0	0.0	0.0	0.0	0.0	0.0	0.0	0.0	0.0
SRR3939051	0.014221489868245759	-0.36545654996309557	-0.12332104792836006	0.18969724406741167	-0.19845154897562	0.011319564263122299	-0.023381850978069135	-0.09733447806682871	-0.10467504634124634	-0.03905886025615833	0.006467030366061558	0.03474150272871212	-0.11888761939224941	0.1456686573371312	0.21187857718040873	-0.04710133517427213	-0.011432319542441475	-0.08855691320419833	-0.14348157694758765	-0.10298644328329587	-0.0249665536604068	-0.029546714235985504	0.05837339834197599	0.04580802569951576	-0.07709277339326383	-0.030772766877972774	-0.09073865119127378	-0.019430546359816586	-0.021450047638235412	0.026197177563897545	0.0022112738048188363	-0.00964414306323802	-0.015878894762584805	0.0019489657140113424	-0.0004232609187814439	-0.005114472871314378	0.0	0.0	0.0	0.0	0.0	0.0	0.0	0.0	0.0	0.0	0.0	0.0	0.0	0.0	0.0	0.0	0.0
SRR3939050	0.3152485763621461	0.21871297387966804	0.42631764327269916	0.025052404926463614	-0.05664521160324793	-0.08810887410352979	-0.06661020988153867	-0.04420366028366405	0.031149833454917914	0.07786979490813391	0.02335400936100614	0.014395408341707766	0.006296314926801559	0.02203986581811497	0.07414287946126293	-0.015903010252568572	0.0018807494156770517	-0.012391420770733737	0.009390799701179679	-0.01053061400107186	-0.02200158533337443	-0.05089478276536761	0.04100740651212194	-0.02504739919072414	0.028506755954651884	0.005703038705706462	0.030628196168431755	-0.026185506986238845	0.013522742818083239	0.027200163285371757	0.018843694817174225	0.0010468086925423217	-7.748613895937879e-05	0.02157856921072121	-0.01434814965461468	0.01116956131774289	0.0	0.0	0.0	0.0	0.0	0.0	0.0	0.0	0.0	0.0	0.0	0.0	0.0	0.0	0.0	0.0	0.0
SRR3939049	0.0989769814413438	0.1062348854809691	0.5632833618950907	-0.07177498252246392	-0.23839490923469073	-0.09429496813676327	0.015528222893787424	0.01931669203553504	0.07685103950197646	-0.05130553247816887	0.09273825398531423	-0.0070601843211026555	-0.026404300125938536	-0.004602093591691702	-0.023914727044570414	-0.025276721101829037	0.04185410176953863	0.06760305354390797	-0.04356840742301812	0.014943717839487992	0.04352198145670142	0.008183172350740505	-0.010476120377233781	0.0031272140742408185	-0.051199428492415745	-0.010543923763372518	-0.00413974837440243	0.03741392401575965	-0.007983021122880128	-0.043293376457670084	0.013692715928243553	-0.0017129586345965982	0.06086845026072488	0.01893355016628721	-0.008302785727097457	-0.008027896298664065	0.0	0.0	0.0	0.0	0.0	0.0	0.0	0.0	0.0	0.0	0.0	0.0	0.0	0.0	0.0	0.0	0.0
SRR3939048	-0.13976119585709748	-0.3884767717787665	0.15011000333537367	-0.042412461013480805	0.2664034518163831	0.10263799330921616	-0.009757527420885603	0.3098948305484279	-0.08261532832771527	-0.07135919932269721	0.019672635062505182	0.10342480618317466	0.2694565159952439	-0.03196386083587077	0.08556546949284936	-0.011992391883269487	0.008969657499104281	0.04584447082755079	-0.04786587541592169	-0.06867117961811275	-0.007342552428850649	-0.08189796194869385	0.06490216071850313	-0.06977483413975342	0.011158595968862968	-0.016187335447176886	0.028686192257789254	-0.031038132153034376	-0.07340239933040762	0.012860366431864926	0.014660558820626564	0.004073953224994312	0.03279948515127737	0.02667986693139089	0.009421228585147925	-0.0029008016205496812	0.0	0.0	0.0	0.0	0.0	0.0	0.0	0.0	0.0	0.0	0.0	0.0	0.0	0.0	0.0	0.0	0.0
SRR3939047	-0.24226240419256165	-0.3613469150852416	0.16780213293346724	0.0006729509064360147	0.37746504807214887	0.11196722521461863	0.05413610612050789	-0.04706657457285001	0.14521608951118087	0.019825394595836415	-0.12725292408458566	-0.036324485761430526	-0.10600571596249599	0.011459390692219613	0.042010662761520795	0.08913427385112778	0.05995945956099038	0.061450453298066685	0.04460444459320501	-0.006275009841822314	0.022905677587554466	-0.050987017146133726	-0.03508992251330687	0.04189919161722177	-0.044482461067047806	-0.0011778047034620657	-0.01675104536833289	-0.05545812381828668	-0.021121974353948702	0.03190772337295016	-0.013203830892628369	0.0083751208948631	-0.0021310858970328885	-0.04688996378980777	-0.005457380255482193	-0.005981249037872368	0.0	0.0	0.0	0.0	0.0	0.0	0.0	0.0	0.0	0.0	0.0	0.0	0.0	0.0	0.0	0.0	0.0
SRR3939046	-0.17241622990700567	-0.4588552348966535	0.21833042104142616	0.01819647940122401	0.3949954426993761	0.018078025143674837	-0.06507506115647162	-0.01030198615431761	0.061279489648346154	0.05812750202172454	-0.0636474165620812	-0.013273564851654759	-0.10886713405535553	0.008842244203116413	-0.0817976886013163	-0.029200337087946265	-0.00999701341059004	-0.0026228130781571564	0.03176557088973986	0.021967803543274	-0.004786426076499676	0.07065543541226195	-0.03067785661440445	0.03284419165472562	-0.008427658155365277	-0.022643001827923108	-0.06206298348141153	0.05495282237371783	0.019880167982457248	-0.05168167303362468	-0.023494484891895397	-0.034121944096068994	-0.01395424360485923	0.040840111422282	0.003597196350765881	0.011490392689553283	0.0	0.0	0.0	0.0	0.0	0.0	0.0	0.0	0.0	0.0	0.0	0.0	0.0	0.0	0.0	0.0	0.0
SRR3939045	-0.1703939928531649	-0.45588087011976053	0.231449907994529	0.04985515401506311	0.4050610055243252	0.03140620567808111	-0.07059448806981325	-0.01921117661452813	0.0669643440027972	0.03851756460850317	-0.02720304552596408	-0.08566719262156483	-0.09919653287445912	0.0012584039628535113	-0.08697616702746304	-0.07312778887288307	-0.0692973604186533	-0.06428828713370485	-0.027118094145546508	0.045858120328033096	0.01892371087453653	0.06758737865121123	-0.03934405320517154	-0.010027082217535867	-0.002725838722534308	-0.0046675735205359975	0.05201905981776022	0.018012017848577512	0.01269020900272614	0.005430193494119679	0.03066255823755707	0.03425070563541188	0.009631247865936943	-0.009449603983595784	-0.0046438564587752175	-0.0017465791493251864	0.0	0.0	0.0	0.0	0.0	0.0	0.0	0.0	0.0	0.0	0.0	0.0	0.0	0.0	0.0	0.0	0.0
SRR3939044	0.35464492530906083	0.2028134261649562	0.07120787346655875	0.040638697705496246	0.07489353455755986	0.03764367225802712	-0.011780911646666413	-0.08700132885514265	-0.04482641162985945	0.11118568048652902	-0.1932217723186636	-0.04323670811789667	0.10698077761763516	0.0633061605909051	0.006810581615134939	0.07938511165585733	-0.07447152238631592	-0.05906926286524322	-0.012047951713795068	-0.0569540763731309	0.06729895890909057	0.014710012988046724	-0.05043796152782152	0.005560858762733004	0.0801877713647485	-0.0910404384693674	0.03855032071648967	-0.008275990143176868	0.0009844953831260647	-0.0018466705396494134	-0.03581418240811391	-0.02080020772447507	-0.006008718520099494	0.003522992251911143	0.03489074775781022	-0.0012421827524237677	0.0	0.0	0.0	0.0	0.0	0.0	0.0	0.0	0.0	0.0	0.0	0.0	0.0	0.0	0.0	0.0	0.0
SRR3939043	0.009203782252967335	-0.10360740306877272	-0.08978429572006595	-0.052927709628948834	-0.12377789568292896	0.21480230976433914	0.19462666326226652	0.04054725433058108	0.029217739178217152	0.04460392427216069	-0.0633102822947653	-0.08639349988132462	0.004293421645666758	-0.08442544688971211	0.044901383804731076	0.19296672645785976	0.24951912934695647	0.07184831459682116	-0.1927610702342703	0.05940563610506321	0.01580017683994981	-0.0030099915828027397	0.01133441675343828	0.08414947117764558	0.04559373542857431	-0.04762227245011609	0.040182001913406686	0.013604847301058699	0.043328393936079415	0.00917100105065701	0.005129510782250837	0.04933304461522171	-0.010530522389100795	-0.0053239251413633734	-0.00037413310527353204	0.006951955236762593	0.0	0.0	0.0	0.0	0.0	0.0	0.0	0.0	0.0	0.0	0.0	0.0	0.0	0.0	0.0	0.0	0.0
SRR3939042	0.2960692029375256	0.09712928814299904	-0.09422605327735156	-0.233889215994592	0.11585565770652761	-0.08895693518670257	-0.017956611995623345	0.034698976837216004	-0.018940364750546886	0.0037314338765286476	0.017549646211758155	-0.06460511613839126	-0.05160460204906276	-0.15596085691778513	0.09942908422432678	0.08957617262683971	0.15789367258823547	-0.002348441021831402	0.01739421154430855	0.05861051649954338	0.11485425949826088	-0.01788162891538009	-0.07246392917299073	-0.048912518939965684	-0.01400357427043455	-0.03270042156500889	0.0013318537225055897	-0.07010949318282794	-0.06966866525244761	-0.033928077770023976	0.012227599596490259	-0.03559654781590037	-0.050117243488814966	0.04243247566486798	-0.020278966285896965	-0.003955537665276329	0.0	0.0	0.0	0.0	0.0	0.0	0.0	0.0	0.0	0.0	0.0	0.0	0.0	0.0	0.0	0.0	0.0
SRR3590563	-0.3791240224395879	-0.023880516911234665	-0.06425226390181739	0.2822261324269795	0.07158683872428838	-0.19908264934363123	0.06405902166617215	0.10821668875150595	0.052634236103151544	0.14555183222071075	-0.09590470856740632	-0.04504472649192644	0.03321258255666246	-0.03389474623573082	-0.030979922955656044	-0.11608871015256154	0.08921966280843813	0.061691300062661006	0.053297940507958816	-0.03982016150648805	-0.00655636379234866	-0.07235104602418188	0.08425080799688754	0.011361131501924372	0.0796524655978337	-0.025864685727306054	0.0005983485948480415	0.08817344222065246	-0.03825505782224464	0.03508907586966535	0.006302827620530366	-0.0016785509641025725	-0.014396933183191764	-0.005140120338451495	-0.008342360214326695	-0.005169892386274483	0.0	0.0	0.0	0.0	0.0	0.0	0.0	0.0	0.0	0.0	0.0	0.0	0.0	0.0	0.0	0.0	0.0
SRR3590562	0.05941412850695404	-0.21331847681178567	-0.1580941460027799	0.27062975498785624	-0.287502181020403	-0.050267444074375556	-0.046254795642215296	0.008677242592061377	0.15205418197861675	0.017978536180542574	-0.02250305855258734	-0.01463215407151967	0.04202435169767376	-0.11970215838647572	-0.06281917985544948	-0.046739540543134596	0.061305526037053866	0.031187386166428854	0.029588144254444382	-0.11686668040875085	0.030431806587181354	-0.028253258236531967	-0.03767822046213232	0.03315213992530728	0.011373925776373226	0.10360023548015528	-0.02718877199746103	-0.001304050340457848	-0.06293189304515742	-0.011820358696113793	-0.1112702147503868	0.005699398999259844	0.01332868026710013	-0.004365655408125539	-0.011824660321615698	0.008037664094620256	0.0	0.0	0.0	0.0	0.0	0.0	0.0	0.0	0.0	0.0	0.0	0.0	0.0	0.0	0.0	0.0	0.0
SRR3590561	-0.4845793542179284	0.29747510687308093	0.15857844428892937	-0.0030715186877770316	-0.10606590996812149	0.07109397145396078	-0.14250111722154923	0.0368834686165673	0.002477435046382184	0.06479256283280244	-0.052573591266324764	-0.009031486018915805	-0.038102788088751637	0.027266622104179447	0.011037142123610738	0.017303150062179997	0.04304151337726468	-0.11309145911801241	0.03676277269577365	0.0033764913793968656	0.11528687830913546	-0.007339504036266386	0.11218211316354407	-0.028262896645397762	0.02712804294130632	-0.008127978521223437	0.008469770757125619	0.007209284240764655	-0.0002775705397515458	0.0735642616970954	0.006325854974355649	-0.017166469446744808	-0.015736503610043827	0.010355208036642173	0.02496860709659798	0.007334532958346161	0.0	0.0	0.0	0.0	0.0	0.0	0.0	0.0	0.0	0.0	0.0	0.0	0.0	0.0	0.0	0.0	0.0
SRR3590560	0.030946694892949288	0.03688288957221361	0.5846278440392269	-0.07613422461327088	-0.28560559783773104	-0.14231942988932875	-0.020194827664443884	0.026930734861006226	0.04538286387758558	-0.03003403171683455	0.05058127314028177	0.026586865703783033	0.010298018849195583	-0.010607299354003775	-0.011088828083428955	-0.036601795498126706	0.027939419331741808	0.05116112083599412	-0.04884950003855833	0.0373621426191355	0.012002382590471759	0.039856944757752	-0.02680029793183588	0.01027944560494086	-0.038579730250974595	0.006425990672330053	-0.044484385931057746	-0.016429447069097682	-0.009010479423481285	0.0038338413456136897	0.007020377222465429	-0.03958930912054006	-0.033764755741567815	-0.05067349423485053	-0.005984547450517047	0.003426595850603517	0.0	0.0	0.0	0.0	0.0	0.0	0.0	0.0	0.0	0.0	0.0	0.0	0.0	0.0	0.0	0.0	0.0
SRR3590559	0.3213120564760076	0.10387584642560602	-0.06547702136169199	-0.04670876382704439	0.029000599951717474	-0.0054997399323163665	0.026630998182902738	0.08401781950681124	0.020564166242643282	0.05083873687366813	-0.0842012973732104	-0.059470684791523405	-0.11479451930700324	-0.04087912479017765	0.1487294062586071	0.03341371187995688	-0.04713224819950669	-0.01619081870807281	0.24455630940297793	0.07635360478310889	-0.12313277832245838	-0.07729318419463166	-0.0653795878795164	0.07512462844465115	0.008329457871858266	0.07512556491948874	-0.012789117274334343	-0.01117427342984637	-0.01405423425482185	-0.0018339298487677804	0.017911721423785797	-0.008176769322178134	0.005933344742129218	0.007217743856407832	0.017306631266722543	-0.0027903969718831045	0.0	0.0	0.0	0.0	0.0	0.0	0.0	0.0	0.0	0.0	0.0	0.0	0.0	0.0	0.0	0.0	0.0
SRR3590558	0.35238895848250384	0.1401722163610191	-0.015392525923983564	0.30656933277065385	0.06780883827345799	0.021877785891659417	-0.09050086744214332	-0.059488634666791974	-0.02672897754192418	0.133063348317304	-0.05781222390180819	0.023536648216989083	0.15813474829182306	-0.09242569831270642	-0.0375474283213994	-0.06468267167498717	0.06661585873008319	0.007608619268329603	0.036388458930589965	0.012956724390073067	0.03549581640766203	0.006271577461842363	-0.01638596530596568	0.07461969381136542	0.04672148436339572	-0.02494846742526735	0.03588148262306261	0.0108703061021168	0.062239498825359535	0.002191969682054718	0.011131879128055043	-0.0657394611398213	0.03446140203060134	-0.01925178155687942	-0.020505425535653495	-0.010209171815141055	0.0	0.0	0.0	0.0	0.0	0.0	0.0	0.0	0.0	0.0	0.0	0.0	0.0	0.0	0.0	0.0	0.0
SRR3590557	-0.34204081179533025	0.1175444242040187	-0.0054798432136775824	-0.10599516188345019	-0.11583616872603618	0.3765900351980767	-0.3476175995920401	-0.05803131602318505	0.018423771368925316	-0.004975133178914009	-0.041218271919659766	0.02667529141178795	0.0005680583797417227	-0.011405466025233653	-0.05361836357564615	0.010453827012893975	-0.026684982496623003	-0.0822643619768628	0.07644994008526372	0.08450276480028934	0.010813537743538156	0.02465365098120037	0.129223015638735	0.07533934201800337	-0.06437572121915167	0.004700557755940724	0.06015866353054231	-0.08851555607580976	-0.0063419489317325835	-0.01148631180741167	-0.04508855585055566	0.0191394080194396	0.014293101148482415	0.02747423993243435	-0.014263494014673398	-0.003355941794018431	0.0	0.0	0.0	0.0	0.0	0.0	0.0	0.0	0.0	0.0	0.0	0.0	0.0	0.0	0.0	0.0	0.0
SRR3590556	-0.4841315494317297	0.19052439461861742	-0.12380681933002957	0.18337020447664382	-0.03335167883701007	-0.12884191248774013	-0.016600412064053115	0.05590967836281898	-0.10065935312019582	0.10520199362855859	0.06365407139399971	-0.06842907970418191	-0.00014542739825272323	0.05273211925164441	0.03484640944492161	0.036317672905335455	-0.05451323120016322	0.12790813163169373	-0.06813491190259809	0.03983750589850664	-0.10094609133065666	0.047898236308679704	-0.014270036820915273	0.07733842554130034	0.05435824890965045	-0.0357028477762072	0.043928068394220796	-0.03318601712348736	0.009587316604786008	-0.050132114234667007	0.0017149674735947675	-0.01782354382144161	-0.005950162207152169	0.0014396644941270754	-0.005324738266625459	-0.0003203338636647306	0.0	0.0	0.0	0.0	0.0	0.0	0.0	0.0	0.0	0.0	0.0	0.0	0.0	0.0	0.0	0.0	0.0
SRR3590555	0.18115575257997263	0.16939964183349296	0.05901355503097774	0.06650044366603096	0.12469955792412556	0.11520056777403859	-0.026052854800591444	-0.026468435286590784	0.0381050532175198	-0.12218176532208191	0.12221798742863736	-0.06282059973588318	-0.10030298167331694	-0.3277848121746352	0.021391665823499318	0.16035526993715074	-0.13721342696022476	0.058841094954311425	0.013461203321594433	-0.23400597211835542	-0.08553992917332194	0.11631825585749182	0.12040614059232037	-0.0007631923363790651	-0.02144251879924943	-0.013314183872336516	0.008372600846493638	0.0194793389128568	0.007231613634828783	0.012743778587230447	0.014562353897744167	-0.01766801905844509	-0.014369042704026452	-0.013683364439779504	0.0025485375928273033	-0.001060576340099415	0.0	0.0	0.0	0.0	0.0	0.0	0.0	0.0	0.0	0.0	0.0	0.0	0.0	0.0	0.0	0.0	0.0
SRR3590554	0.08937101404881256	-0.19730449329529445	-0.14938343935801218	0.1698227873497271	-0.29763523942974873	-0.15029888135497743	-0.04387456802141747	0.03325472897245985	0.09357601558871535	0.09510559538042272	-0.05257787139881115	0.06087010934540039	0.06220323910531561	-0.11546530924483657	-0.11123713283869167	0.026809079289532526	0.06893039467723505	-0.061536350895137766	0.13572367807985486	0.08290347189449349	-0.10675801266450588	0.08891976652593653	-0.015481380011750217	-0.11439097354816415	-0.06697937621176434	-0.1579421206670346	-0.08126029036471817	-0.029438931599849626	0.012817015942281388	0.021935435004888763	0.017945210265856396	0.0457134025942706	0.002607736221109323	-0.003299608940760185	0.007240427980657651	-0.0021706686261703995	0.0	0.0	0.0	0.0	0.0	0.0	0.0	0.0	0.0	0.0	0.0	0.0	0.0	0.0	0.0	0.0	0.0
SRR3590551	-0.32659169973167135	0.3638211894749235	-0.0685965790018724	0.008222212350174923	0.00929389389746905	0.16336760413051413	-0.08407393613833095	-0.008421238901140979	0.13097431530634723	-0.06757995919398473	-0.039162509909827795	-0.06257279683746755	-0.003485528513961049	0.045865063550753836	-0.0008772568049191884	-0.028408932225737347	0.04241312599436657	0.013501423022039829	0.03371585530866209	0.0016191496018481437	0.03088680298550101	-0.04316744546534284	0.03695006167275581	-0.025198535509771972	-0.07749320295786481	-0.030405761404809564	0.023576487937947928	0.06028560906532409	-0.0010620456684228663	-0.0742849047188747	0.021498720359993395	0.0061584694696541565	0.01658406060610047	-0.03586325861883214	0.0062801173425521	0.002682869641180889	0.0	0.0	0.0	0.0	0.0	0.0	0.0	0.0	0.0	0.0	0.0	0.0	0.0	0.0	0.0	0.0	0.0

Biplot	0	0

Site constraints	0	0
