Eigvals	78
5.602742980405668	3.343715951742963	2.264743898734754	1.9493745619176202	1.7038080167700096	1.4823144624081979	1.3755952534817384	1.0618341880556437	0.9697647592367358	0.7923287272159703	0.7377776189809233	0.6878520090153406	0.6205070696317572	0.5567990550876318	0.5148142738384407	0.5094561878852926	0.44744510393519893	0.4343544772328745	0.4137258030184257	0.3961745945922989	0.3731181850733885	0.33259739531558513	0.30078286238404234	0.27908600538318656	0.24331437468160144	0.20785843103977314	0.18781265496985078	0.17487228063167054	0.16581524146337234	0.15438349339656782	0.14569109345467524	0.13495212595716438	0.1213959319179218	0.11374454833525205	0.09489081046926107	0.08104114829811282	0.06945463194143825	0.056392770507947054	0.052739061974765244	0.04730227085539851	0.032903201638804	0.026385941245699346	0.022677934606305822	0.02022520032140382	0.01391690794607836	0.009565154279793459	0.004862807588603413	0.0	0.0	0.0	0.0	0.0	0.0	0.0	0.0	0.0	0.0	0.0	0.0	0.0	0.0	0.0	0.0	0.0	0.0	0.0	0.0	0.0	0.0	0.0	0.0	0.0	0.0	0.0	0.0	0.0	0.0	0.0

Proportion explained	78
0.1910053486597348	0.11399195597859439	0.07720828878206329	0.06645690676328926	0.05808519959429652	0.05053417436884551	0.046895967194078125	0.03619941339763361	0.033060637727580514	0.0270115950926688	0.02515187147431791	0.02344983756487815	0.021153954339033887	0.018982058970465853	0.017550739024334076	0.017368074376105685	0.015254029746166561	0.014807751962909963	0.014104491591249367	0.01350614633490686	0.012720121069353406	0.011338710641867287	0.010254108693091839	0.00951443247543161	0.008294927526127505	0.0070861847904618094	0.006402796232253619	0.005961640762353296	0.005652873622719056	0.005263149333575928	0.004966813255444635	0.004600706825383282	0.004138557200097943	0.0038777108264469794	0.0032349605187446426	0.002762806154164425	0.002367805597437458	0.0019225084624493942	0.001797948425567083	0.0016126006080825833	0.0011217161884849252	0.0008995336614540132	0.0007731225261463767	0.0006895053820268241	0.00047444686715107236	0.00032608949483951165	0.00016577991569035843	0.0	0.0	0.0	0.0	0.0	0.0	0.0	0.0	0.0	0.0	0.0	0.0	0.0	0.0	0.0	0.0	0.0	0.0	0.0	0.0	0.0	0.0	0.0	0.0	0.0	0.0	0.0	0.0	0.0	0.0	0.0

Species	0	0

Site	78	78
jr1098	-0.2974759816381295	-0.1059454771664114	-0.1815407474181252	-0.042290929845478435	-0.20916186246644947	0.11653949063126441	-0.28021551182084486	0.008954034905389976	-0.10206335508971777	-0.16968977918723868	-0.014076558834622251	-0.025699883910657025	-0.029004810186948404	0.23567856105810311	-0.09033070825898293	0.03807208338510126	0.13475268769319	-0.12805751368228802	-0.008602572416608436	-0.039357606707263786	-0.015622749378339703	-0.07810045526675505	-0.013695708873510848	0.031161503695166036	0.12231423900726432	0.022683443672210996	0.016724688932279363	0.014831340348166182	-0.0250994141965436	-0.021382142202843242	-0.07342289681248078	0.006508074185689345	-0.004413641775237112	-0.028268506756451376	0.003706152555316567	0.04477612377143115	0.005744557469237254	-0.0026526044218668776	-0.018339674506445292	0.004220838240544253	0.03143429410285584	-0.017716829412683478	0.01675661116033607	0.006720141080275558	0.024173086837702088	0.021151504619453105	0.003903025626100932	0.0	0.0	0.0	0.0	0.0	0.0	0.0	0.0	0.0	0.0	0.0	0.0	0.0	0.0	0.0	0.0	0.0	0.0	0.0	0.0	0.0	0.0	0.0	0.0	0.0	0.0	0.0	0.0	0.0	0.0	0.0
jr1099	-0.29736964657329484	-0.08333866336719069	0.1859038765444403	-0.04638332906078729	-0.023455049825793044	0.11874954480240564	-0.22626178278622028	0.2901417635275139	-0.038827374023760124	0.1119424664542257	-0.07941597814718479	-0.22232002437127657	0.07259581690287117	0.05792852553757966	-0.030323196188295022	0.04801538271146179	0.0009033767768990339	-0.012706061171028458	0.0531034865359698	-0.04228529913571828	0.06091833519660307	-0.02149068100013289	-0.06135177961059437	-0.05555934447042841	0.06836772686587884	-0.012280427582250232	0.03009129344601258	-0.028332907075031524	0.0009818229912885435	0.04271164455129192	0.07711971712358784	0.05638189935791686	-0.04449347293315257	-0.008773113455313184	-0.06548220541983692	-0.03166329322827382	0.05975602967419886	0.04273366420487198	-0.0037848631228561435	0.0016194517262993638	-0.02085738356861524	0.021444946143239257	0.012066970766436987	-0.026740741577442932	-0.005731569266764558	-0.00247009529969091	0.002543968812331677	0.0	0.0	0.0	0.0	0.0	0.0	0.0	0.0	0.0	0.0	0.0	0.0	0.0	0.0	0.0	0.0	0.0	0.0	0.0	0.0	0.0	0.0	0.0	0.0	0.0	0.0	0.0	0.0	0.0	0.0	0.0
jr1100	0.13689895543032618	-0.19684277736282943	-0.06772766385003291	-0.12024657496533177	-0.1969203262254102	-0.008793976080852896	0.012498698802862262	-0.007519823901714868	-0.028969341332471428	0.043687627794185446	-0.19037437765652057	0.18241047917700026	-0.1498497441185136	-0.0735887004264878	-0.06441327186148944	0.11294946302953383	-0.059212239887707435	0.07849727332478722	0.1018867883645223	-0.06335075210206954	0.022237151491838646	-0.05332136055775398	-0.0435897518169774	0.086017798744446	0.10629162677704891	0.059384006136927216	-0.03197664045864151	0.032940713740619944	0.015053444809784855	-0.034173650291787386	0.04642144612572191	0.04486103530407992	-0.0010127693532942688	0.001022416362869465	-0.00012682230383871286	-0.051968531802431606	-0.03622596106977639	-0.07455110849981474	0.014583547880234013	-0.01746103708494569	-0.02157619808600286	-0.028896123725500163	0.007102615024723994	0.01683397018257711	0.0066161088120468845	-0.006096130402855741	0.0050585948704493944	0.0	0.0	0.0	0.0	0.0	0.0	0.0	0.0	0.0	0.0	0.0	0.0	0.0	0.0	0.0	0.0	0.0	0.0	0.0	0.0	0.0	0.0	0.0	0.0	0.0	0.0	0.0	0.0	0.0	0.0	0.0
jr1101	-0.25273184653738706	-0.1049995998161348	0.3345479314921753	-0.03810363447527039	-0.022461849122397855	0.028090531736308086	-0.1309534853930491	-0.023981124921676936	0.16071320187929375	0.06723198773267401	0.06476182542377952	-0.014307293639279094	-0.16766427504173737	-0.17834896002944753	0.012153702373127975	-0.1262068167430766	0.08993872563809448	-0.04641365250126142	-0.03845803592215176	0.07709196620613566	0.03505150183812318	0.09199167389195793	-0.051080249389459625	0.044123964166492634	0.0787259533694086	0.02142634695489532	-0.002341336931605279	0.04736820059280471	-0.05287586968079542	0.09439447813812005	0.02076570268431561	-0.01855309196194558	-0.025508803659073247	-0.0013192423527703724	0.014196853083555396	0.05135143274636735	0.007251936765257986	0.0023510899140053265	-0.040546703996888464	-0.0036445122124708633	0.02775927487990494	-0.007501806352476468	-0.01055784621836547	0.007214724785185684	-0.01379508720243637	0.01597423362562746	0.0006065728607547493	0.0	0.0	0.0	0.0	0.0	0.0	0.0	0.0	0.0	0.0	0.0	0.0	0.0	0.0	0.0	0.0	0.0	0.0	0.0	0.0	0.0	0.0	0.0	0.0	0.0	0.0	0.0	0.0	0.0	0.0	0.0
jr1113	0.1708621534376053	-0.15765722244342045	0.11009807144204951	-0.2129981396269058	-0.08139562225828974	-0.24288879745903746	0.15667896456303274	-0.026068145571013793	0.09572647994093206	-0.012093400736055596	0.2394156441236104	-0.09437067238848124	-0.09331781151378256	-0.019573693589303776	-0.07208033410032955	0.05999553385205416	0.004296681169315361	-0.07607444680372823	-0.023804747101350755	0.018207462834163232	-0.03395361704192579	-0.06758715563316053	-0.012209316664892184	0.08258724274466145	0.02564870783932292	0.006047779725488046	0.11420044515351196	-0.010098598497011703	0.12428073948272836	0.006186769051322195	0.05568519943345107	-0.09910245029754002	-0.025253239634072853	-0.037235738813886275	-0.0438364444019368	0.00017162010932660938	-0.02588431950740494	0.01071634345710408	0.020070578027401687	-0.02592044167636689	-0.02181011378882826	0.0031134872813219825	0.026180933519605997	-0.01690659031983202	0.014589413634231371	-0.006321968035265185	0.00010456819413104375	0.0	0.0	0.0	0.0	0.0	0.0	0.0	0.0	0.0	0.0	0.0	0.0	0.0	0.0	0.0	0.0	0.0	0.0	0.0	0.0	0.0	0.0	0.0	0.0	0.0	0.0	0.0	0.0	0.0	0.0	0.0
jr1114	-0.431992415313008	-0.12774925546486202	-0.06495303367692822	0.011254886968679559	-0.013471046792431149	0.0595254932322551	0.061991869378710665	-0.060310546744825826	0.03281507952923582	0.07592344058761008	-0.055723381497652595	0.0034882479180424262	-0.0912334840459619	0.18031784502262263	-0.0654106715213688	0.04593097694917442	0.043900322563965616	0.05815357691359773	0.03988332603634323	0.05603812279834953	0.1186053487805976	0.009756304684553293	0.021692230843339353	-0.07470411561057821	-0.0019230338288340066	-0.003927647005427826	0.0617300926985789	-0.009377810339168456	-0.003635636140009637	0.03497936283390429	0.013041445718944375	0.028738826426981896	-0.045774351944009264	-0.055297463529351165	0.04338655956725052	-0.005588392468993113	0.04160695980948233	-0.024541911547836397	0.0115773783956121	0.010785406612144693	-0.01299569041832633	-0.0006301292849725857	0.0027193239259965907	0.0009903010423012336	0.015369582866209206	-0.007472663777010464	-0.011694922835390765	0.0	0.0	0.0	0.0	0.0	0.0	0.0	0.0	0.0	0.0	0.0	0.0	0.0	0.0	0.0	0.0	0.0	0.0	0.0	0.0	0.0	0.0	0.0	0.0	0.0	0.0	0.0	0.0	0.0	0.0	0.0
jr1115	0.0267256451811696	-0.0016963343011339644	-0.09299907951560323	-0.48612194885820914	0.1873670786483262	0.36835886085515546	0.1372070868313551	-0.0715307468165131	0.043250578158284265	0.021259518600297404	-0.026237334363836202	0.0830786615835626	-0.05493133289627895	0.018863216539260742	0.03765943159951858	0.09613414232578205	-0.03327783503834579	0.005286672370529131	-0.09025596268848927	-0.042856000674429566	0.05226301112708747	-0.022349258145668828	0.17799774830118764	-0.0639381638049318	0.022003029258161468	-0.07650133842867196	0.025148669037824624	-0.0012113759403964345	-0.024144315709854765	0.03223366315390049	0.04458399575456907	-0.03406865266880293	0.026203663036385435	-0.02819667830626989	-0.014867589378049457	0.0048617723248174	0.03202509738528681	-0.019398604257175597	-0.000934306417960398	0.028214903209901283	0.03355804019762984	-0.013632821966004221	-0.0029087707620606387	-0.0007093324718621231	-0.004370655302953992	-0.0018014593834727519	-0.007910175840182315	0.0	0.0	0.0	0.0	0.0	0.0	0.0	0.0	0.0	0.0	0.0	0.0	0.0	0.0	0.0	0.0	0.0	0.0	0.0	0.0	0.0	0.0	0.0	0.0	0.0	0.0	0.0	0.0	0.0	0.0	0.0
jr1116	-0.07163012758714599	-0.1537809203301426	0.021540217893856975	-0.24533340497298484	-0.1881376041485883	0.038310764662196496	-0.21768574595283263	0.06857141644805737	0.22621445223605027	0.14599690504832596	-0.05486198560466248	-0.11155648663079898	0.030722208929123234	0.023368765713534464	0.04938627431005946	-0.02032360532937159	-0.11491563543661582	0.020788734718797094	0.043329187862403196	-0.01568733672536698	-0.006813136549580973	-0.03908685043514969	0.009884617222563128	-0.02532918203336326	-0.02145384155205607	0.012046746203303127	-0.0208872512948487	-0.05070464966575653	0.051445850892421145	-0.0099322262838687	0.0641016726141897	-0.06851321272090552	0.10592515814487137	0.09621162251536927	0.11189471639863084	0.05571693053127364	0.03705469481931815	0.014600161038544902	-0.019730186874110447	0.01190475057389086	-0.023452285452902167	-0.031590438535723596	0.0017394232207233987	-0.0008408842880325059	-0.00039402808843604493	0.0024512051111376	-0.006724001833047372	0.0	0.0	0.0	0.0	0.0	0.0	0.0	0.0	0.0	0.0	0.0	0.0	0.0	0.0	0.0	0.0	0.0	0.0	0.0	0.0	0.0	0.0	0.0	0.0	0.0	0.0	0.0	0.0	0.0	0.0	0.0
jr1117	0.40624025019780197	-0.2215299214711731	0.06626619380740738	0.08416438007158822	-0.03773897503269269	-0.022980413769500236	0.09501313817335418	0.016620190440779573	0.10257424343060707	0.05236453922046097	0.13844548728230044	-0.009897417660486067	-0.026068387853121607	-0.011780875398694482	-0.10259186045519544	0.07960778084368143	0.09838541969970337	-0.01454377557781463	-0.02863506160857582	0.08197035185129917	-0.008219632832973653	0.05177257538133547	-0.03072587731732783	0.0796876874801619	0.09477865010246467	0.009746968241351005	0.05778850390222802	0.03553201431677631	0.0395029065116583	-0.0007187132278888504	-0.01807979346655955	-0.05222267927320573	-0.020593250692150067	0.021280849583584043	-0.025276897638329247	-0.058836934706136435	0.015844092090415665	-0.007754113908750445	0.032756874317823696	0.013870105378556817	0.020065992723779614	-0.009546324566057517	-0.010664341905561616	0.0033861110841338473	-0.013940373934162371	0.018466565680415086	-0.0038209931353791575	0.0	0.0	0.0	0.0	0.0	0.0	0.0	0.0	0.0	0.0	0.0	0.0	0.0	0.0	0.0	0.0	0.0	0.0	0.0	0.0	0.0	0.0	0.0	0.0	0.0	0.0	0.0	0.0	0.0	0.0	0.0
jr1118	-0.13874661151630932	0.016113194555808858	0.025182268062599142	-0.33704005318193586	0.21067666809860439	0.3777787559530227	0.2111760506755509	0.04682325756024784	0.10460714611790516	-0.11884639931638404	0.011412665746844155	-0.04192759930097864	0.07331562045101646	-0.01713759153978478	-0.03898051817429427	-0.12993815832263514	0.079937586116216	0.07018199178955489	0.04922898987856092	0.02537735856401818	-0.06645955261971526	-0.01156147900692893	-0.035847798831007534	0.0007434611456066498	0.05285930692059788	0.026621488642382257	-0.022539032265719672	0.021983020910199352	0.038665601237828286	-0.02887330775235437	-0.0007764322659851284	0.04156226588165917	-0.03236258777414035	0.09990004623075097	0.013226648592322704	-0.055540087705537824	0.010947736209667658	0.029796486052377082	0.01162702056487413	-0.04199506335427106	0.01440721138969632	0.006255301301460993	0.02542366562285219	0.004138970843619031	0.009158845793710934	-0.0024760884133520297	0.01542610008471269	0.0	0.0	0.0	0.0	0.0	0.0	0.0	0.0	0.0	0.0	0.0	0.0	0.0	0.0	0.0	0.0	0.0	0.0	0.0	0.0	0.0	0.0	0.0	0.0	0.0	0.0	0.0	0.0	0.0	0.0	0.0
jr1119	0.1951653964318828	-0.07316435705656144	-0.021185890660871634	-0.1635219064865999	-0.26262970807145664	-0.13306788112238682	0.11284602327889835	0.06654537668951377	-0.057110048146010464	-0.033753872887138846	-0.11219989789308574	-0.014273484180432177	-0.06848612708494102	-0.04306136452884448	0.044798924941447035	-0.03284531261205554	0.0071207852698245335	0.025133997458954675	-0.013399660441430565	0.04265059146452318	-0.08545104548560531	0.0028289857171165805	0.03747853011426799	0.011182965597904526	-0.05036008513118007	0.038586180149347525	0.09526682275319857	0.03675021573815104	-0.031581504251682865	0.08204882126124355	0.05865572856879429	0.027909855574965538	-0.004803974106391072	0.06604355900174251	-0.00042737555965025346	-0.030939132775843	0.020939306299892872	-0.06625971795969642	0.0029708348396145466	0.04954483936323973	0.03344054682939761	0.044509331026451895	-0.004998666069147403	-0.004927872355126216	-0.0038535985845416913	-0.01345451834020583	-0.0048428678897669015	0.0	0.0	0.0	0.0	0.0	0.0	0.0	0.0	0.0	0.0	0.0	0.0	0.0	0.0	0.0	0.0	0.0	0.0	0.0	0.0	0.0	0.0	0.0	0.0	0.0	0.0	0.0	0.0	0.0	0.0	0.0
jr1121	0.23752826852900805	-0.15083312518882117	-0.003507969090004141	-0.1713975824210059	-0.25495412582448645	-0.1391991753513551	0.14273907139354966	0.21741207691059514	-0.18957231743245725	-0.09702855212208032	-0.01321015708148785	0.020483834756380673	-0.033524922970474345	-0.0998475979391304	0.0044729594564940885	0.04135551307983361	0.08627733524666678	0.08820067410173722	-0.009996499816800241	0.10459571897343113	-0.03862516454134072	0.05682050287794287	0.10889612976916338	-0.030663500695716796	-0.01216009735391877	-0.014927352602337489	0.03142801977231958	-0.0063307385398197556	-0.0218502392490679	0.018887143818730256	-0.02843697287542922	0.022837716616376236	0.0062808272662709585	-0.03541677619629203	0.04739128618305331	0.024529396261911637	0.009877577745556783	0.05008840138549899	-0.03956028809909863	-0.04902555281979306	0.031755403004698035	-0.014591443528974823	-0.0032583047912598507	0.01960094529295469	-0.007671905415081655	-0.008406875651435644	-0.010733520741620916	0.0	0.0	0.0	0.0	0.0	0.0	0.0	0.0	0.0	0.0	0.0	0.0	0.0	0.0	0.0	0.0	0.0	0.0	0.0	0.0	0.0	0.0	0.0	0.0	0.0	0.0	0.0	0.0	0.0	0.0	0.0
jr1122	0.29821149720509504	-0.18754328727886305	-0.0006371617878933032	0.13546661969671914	-0.038949418374503685	0.25822474143535	-0.3553359176192516	0.13776482736997753	0.07603501478097442	-0.03413543003363434	0.0469697682033714	-0.08380605545313886	0.053289285777984106	-0.06313939562770898	-0.03706721862471084	0.03722933836231521	0.0159976150913268	-0.045248154057633536	-0.0683958989060125	-0.031111294583472362	0.09939151035053734	0.03947738740574896	-0.05529027151496957	-0.04758226410007514	0.04830149937179802	-0.007007672820577367	0.09787432364824476	-0.00033772693706762494	0.015479482651761042	-0.06587028994364015	-0.038632214931594515	-0.00815153984475098	0.03832986781431003	0.018843499894057557	-0.002223214674884696	-0.019471815320320347	-0.006938785549402268	-0.03880302456112009	0.007010221208001321	0.014974957954675162	-0.00385120526737106	-0.0019237843284856837	-0.024240096326801214	-0.008687487448009701	-0.02295880270705984	-0.00186161251874209	0.006985664793799067	0.0	0.0	0.0	0.0	0.0	0.0	0.0	0.0	0.0	0.0	0.0	0.0	0.0	0.0	0.0	0.0	0.0	0.0	0.0	0.0	0.0	0.0	0.0	0.0	0.0	0.0	0.0	0.0	0.0	0.0	0.0
jr1123	-0.0563816612944346	-0.03619962966255162	-0.013788570460661223	-0.20149250316467615	-0.11328337172260232	0.0827347117829548	-0.3489995908113296	0.22491067117502464	0.016501930955846324	0.09668828648233999	-0.01209654498258423	-0.22830727410912183	0.23864105599257648	0.0023870723758779716	0.0007125292619586803	0.0167015453913334	-0.16730911796404827	-0.03644470631780443	0.07993767220353565	0.005907219801124688	-0.023981670776919248	0.0022685275423564035	0.08793457040584668	0.11623103166965194	-0.07780724976765416	-0.03342144762601859	-0.05337589443795166	0.05679995988784106	-0.004530062160846871	0.0051551868321888464	-0.032718884836767256	-0.04795054489843997	-0.09067013105252808	-0.04122664436666959	-0.0041180423343209465	-0.025245206486428605	-0.08593784564101076	-0.026424079028682667	0.023538257477005657	-0.013891427441734688	0.026613149677072193	-0.004503892751362754	-0.0027169539774253445	0.023382175220676895	0.008653612153497693	-0.009578121181504159	-0.010408243697402916	0.0	0.0	0.0	0.0	0.0	0.0	0.0	0.0	0.0	0.0	0.0	0.0	0.0	0.0	0.0	0.0	0.0	0.0	0.0	0.0	0.0	0.0	0.0	0.0	0.0	0.0	0.0	0.0	0.0	0.0	0.0
jr1124	0.2034365364599775	-0.15332687904522466	0.003332237265140602	-0.17639109105006104	-0.27675836858490116	-0.06966739128446048	0.007552298619356845	0.3303977922320065	-0.17580939213203192	-0.05661732905005489	-0.02584685573779969	-0.08105123779303602	0.0527844520646797	-0.08443311996559769	-0.03345801414110442	-0.013506632061358758	0.04361234947138557	0.06632202299615066	0.04630368238128816	0.06882875477711413	0.0508361829768157	0.04538057260312094	0.05834181423935497	-0.03731456134734534	-0.03486787511851347	0.01021189785404641	0.01618380057520049	-0.021414342575672467	-0.04107264157338355	-0.025532831849036913	-0.03813709638429094	0.06020879835824919	0.08335690101180865	-0.003793547929890526	-0.040550150136462064	0.01417730674829049	0.002393881090416238	0.02313105395085589	0.0066227888358755035	0.041828549851368524	-0.021207648821080706	0.018216988893529157	0.0026228376918714653	-0.004132784261958991	-0.003267322522994465	0.010748990815307821	0.014472189707141089	0.0	0.0	0.0	0.0	0.0	0.0	0.0	0.0	0.0	0.0	0.0	0.0	0.0	0.0	0.0	0.0	0.0	0.0	0.0	0.0	0.0	0.0	0.0	0.0	0.0	0.0	0.0	0.0	0.0	0.0	0.0
jr1125	-0.36631275076594527	-0.09788339712676031	0.015948543219739587	-0.003495358303175363	-0.12363310527368492	0.12901131407152724	-0.2574376001680002	-0.10608054832472176	0.023357098540423227	-0.17649374045034355	0.0659499719300534	0.09208114067427335	0.06296357265092802	-0.15519029066922754	0.017756882313495342	-0.03295156617695974	0.10003843358540962	0.13977708203005648	-0.1117619841236261	0.0004468738534503223	0.06887717346431399	0.16134304045701572	-0.08349663637644307	-0.04969106716464074	-0.010680976909086495	0.0010604401055872546	-0.058280002165130435	-0.035666670384078766	0.011743304893004614	0.017513869136004976	0.04368720062623828	-0.00048362921809877245	-0.006707031779116271	-0.008189167914013803	-0.019196264184308136	0.014794673095580727	-0.038342576286112894	-0.005708374455125309	0.04161815071789813	-0.02149544854579238	-0.02129636050761889	0.021205368221155	-0.006951095057281319	-0.0072518167173670055	0.01668464303099925	-0.015037150757954889	-0.013800705302242651	0.0	0.0	0.0	0.0	0.0	0.0	0.0	0.0	0.0	0.0	0.0	0.0	0.0	0.0	0.0	0.0	0.0	0.0	0.0	0.0	0.0	0.0	0.0	0.0	0.0	0.0	0.0	0.0	0.0	0.0	0.0
jr1126	-0.15900229438557992	-0.07592500216532921	-0.12755448754506957	-0.16660725778317767	-0.055852418757864314	-0.010844969653306783	-0.03430962790459	-0.13955062505877192	0.13461596862659755	0.18012207877809805	-0.14937648837118914	0.15699939945176616	0.06453632916254792	0.06348471130147218	0.0717781735550273	0.1247533121693529	-0.02474900416325506	0.140683934084371	-0.018482903149571846	0.09830554005996608	-0.005133846811259984	0.03824419570829906	0.03434863476436538	0.03326221921939391	-0.03337288496556195	0.11106467481324214	0.04019096151759439	-0.08621799101452078	0.04708252817254631	0.05782457932976008	-0.17087237688762275	-0.04899582766252056	-0.02571772039477491	0.02608997948113438	-0.09939614153844599	0.008437920861344426	-0.0018349243733902967	0.013380707987067308	-0.029004274144880722	0.005991307876293905	-0.021009662066077735	0.023357222025569672	-0.00814117094854669	-0.0008132934664683535	0.00010562131837449778	0.006838285715597892	0.007944076530730182	0.0	0.0	0.0	0.0	0.0	0.0	0.0	0.0	0.0	0.0	0.0	0.0	0.0	0.0	0.0	0.0	0.0	0.0	0.0	0.0	0.0	0.0	0.0	0.0	0.0	0.0	0.0	0.0	0.0	0.0	0.0
jr1127	-0.07790970182140078	0.013813283070984178	-0.09239382410187773	-0.08777779443416656	-0.3259278361352516	-0.015955400450592874	-0.04116099436472117	-0.007866364503260703	-0.009172392153701272	-0.11940681557652184	-0.15962938827270798	0.033380508985663436	-0.10132485917361463	0.14891129823136207	0.0918888761596283	-0.043157466934272894	0.015692888253592056	-0.09480778406300742	-0.11986810883981372	-0.0689496441569583	-0.14605123482809643	-0.07825213025176374	-0.0728538095395999	-0.021825357441993584	-0.0010247371765279643	0.07836710981050138	0.013165992789028963	-0.02566852688127557	-0.044378372744887325	0.0298623854342777	0.01394137732451521	0.00032145809569569133	0.01966121734046259	-0.07098780880393413	-0.031160875885594966	-0.007464958551788451	0.009038945461098444	0.010558360228236734	0.020777494138002173	-0.002649180678652936	-0.009585364179133138	-0.01597058446137463	0.004705530280096103	0.01682538409292704	0.0068297983674561295	-0.01261630069054897	0.00027914172738476413	0.0	0.0	0.0	0.0	0.0	0.0	0.0	0.0	0.0	0.0	0.0	0.0	0.0	0.0	0.0	0.0	0.0	0.0	0.0	0.0	0.0	0.0	0.0	0.0	0.0	0.0	0.0	0.0	0.0	0.0	0.0
jr1128	-0.20207481411847858	-0.12462093536489476	-0.1577912699216663	-0.026233214976347494	-0.18058803955468844	-0.07187861831937425	-0.037718688846672836	-0.17657349960950353	0.16856129546173776	-0.0837412922845341	-0.0035516813152637592	-0.0356601613898868	-0.014732314909713726	-0.00032372711912915397	0.037202030648830334	-0.1268624735215901	-0.018086540008285204	-0.046002951906985334	0.012883355974952927	-0.00483259535095509	0.010702840702035856	0.0928662054499907	-0.0643709753463008	-0.01626445592178425	-0.016158527618782437	-0.034564598830102045	0.11429985241684482	-0.03727295074428162	-0.032704805379983014	-0.10390444887730627	-0.02543569572587961	0.030937763346832774	0.0012409956390200113	-0.0002739853255717181	0.07194932598144882	-0.021112480683015064	-0.020506293275307303	-0.00894750739390465	-0.03945420757432627	-0.023447849895131993	0.01755668302439806	0.031023972928113697	0.02905709389844939	-0.0012301336760601187	0.0038174669306226656	-0.0019873393292391874	0.006648862778598195	0.0	0.0	0.0	0.0	0.0	0.0	0.0	0.0	0.0	0.0	0.0	0.0	0.0	0.0	0.0	0.0	0.0	0.0	0.0	0.0	0.0	0.0	0.0	0.0	0.0	0.0	0.0	0.0	0.0	0.0	0.0
jr1249	0.2548795926452325	0.22209929551697993	-0.020711821111349844	0.10332119606066166	-0.03572921835490181	0.09596953506343857	-0.026406897696857258	-0.050696030332647336	0.04788532542692601	-0.003616325060890057	-0.060897324334121844	-0.05105180691942272	-0.2385149014146339	-0.10475256671715465	0.03440412007290926	0.03258258351320532	-0.18240419421526868	-0.058183372396995926	0.11377797216210568	0.0401457505985173	0.057982053052765756	-0.06452797886942371	-0.039650740899433747	-0.10588683034735934	-0.008777846933625962	0.027222612663538495	-0.044716915007274184	0.07298180610538543	-0.05236359659744528	0.02222401172197408	-0.04479409295130918	-0.04695352245830485	0.03404867955784187	0.008737218746887716	-0.01809519918998385	0.01330320875098969	-0.0034910587954993587	0.045207346104307045	0.04506051326073858	0.0011203093684060998	0.02312938936270192	0.04521536681822963	0.028912571815494396	-0.01362771974497511	0.023462784877568733	0.009125669951732333	-0.0022936152504901873	0.0	0.0	0.0	0.0	0.0	0.0	0.0	0.0	0.0	0.0	0.0	0.0	0.0	0.0	0.0	0.0	0.0	0.0	0.0	0.0	0.0	0.0	0.0	0.0	0.0	0.0	0.0	0.0	0.0	0.0	0.0
jr1250	-0.00461284856007067	-0.13218566857877112	-0.24042102446579736	0.14624470586084995	-0.01051940878635029	0.11109932369442786	-0.07163511131014758	-0.10697750967616149	-0.20648235654792227	0.023754092758516945	-0.08885057125853446	-0.03992097456645483	-0.06056846923314041	0.043494790245656716	-0.0992485590013537	0.16258862719026262	0.05962649141610681	-0.12950772317637513	0.0008691620550376975	-0.0016472541796912806	-0.02236414290510686	0.08758943126595829	-0.11461496650547517	-0.011132108407809663	-0.18588232671143792	0.013266179942248494	-0.07256408961214256	-0.051154931323240144	0.0833749578267767	0.04244813454526395	-0.007725680418909191	-0.015212645263701734	-0.019138024370636476	0.005045901961273676	0.06452118363046898	-0.005771112820495494	0.011917109147911211	0.005639238192329447	-0.0150519154325019	-0.016811323632490716	0.004557029411062168	0.020328256592547396	0.002399224105553874	0.0031883589096000386	-0.008572666813491017	0.006052106098935191	0.004795772785844077	0.0	0.0	0.0	0.0	0.0	0.0	0.0	0.0	0.0	0.0	0.0	0.0	0.0	0.0	0.0	0.0	0.0	0.0	0.0	0.0	0.0	0.0	0.0	0.0	0.0	0.0	0.0	0.0	0.0	0.0	0.0
jr1251	-0.3103726384725566	0.1480905114222832	-0.35135284721017984	0.18718145008532727	0.058682437718900575	-0.05696400647343135	0.10822072968457289	0.1960218978031949	0.003482758732803112	0.0801944889954965	-0.02593313000731079	-0.02617773239859096	-0.0051417945364929055	-0.10315654473585396	0.1207208220807893	0.013533924378152554	-0.028057299113908012	-0.10305932646134894	-0.11365649070735385	-0.052620212047645956	-0.1056229016607363	-0.04700164490575138	0.024456873673038622	0.0039279529396871495	0.05262521742025054	0.02566487344718218	-0.017560023746296737	0.013829800417376683	0.008074945445784004	-0.016803849899229947	0.023349379193067732	-0.03824260624540104	-0.021755379090338714	0.030307404557314996	0.002731481537823904	0.026124100277110797	0.029011619513770504	-0.008334665709411219	-0.0019565527869176173	0.02092455482634882	0.0029644292208724663	0.01282455401705219	-0.02498465755794345	0.00627648231918152	0.009863507193565916	-0.015676330880610448	0.008530814391063294	0.0	0.0	0.0	0.0	0.0	0.0	0.0	0.0	0.0	0.0	0.0	0.0	0.0	0.0	0.0	0.0	0.0	0.0	0.0	0.0	0.0	0.0	0.0	0.0	0.0	0.0	0.0	0.0	0.0	0.0	0.0
jr1252	-0.09771651434797456	-0.14839266151398875	-0.1787731262767985	-0.056753427502302986	-0.08702108541581836	-0.05900714935920871	-0.020002752414227054	-0.3148326286703604	-0.08345653141608432	0.09685412141556964	0.08055510214674948	-0.11039313357982959	-0.05828855280984519	0.05137018017274372	-0.07373778586249775	-0.12718844083924438	-0.02245571620835414	-0.019940373142327012	0.13375728675902668	0.06447967656623271	0.019396826269310677	0.06860922705220619	0.036039850166382004	0.1055996071546692	0.02684470558842341	0.005141245088682589	-0.024267831602309373	0.040630411256079316	-0.05378378611796072	0.010942271901577465	0.02925005900978979	-0.004714838716486514	0.02271085916408254	-0.02535016731232306	-0.05131022347484807	0.02504577481607566	0.00942179491092309	0.03841759249689578	0.005959955205171029	0.012307405308716518	-0.009226825011439498	-0.02639998108367757	-0.01472294400273948	-0.004073829211630319	-0.013581405130346958	-0.01461861983600498	0.0012254442549067828	0.0	0.0	0.0	0.0	0.0	0.0	0.0	0.0	0.0	0.0	0.0	0.0	0.0	0.0	0.0	0.0	0.0	0.0	0.0	0.0	0.0	0.0	0.0	0.0	0.0	0.0	0.0	0.0	0.0	0.0	0.0
jr1254	-0.3644179172476177	0.18572121893842436	-0.3071116397255322	0.18856866465712233	-0.04347250632203188	-0.018464632016342564	0.08144454789099913	-0.024577729687999424	-0.02715944581811513	-0.06760919240897288	-0.015317349213563662	-0.06500006019296939	-0.04280478526804155	0.0759673701185926	0.03090599376340186	-0.03596695341708429	0.002225689891315494	-0.0047013251761034765	0.06216784544469501	0.07842359782102849	0.06758331471752112	0.006918135404160086	0.016125491064744153	-0.06636710330949717	0.04130314562502644	-0.03420950187272207	-0.02410829752366909	0.021430337336554868	-0.013150067157879653	0.002759666379667265	0.011416158382767725	-0.020836905388014405	-0.01496537960750102	0.05754663467972037	-0.033285143994782	-0.04751677075559263	-0.03585775542703761	-0.010874626219438731	-0.005396811337185183	0.008143512930501588	-0.022665191295680433	-0.019219685032987367	0.018509379257475304	-0.0025450908621222216	-0.008957084069848768	0.0007986357922943983	-0.010716324521279866	0.0	0.0	0.0	0.0	0.0	0.0	0.0	0.0	0.0	0.0	0.0	0.0	0.0	0.0	0.0	0.0	0.0	0.0	0.0	0.0	0.0	0.0	0.0	0.0	0.0	0.0	0.0	0.0	0.0	0.0	0.0
jr1255	-0.4468839931231215	-0.09415058875291266	-0.33429589256312664	0.1612399424436161	0.041360280155048806	-0.011645689155948569	0.064270430533103	0.039920760612767496	-0.07485708725652854	-0.006012275326487765	0.024862977931049145	-0.0292536097861593	-0.005890004244242822	0.06409179936428128	-0.0198186075755399	-0.025838466177794474	0.053747512649328734	-0.012703138888403815	0.04251242995488058	-0.02052419171906785	0.046441482997001474	-0.024237541112314517	0.03131199108211607	0.004055864271520631	0.051865190188630214	-0.02508682062338995	-0.017248629139724164	0.02568764695891688	0.02608957550140248	0.04792620160143108	0.00838832470021928	0.010150830603621073	-0.00016873464479801576	0.040630677859446795	-0.03013604894557492	0.018869262186456178	-0.003865777680901363	0.005210066779273591	-0.008806267463736285	-0.06536963856751463	0.015563768704765894	0.005365006237347289	-0.014122317470028652	-0.004907121341920451	-0.0303168252159548	-0.008124955385121818	-0.0026180419580679433	0.0	0.0	0.0	0.0	0.0	0.0	0.0	0.0	0.0	0.0	0.0	0.0	0.0	0.0	0.0	0.0	0.0	0.0	0.0	0.0	0.0	0.0	0.0	0.0	0.0	0.0	0.0	0.0	0.0	0.0	0.0
jr1256	-0.034444708542281	0.18018810622730375	0.037490623192354126	-0.011626905479373839	0.1633210100980949	-0.20330162083236702	-0.05565444744403815	-0.07448670584888555	0.1439785667212116	-0.0650346812541627	-0.13700690079472885	-0.1062465136090112	0.1000701110300385	0.02334438116018489	0.2430367031981925	0.042576384317345374	0.036816975235535905	0.022167598756477638	0.0218203904643003	0.13294784203460616	-0.08405966047895734	0.013517577096949757	0.0240203494805114	-0.10797615234112996	0.09657034102521347	0.08388419664565286	-0.07330632943956854	0.05928753233668382	0.05493942337448952	0.01164989908031521	0.04514657997774419	0.06493430992717569	0.0006851098287246995	-0.03871917146187486	-0.0013491806701854015	0.0022531921670000425	-0.06627294646550269	0.013780630135931608	-0.029992787912951777	0.0052708244049479444	0.011849123237694579	-0.01684708318822381	-0.017211294003277235	-0.02152392600124256	0.016500286762888564	0.005690426234521926	0.005078470560442353	0.0	0.0	0.0	0.0	0.0	0.0	0.0	0.0	0.0	0.0	0.0	0.0	0.0	0.0	0.0	0.0	0.0	0.0	0.0	0.0	0.0	0.0	0.0	0.0	0.0	0.0	0.0	0.0	0.0	0.0	0.0
jr1257	0.17768866448081203	-0.1152876427150607	0.000668357270736216	-0.27247928557469275	-0.1862594670649363	-0.10509290774019078	0.13711898251006138	0.06659945420234874	-0.011235102537121625	0.2140805524522523	-0.09276391827271421	0.1753955358935398	0.01393015514784163	0.1257640786233939	0.08885856628997814	-0.09296606142352043	0.015465543163912406	0.033173788558346705	-0.09787469882573879	-0.048462773021192625	0.19464662604656024	-0.0258256962111819	-0.06230671838877433	-0.049782967120285286	-0.062264400206873446	-0.02331000165518732	-0.05935573259809771	0.06980003553299044	0.054694203271553325	-0.06138148483883006	0.0002254826800558855	-0.03536202806830045	-0.065101588709327	-0.009501396937527433	0.03309908763470273	0.037825395122159655	-0.007932106665908201	0.013765788263490166	0.04288165568967377	-0.011526374488424623	0.003557395170422914	-0.0058454509090120985	-0.022889477240447993	-0.0056768985700395595	-0.013393709409142182	0.0165632500311761	0.0071616305825297245	0.0	0.0	0.0	0.0	0.0	0.0	0.0	0.0	0.0	0.0	0.0	0.0	0.0	0.0	0.0	0.0	0.0	0.0	0.0	0.0	0.0	0.0	0.0	0.0	0.0	0.0	0.0	0.0	0.0	0.0	0.0
jr1258	-0.219998147447409	-0.07202977453025987	0.38222648351436533	-1.5397419004819568e-05	0.126862371874413	-0.0625082043474824	0.12019524151810707	-0.03380558399629601	0.010992770311789845	-0.008176783513937412	0.1943308951568543	-0.08174790980261726	0.07279310946339036	-0.0653292159715383	0.035458307990622606	0.06280373633082921	-0.035862261105030414	0.02197799277556493	0.0161608953778839	-0.08760580650860599	0.17386878686195997	-0.10288478671734616	-0.06213593685090194	-0.07837614161971489	0.02098369641660459	0.11848273892557233	-0.03952622905410685	-0.07432929353286175	-0.04613889815786153	0.03297052057954625	-0.09930946240763093	-0.03383074737687875	-0.015300897760031807	-0.06712663471868227	0.04785864300070598	-0.05674384765064203	0.0359165941665765	-0.03206643213918869	-0.04357996326782499	0.0009670896117313934	0.023545650522359563	-0.010231414335784662	-0.005867505574074818	0.0010130066889220113	0.005635319035913612	-0.022493054087692754	-0.0015674726724589098	0.0	0.0	0.0	0.0	0.0	0.0	0.0	0.0	0.0	0.0	0.0	0.0	0.0	0.0	0.0	0.0	0.0	0.0	0.0	0.0	0.0	0.0	0.0	0.0	0.0	0.0	0.0	0.0	0.0	0.0	0.0
jr1259	0.02499041956806624	0.36021698840173955	-0.011621958411170414	-0.02136503294267221	-0.03838884691596837	-0.13481456936829686	-0.054084039118483695	-0.11457312646780712	0.12193337233334918	-0.010927473556277021	-0.03944532600109449	-0.07161749841663241	0.031968352506045114	-0.009111370871400255	0.007277970848297662	-0.03541109238772158	-0.08694320496259458	0.02853510547146588	0.07233705575636466	0.016743110552643613	-0.06009974250404302	0.016739014781068873	-0.008730180991021816	0.058264828502499165	-0.05637409368200369	0.036437086207173244	-0.009012508896168114	-0.07796213047596008	-0.06795261640610804	-0.12569782724976472	0.04006232262588505	0.027318634822264373	-0.04926461004235537	-0.031436467575960914	-0.04884960896844555	0.0235702246557349	0.1188894989469649	-0.013060364136377943	0.04529918603570739	-0.059888410066193914	0.027199955184822475	0.005646226148001571	-0.026275832694573537	-0.004891291624721793	-0.00907299795687554	0.005025047039390652	-0.0025793867187072256	0.0	0.0	0.0	0.0	0.0	0.0	0.0	0.0	0.0	0.0	0.0	0.0	0.0	0.0	0.0	0.0	0.0	0.0	0.0	0.0	0.0	0.0	0.0	0.0	0.0	0.0	0.0	0.0	0.0	0.0	0.0
jr1278	-0.3670735047849843	-0.11642472989755229	0.2925196543976022	0.09987372071684515	-0.007039254412463028	0.02937899075170026	0.052940125314066944	-0.018287406916243074	-0.008357118915341293	0.07685333490251368	-0.055450854341787745	0.007433087036559591	-0.14725755674747773	-0.010600424227145168	-0.010719990070497946	-0.08831680113841182	-0.04354079272705426	0.04840029001919184	0.07048085166564941	-0.02179198785746874	-0.03156020597747268	0.10220050405887691	0.015449712732810051	0.1134272312829473	-0.0717153085084638	-0.020543558348927755	-0.015001542103457369	-0.056014229164758574	0.031452031275701155	-0.08056391568736222	-0.025231419487561503	0.0047697782622984795	0.11848809681646547	-0.023835556620638618	-0.03684341026171166	-0.03657714317741498	-0.03398623777604844	-0.009196078262428766	-0.010275499196830363	0.00299131904182392	0.02737231496333339	-0.0061964242742826425	-0.0053902279258899255	-0.003927470061887765	0.019551895831832315	-0.00536516415157865	0.00019769414843169838	0.0	0.0	0.0	0.0	0.0	0.0	0.0	0.0	0.0	0.0	0.0	0.0	0.0	0.0	0.0	0.0	0.0	0.0	0.0	0.0	0.0	0.0	0.0	0.0	0.0	0.0	0.0	0.0	0.0	0.0	0.0
jr1279	-0.36221196118785787	-0.13116583750219749	-0.1106239396845473	0.13264801188952502	-0.032682493507333016	-0.07561665394348259	0.18455511743967662	0.13732057675368023	0.012273936194436542	0.056886249175525004	-0.00494808289645966	-0.014521100250969424	0.03612614152625532	-0.0868040207402985	0.042529463629847004	-0.14204676110851303	-0.035110153625660674	0.053625876981538735	-0.0331038752490872	-0.06925353487108792	0.004364991947361836	0.057136129068596525	-0.04990662632720183	-0.0265906775413718	-0.05158139720695679	-0.047616194286063555	-0.01696190294267579	-0.05840260887400125	0.006515260295901587	0.06611858073808735	0.031230607599532785	0.03201854477377341	-0.020662545219046088	-0.03173717453609452	-0.031067533448176938	-0.03614154966132403	0.014302889334906001	-0.012318487496262909	-0.010561830621201765	-0.00780407774184907	-0.012950465309305478	-0.020430595281156306	0.024498937380433624	0.047662880710053895	0.011938637700995595	0.03391593818210575	-0.004542388855512558	0.0	0.0	0.0	0.0	0.0	0.0	0.0	0.0	0.0	0.0	0.0	0.0	0.0	0.0	0.0	0.0	0.0	0.0	0.0	0.0	0.0	0.0	0.0	0.0	0.0	0.0	0.0	0.0	0.0	0.0	0.0
jr1281	-0.3587664535605879	-0.08196081144304586	-0.3861350323107024	0.14460990020072634	0.13099883801329631	-0.07961636892323032	0.06813661636355832	0.10590409683797701	0.006109680451215411	0.054922621979953026	0.012723218800872538	0.035412914072626867	0.062288741633970475	-0.13376970530304746	0.028959060935464655	0.03292975802795575	0.012123425049193684	-0.00645873076576084	-0.04393234798962133	-0.05837225982093886	-0.04261890953632906	-0.03966558952913648	0.010228577465342295	0.06971738715841916	-0.0031845879031489463	0.03512500631019446	0.0012472778809635252	-0.013621965177264784	0.004641144556437802	-0.05396564393840869	-0.015554120131388367	-0.02148954129036539	0.03339856152212068	-0.01681445128366587	0.015443186410869112	-0.014621487524806964	0.009741597415377464	0.03677363419832056	0.01024175392449355	0.01706018579873053	0.0182278524699855	-0.022673820096496107	0.024866458416231748	-0.03487264229362364	-0.00769614696655972	0.022103053303543486	-0.017213399836354906	0.0	0.0	0.0	0.0	0.0	0.0	0.0	0.0	0.0	0.0	0.0	0.0	0.0	0.0	0.0	0.0	0.0	0.0	0.0	0.0	0.0	0.0	0.0	0.0	0.0	0.0	0.0	0.0	0.0	0.0	0.0
jr1282	-0.44940336506074063	-0.08100566838351364	-0.25767490434918894	0.18398026952364852	0.11369818278679818	-0.012158344243931358	0.09189832060440088	0.14510138706363124	-0.021827365074927878	0.07135672289547884	0.015238224262059584	0.03584915572179972	0.02941046163638122	-0.1435670940093233	0.014613498816076424	0.010760946684711817	0.014346398313533126	0.05659713037747588	-0.04288034053616375	-0.03938058732870688	-0.01378901267886091	0.0027708900633584958	-0.02011106863068571	0.028066181719126046	0.022535980907898653	0.0094147098965579	-0.005978435235308186	-0.004703288880263253	0.006505987253353441	0.026930823274833215	0.04087325236959521	-0.020554170024344492	-0.0026195446013136227	-0.036789948426599085	0.008181329397365197	0.0028204040691260836	0.0036865243727617733	0.002767825775819601	0.03301755402166615	0.015018375854033015	-0.0010863291657320566	0.010947505465479436	0.007592660852563191	-0.0012006445340681507	-0.003917990380305683	-0.023525879114479405	0.01421752303975821	0.0	0.0	0.0	0.0	0.0	0.0	0.0	0.0	0.0	0.0	0.0	0.0	0.0	0.0	0.0	0.0	0.0	0.0	0.0	0.0	0.0	0.0	0.0	0.0	0.0	0.0	0.0	0.0	0.0	0.0	0.0
jr1283	0.05447896093052043	-0.008065232663396878	-0.026862420305083436	-0.20198330404625123	0.12279216193546282	0.00675085713033229	-0.1965208348088393	-0.14444481306737111	-0.3283649502221015	0.2585614297980893	0.2189717136481411	-0.05449787731740491	-0.08148232073674667	-0.014037883396773754	-0.08093653488554359	-0.1930298958784162	-0.1037006837259274	0.10715749466229205	-0.15070535409393013	-0.003909421215426177	-0.18937152116732245	-0.08859529484954438	0.02896424956306557	-0.1284400871016879	0.07407270672229183	0.031684097483763246	-0.021913351701036855	0.006603691661568877	0.04200589755459501	-0.05609255535511655	-0.05409505758838879	0.06155689331992061	0.014855271714416578	-0.04018510882118151	0.010919437023294664	-0.018830107627011976	-0.010456706580436693	-0.021164482339427835	-0.004591384994814598	0.0018744119304179344	-0.02247130961887283	0.020082522726491234	0.00553307236455478	0.0038084365478311616	-0.014493089565455603	0.007857391552528705	-0.006384153838875343	0.0	0.0	0.0	0.0	0.0	0.0	0.0	0.0	0.0	0.0	0.0	0.0	0.0	0.0	0.0	0.0	0.0	0.0	0.0	0.0	0.0	0.0	0.0	0.0	0.0	0.0	0.0	0.0	0.0	0.0	0.0
jr1284	0.2619468434211566	-0.15135882358172495	-0.1655648938879022	0.309121313413361	0.1232988590312878	0.17446056509544777	-0.006569257900538757	0.0751683564649292	0.12322963532584051	0.09558798276309441	0.023956811473629897	-0.00748967061696096	-0.165652761984777	-0.0460922280519391	-0.013423380470162897	-0.03652085761126054	-0.11232891082684394	0.013532730805746067	0.027448456506362726	0.0014816089545445575	0.07158433517221008	-0.03190105743888158	0.00983564585133576	-0.060572529033637926	-0.05456348881747919	0.02166256971653533	0.05812486995516414	0.0696935152437472	-0.031136452139745967	0.07538303359902669	-0.052005900715398234	0.032601203650842056	0.03206204432190575	-0.007757982540363357	-0.02785961517158477	0.012182192309378495	-0.018160928214644205	0.0226987804909482	0.016044817170385212	-0.03714128496380804	0.0015458098168601624	-0.017864349283611924	0.0028287558210954647	0.01432977297554823	0.0014423797545703061	0.004046601421211725	-0.003055092903747109	0.0	0.0	0.0	0.0	0.0	0.0	0.0	0.0	0.0	0.0	0.0	0.0	0.0	0.0	0.0	0.0	0.0	0.0	0.0	0.0	0.0	0.0	0.0	0.0	0.0	0.0	0.0	0.0	0.0	0.0	0.0
jr1285	-0.36922481042200317	-0.09295407997580991	-0.41916641674359606	0.14416058424234962	0.10031715066372579	-0.0835473900618178	0.061163957081280855	0.03678445940786963	-0.010308595275925257	0.014241097400136639	0.05284575309275393	0.01838292144169322	0.06120266702064539	-0.07813049052086957	0.01731518268164997	-0.02930869865982708	0.017928941571772803	0.0028046117714183396	0.02780609382113482	-0.024925593749196454	0.053576770557907855	-0.025039427847793453	0.058769541191977005	0.07883631969847729	0.05983400562206826	0.007941551468794083	0.035451542639165515	0.008226407278771587	-0.008736198492878005	-0.0554349055456386	-0.03726601414387472	-0.030417973167818482	0.01739902069673173	-0.010247934850804243	0.04002711826249944	0.03644486056960304	0.0006511932482359794	-0.024031217534931797	-0.0089574358653008	0.02301395153596564	-0.0011647428331267918	0.027210999962084464	-0.023148272440472063	0.006167993824756614	0.01957195681367638	0.006405693882460478	0.005730919798778977	0.0	0.0	0.0	0.0	0.0	0.0	0.0	0.0	0.0	0.0	0.0	0.0	0.0	0.0	0.0	0.0	0.0	0.0	0.0	0.0	0.0	0.0	0.0	0.0	0.0	0.0	0.0	0.0	0.0	0.0	0.0
jr1286	-0.0026483319844048518	0.4153570107390651	-0.18904169947953076	-0.18456327356875948	0.19436605532475093	0.27568878325830926	0.22003352545473767	0.0593998086977331	0.054102739719962815	-0.09848359216040783	-0.03725417096193138	-0.09173298499493528	-0.04683964392183012	0.008704894473402124	-0.01556131906427917	-0.08883322660660058	-0.045365753247313616	-0.03680716714249888	0.006700306185789548	0.05061203260552454	0.010425208329081222	0.03399756364138697	-0.0511119727408916	-0.052119967111845404	-0.049059170978719556	0.0150430117891737	0.05005053231421462	-0.021463391293329925	0.04147722648816759	-0.038402097336660924	-0.023786633669525728	-0.02541799155814478	-0.02315199953030017	-0.008643853943856052	-0.011170002989093685	0.017438037604996473	-0.02168707320396172	-0.03407328497417512	-0.011048423397853587	-0.007802024514264302	-0.0005861504454593466	-0.02338614651281444	-0.005203298973147262	-0.0014256507708484969	-0.013393392272012422	-0.0006026235828556377	0.0023190420659628054	0.0	0.0	0.0	0.0	0.0	0.0	0.0	0.0	0.0	0.0	0.0	0.0	0.0	0.0	0.0	0.0	0.0	0.0	0.0	0.0	0.0	0.0	0.0	0.0	0.0	0.0	0.0	0.0	0.0	0.0	0.0
jr1287	-0.002016957418756111	0.4783975496188522	0.01819175091280111	-0.06770521192184328	-0.13467152027910267	-0.03597252929748978	-0.03277812930704239	-0.043707034275377164	0.1862882276773441	0.14023370205694205	0.03517052201366688	0.03675663465923026	0.017727075663635395	-0.009082378888525363	-0.05459964666155303	-0.009952778961699169	0.10415354474495492	0.06914205182494589	0.027542040327465732	-0.07766517200696954	-0.01683806070486105	0.06664850905801459	0.006968344698084781	-0.013182294002700838	0.06378559968224186	0.04822596441070149	-0.03578929880375642	-0.0031514327965122	0.02516669651235527	0.01472017954990042	-0.00014276014933748218	-0.013881473811300369	0.016473317907163068	0.08035740101900532	0.00034799602677586716	-0.02263109959957524	0.008427644066160069	0.0035333145681573346	-0.006942705892521252	0.007066971320334891	0.0036903545170414173	0.011895544134201179	-0.0025953309899900026	0.01841656737180397	0.01407631172669533	0.001208444995452382	-0.013884722741320781	0.0	0.0	0.0	0.0	0.0	0.0	0.0	0.0	0.0	0.0	0.0	0.0	0.0	0.0	0.0	0.0	0.0	0.0	0.0	0.0	0.0	0.0	0.0	0.0	0.0	0.0	0.0	0.0	0.0	0.0	0.0
jr1288	-0.01644919950316043	0.033879561626344215	-0.006809895005163048	-0.13021390881814346	0.1304503470461637	0.0641100439791554	-0.14833779962280647	0.2134197240569733	-0.13649168406343265	0.0005692371278119734	0.4063751224388722	0.3733152055708665	-0.004407035794706088	0.13394148015798238	0.26857363204377743	0.04676645995252248	-0.058230130828789375	-0.10207329966650146	0.25181360728401986	0.011811890200028171	-0.07229870530025224	0.10972333276723144	-0.06775458783629679	-0.008781906022514418	-0.0241208734812972	0.03381059665011884	0.03604079137126873	0.00830563660198838	-0.00481618338169003	0.0031770096365333705	0.024267653764297098	0.022181496001231996	-0.002673931610189244	0.009937733375771609	0.0003921871512558705	-0.00035224298309067794	0.014070343188071049	-0.0018562225605930566	-0.0004361015541753238	0.008005622035686546	-0.004713207309040771	-0.0016850403770510276	0.0005510900253059726	0.0025257281310602864	-0.0009869066451471278	0.0001738208296608902	-0.0022147857782425953	0.0	0.0	0.0	0.0	0.0	0.0	0.0	0.0	0.0	0.0	0.0	0.0	0.0	0.0	0.0	0.0	0.0	0.0	0.0	0.0	0.0	0.0	0.0	0.0	0.0	0.0	0.0	0.0	0.0	0.0	0.0
jr1289	-0.2468031002193951	-0.035594099483668686	0.425098413361827	0.0750390853041662	0.2650273916803551	-0.13736826866061902	0.03130264605673951	-0.02722044726927241	-0.00709768413573896	-0.03862205024487968	-0.05475193149317559	-0.027102599260489444	0.056141719371438706	-0.027085584032522286	0.04313201172297826	0.001062904806436346	0.026602197043171134	-8.637797779790748e-05	0.038362792413542394	-0.03869679960027032	0.02764661587374404	0.003846699916194856	0.06853597105094245	-0.03797905786603472	-0.014563954139538749	-0.0604513699925434	0.08782951415918437	0.02045336979736231	0.04164132015548224	-0.040235635881710315	-0.020683128434992183	0.015165441041019174	-0.00313208947379765	0.012050719505769728	-0.01494540909629967	0.08672104302962468	-0.007597579152589936	-0.00902560675475536	0.04614822809771963	0.014663284974712273	-0.025732602716011094	0.0015636485313187624	0.029350395165870093	0.024754247294342873	0.0121273609052138	0.007830131203194628	0.004361690764433157	0.0	0.0	0.0	0.0	0.0	0.0	0.0	0.0	0.0	0.0	0.0	0.0	0.0	0.0	0.0	0.0	0.0	0.0	0.0	0.0	0.0	0.0	0.0	0.0	0.0	0.0	0.0	0.0	0.0	0.0	0.0
jr1291	-0.19521259421944037	-0.06888416592854155	-0.08338972123406146	-0.14069431733973914	0.06895986283938517	-0.02406085011678753	0.08901339025665286	-0.01881711291947986	0.24254980413020436	0.28266178108957823	0.1109946127357602	0.021145740301064187	-0.01001808994157441	0.06724620784812882	-0.07563421299542301	0.18390240135624691	0.12768466401582917	-0.1300720289634707	-0.07434552198838999	0.15884324235949207	-0.017184433520375016	0.04626560896865311	0.0673824430362982	-0.07257068535672496	-0.039810027705270055	-0.08531507766874279	-0.06164848248108511	-0.024968745952852367	-0.1426817611390296	-0.06225993299140273	0.04640898995175713	0.04064229844983707	0.02105490090056723	-0.03219386713482942	0.006154974049536072	-0.02876053014343642	-0.03518878771243854	-0.016429641306538168	0.010230184157126789	-0.008048514607090976	-0.020645348515756577	0.011993862380605043	0.012155912005268357	-0.004113811998034374	0.007068839966104414	-0.0007925224705603904	0.00923919409946942	0.0	0.0	0.0	0.0	0.0	0.0	0.0	0.0	0.0	0.0	0.0	0.0	0.0	0.0	0.0	0.0	0.0	0.0	0.0	0.0	0.0	0.0	0.0	0.0	0.0	0.0	0.0	0.0	0.0	0.0	0.0
jr1292	0.38516957337588725	-0.2030751406834187	0.02781795384691082	0.22081450170897438	0.005394269559471207	0.15468996481748293	-0.010001611322653984	0.08227867939734024	0.0849242610665911	0.03631525695555501	0.0935523888015308	0.039553462814209316	-0.12410656768366109	0.06275410409799521	-0.04889128995445149	-0.04628520089870855	0.01664868375165624	0.12903065002995376	-0.0012146827281229882	0.03517515481395359	0.015951245206373563	-0.11026038796445706	0.011759358035222326	0.05954191489683014	-0.0365057151487246	0.07159180061698571	-0.07296504433256247	0.034191495830489915	-0.01888403886639577	-0.02943976672630408	0.046928276208221584	0.03022400481507793	-0.02106104355887688	0.0020118784261061134	0.044625744066263	0.05051451128726155	-0.016020621708918308	-0.007256938253485343	-0.0030056678446199804	-0.0021596805344053244	0.018233908394366786	0.028999718029277515	0.002650548407250796	0.0027438589521531992	0.004320741747461226	-0.010547755648685483	0.005134095117505202	0.0	0.0	0.0	0.0	0.0	0.0	0.0	0.0	0.0	0.0	0.0	0.0	0.0	0.0	0.0	0.0	0.0	0.0	0.0	0.0	0.0	0.0	0.0	0.0	0.0	0.0	0.0	0.0	0.0	0.0	0.0
jr1293	-0.20508534780861923	-0.18955503113731773	-0.08974196859499932	-0.05449822809297153	-0.16960658276154902	-0.15379247372106017	0.11796603061388361	-0.17883913512445881	-0.11968851862055664	-0.17218501366099404	0.15235115957330284	-0.08530547285388602	0.08814754126162658	0.10809225418584309	0.02024340075825141	-0.04657242233885565	-0.005205568393355015	0.03318026162375926	0.07885522210925797	-0.016817926721635037	0.08400507977616373	-0.09207548170933619	0.09098651738635656	-0.06800499169682922	-0.0542097062024507	-0.038351878746213326	-0.05458116021280526	-0.02197514519067539	0.07154672128859693	0.04413323183893487	0.013269783299454425	-0.017769379836012678	0.06077880927184441	0.058311149422595035	-0.021946063227522544	-0.009275310464368976	0.0031896467691067028	-0.03410381681963489	0.015478729652507265	-0.009914062705815595	0.020089036439835367	0.006584040448030051	0.007893483827469908	-0.010583631568347098	-0.001065358901980285	-0.000606309460511621	0.001987334264734536	0.0	0.0	0.0	0.0	0.0	0.0	0.0	0.0	0.0	0.0	0.0	0.0	0.0	0.0	0.0	0.0	0.0	0.0	0.0	0.0	0.0	0.0	0.0	0.0	0.0	0.0	0.0	0.0	0.0	0.0	0.0
jr1296	-0.01215446267307002	0.40749024670094763	-0.04257741840626133	0.009812526143651384	-0.028188009467997356	-0.1817194212423549	0.03886798640178639	-0.018213940084519792	0.17763898025613972	0.027683075102795798	0.050540560002268926	-0.050374061311033405	-0.03164140167441398	0.01690226210144677	-0.12261764017236138	0.0434098152569372	-0.0346652797998328	-3.533361604980711e-05	0.04875044028328198	-0.04057968141450519	-0.07323655241342446	0.005082909850256291	-0.035024720981413404	-0.021247492860970017	-0.04291618179695213	-0.07202373032867111	0.08876397818530798	-0.018263032013626182	0.05286108068771515	0.0260069215817681	-0.03480677837804713	0.09450886302058362	-0.03469873250875459	-0.0004918261019225867	0.03892770827436519	0.020108560921199524	-0.03442698958266222	0.024460723630534247	-0.029793694658951674	0.04496854421088557	0.025412519147236145	-0.011187935921087128	-0.016982757697728577	-0.0033640752720863185	0.000949834002644166	-0.007718436271608701	-0.00448906973434957	0.0	0.0	0.0	0.0	0.0	0.0	0.0	0.0	0.0	0.0	0.0	0.0	0.0	0.0	0.0	0.0	0.0	0.0	0.0	0.0	0.0	0.0	0.0	0.0	0.0	0.0	0.0	0.0	0.0	0.0	0.0
jr1298	-0.22775027064741654	-0.08855911951730373	0.05763958533688037	-0.005721982748944294	0.053871218150105614	-0.06473397506335643	0.015344543538132723	-0.02463097620944055	0.009186628286890092	-0.021154241766137387	-0.032038629978764915	0.024442574767180186	0.11641200748720198	0.012046047731971201	-0.04589041948316729	0.13564366386951854	0.02418641523632896	0.219206952741737	0.06356045717652456	0.07141789452394881	-0.18141241648478	-0.12064764991732174	-0.26724890558293396	-0.06516058642540844	-0.019981663941577445	-0.16911685439591584	0.011056490402657935	0.10397071599319589	-0.052725046593262895	-0.004470258507892791	-0.021238287732537116	-0.08464371214886085	0.05469051931568887	-0.01135460875915745	-0.02473081186276827	0.025374635452004246	0.014135216401750316	-0.017125875236672004	-0.011227947392100434	0.0015192438133081424	0.01281390916440397	-0.0028185295393434815	-0.008815372949165757	0.010933288609486662	-0.008601967151080499	-0.004020787972906763	-0.0004157178154379335	0.0	0.0	0.0	0.0	0.0	0.0	0.0	0.0	0.0	0.0	0.0	0.0	0.0	0.0	0.0	0.0	0.0	0.0	0.0	0.0	0.0	0.0	0.0	0.0	0.0	0.0	0.0	0.0	0.0	0.0	0.0
jr1299	0.05124696966995933	0.5826549483777315	-0.007175473337386473	-0.037287377901892266	-0.061270297545256446	-0.008392627327090374	-0.11213139922223901	0.005733253864613811	0.029020264113400543	0.00800676033106379	0.10726814617234683	0.013907594668098546	-0.01265680410759291	0.024357528333331224	0.09156472020364212	0.031747299630877274	-0.0016349486238241618	0.11384171116322968	-0.10792452253466468	0.04181100316066462	0.05816647833822405	-0.04142297057564551	-0.015020177799504009	0.14974967226723812	0.048657678139912855	-0.0931466498494472	-0.02825219235155047	-0.05458347985161905	0.026580365045905472	0.09074820252801458	-0.06173986937825277	0.09929220219654818	0.01746231729667705	-0.006365374700696201	0.0235899194882192	0.03778325172985191	0.0036890480612313307	-0.011604038975749915	0.04893713572559695	-0.022623890305038332	0.022458511295185224	-0.015434833275925666	0.021709861662874044	-0.010916451937339903	-0.012768302419335482	-0.0014620810986967043	0.01375988924705105	0.0	0.0	0.0	0.0	0.0	0.0	0.0	0.0	0.0	0.0	0.0	0.0	0.0	0.0	0.0	0.0	0.0	0.0	0.0	0.0	0.0	0.0	0.0	0.0	0.0	0.0	0.0	0.0	0.0	0.0	0.0
jr1300	0.4258040438699574	-0.21239114391062133	0.03570060043633105	0.14924509862189342	0.13093340532389885	-0.01898219618241281	-0.044795744072883927	-0.026751165603400465	0.07999615978717768	-0.011496808759940788	-0.09503019849229419	0.008317498789018567	0.017717497682297703	0.06510315208711492	0.09211412779429476	-0.03354081585906304	0.01870587901188777	0.0492857318872447	0.028432145731531102	-0.04961655789378655	0.002213009028085134	-0.019120714592812265	0.02011019769573954	-0.0081424571269224	0.035974187286032265	0.005548972995526172	0.04871961404530716	-0.06052250307981589	-0.01987244506622703	-4.545924820863752e-05	0.016200245177700627	-0.014957049403706776	0.05917635919712541	-0.030986147593483754	0.007251523706381759	-0.02271180677462731	0.006030923068780093	0.03459431434417719	0.018787063103774773	-0.006250718902107533	-0.007743996043091569	-0.03961564368836519	-0.0034673830647113098	0.009752781441487017	-0.001192301117172665	-0.013732932355211776	0.013442406668033764	0.0	0.0	0.0	0.0	0.0	0.0	0.0	0.0	0.0	0.0	0.0	0.0	0.0	0.0	0.0	0.0	0.0	0.0	0.0	0.0	0.0	0.0	0.0	0.0	0.0	0.0	0.0	0.0	0.0	0.0	0.0
jr1301	0.16967355749088886	0.022626192516887435	-0.06307314346825175	-0.3313576782609946	0.2678717852728095	0.26609220413428936	0.18988748028901714	-0.04085441010161042	-0.07158943905489838	-0.11816382500349971	-0.07021595267261747	-0.0783172240849903	0.09429005966457492	-0.011305643368839664	0.013827788371961011	-0.010148133165230501	0.06355860091480635	-0.016402439515338336	-0.00405085219794908	0.008177721888161673	0.01639352679263102	-0.037621575079960015	-0.07233250524959246	0.11016206368232648	-0.062341562978886635	0.10529504126728832	0.047324643125716756	0.05737659045173207	-0.04073299661247246	-0.012050172044967349	0.014496091644260556	0.007760331133483018	0.025978454248494102	-0.01794955504078189	0.016594368497874983	0.012254880006875203	-0.0211380625241301	0.013909581723186506	-0.017500546757974793	-0.0140916119785072	-0.03441595282902735	0.014871835529367144	-0.010456385857317922	0.016746691857251663	-0.0014493258286697962	0.0073561070298822995	-0.005937468243521545	0.0	0.0	0.0	0.0	0.0	0.0	0.0	0.0	0.0	0.0	0.0	0.0	0.0	0.0	0.0	0.0	0.0	0.0	0.0	0.0	0.0	0.0	0.0	0.0	0.0	0.0	0.0	0.0	0.0	0.0	0.0
jr1302	0.4390349096464944	-0.18337245461534638	0.029831499317134056	0.19812072201949085	0.15010130090529256	0.03046387923737017	-0.03628831186473975	0.015442284525617822	0.025803385179838326	-0.03907394927459492	-0.028859416595467032	0.026629111109303112	0.051048979124890564	0.08679036924879159	0.07430161965724581	0.010320124674593983	0.07102434584482163	0.08564393111288253	-0.039972385425303625	-0.054382361108661924	-0.0013430705685855526	-0.02364544226998634	0.0644932648728667	0.03690331866158996	-0.00266498351998367	-0.006625633140960865	0.0005388769930942925	-0.04407417106700849	-0.08451563485959647	-0.033144461190835715	0.004843238633277711	-0.018491349091051247	-0.06666321203738299	0.020448344638990635	-0.032241565522470796	0.06637755024640478	-0.036516223463901175	-0.0048957554175234905	-0.04060417720081524	0.0028524919079760533	0.0025460493858588443	0.016297205808434228	0.040577488804403476	-0.0017280410395975403	-0.01204496153899145	-0.009514644350028217	-0.016206631328077738	0.0	0.0	0.0	0.0	0.0	0.0	0.0	0.0	0.0	0.0	0.0	0.0	0.0	0.0	0.0	0.0	0.0	0.0	0.0	0.0	0.0	0.0	0.0	0.0	0.0	0.0	0.0	0.0	0.0	0.0	0.0
jr1303	0.413357815287839	-0.10476906062920852	0.041097494558565956	0.19875373474022165	-0.11259538119068115	0.05295531940492976	0.1308321427198307	-0.006462855011894938	0.002949916302658246	-0.036182963229730386	0.05903127773029626	-0.017063822364149297	0.055205994204617415	0.08115315627967552	0.08816884204529919	-0.048786274313825276	-0.046569138721599325	0.008725002216631278	-0.07224052400637845	-0.07275001247486329	-0.06820677463208422	0.006446965782934581	0.018712291787553674	-0.042065345932098375	-0.009162544957562555	-0.0778148759687105	0.07487954221441018	-0.05260653262505319	-0.05619070317052307	0.05535728522750642	-0.019707860795669163	-0.009074898277549764	-0.025091271802546094	0.020582911976776305	0.05009734292140571	-0.030668318656754463	-0.0349978992275339	0.009925916494524626	0.052326152303643354	-0.02643227519383525	-0.004957385885284166	-0.0007018026215974668	-0.026589127097693215	-0.0064688016814372406	0.02082650018387953	0.001388794432969862	0.005513405848820226	0.0	0.0	0.0	0.0	0.0	0.0	0.0	0.0	0.0	0.0	0.0	0.0	0.0	0.0	0.0	0.0	0.0	0.0	0.0	0.0	0.0	0.0	0.0	0.0	0.0	0.0	0.0	0.0	0.0	0.0	0.0
jr1304	0.40472209162148287	0.07601328761434635	0.011119985497064923	0.2488057646940222	-0.10197878883194848	0.0902478873930977	0.09278904717517156	-0.023097256589968092	0.058027944807792727	-0.011732340698874803	0.05567757985257919	-0.06393939975309056	0.007075048811311239	0.1075766676495209	0.10145318618745908	-0.050351808893325266	-0.03821502117439448	0.008804324509089136	-0.06250760831819116	-0.0003795947992363538	-0.01042475514960276	0.009814732074439603	0.0033781700273979296	-0.021370994547114344	-0.018832530086173152	-0.012276110354722322	-0.022516791638560806	-0.04409955727586368	-0.004159429537438198	-0.04599996160745335	0.03384998317388437	-0.03348442458618569	-0.008171846815593804	0.007657612043068424	-0.04852699731298601	-0.05106384783955876	-0.027122816161074214	0.022118423109907893	-0.03917530121959596	0.030562726265999287	0.009817552519215803	-0.0010550385474165163	-0.00449196305567699	0.02509987910731258	-0.031388572171049525	0.0023920455347843637	0.003997865381093693	0.0	0.0	0.0	0.0	0.0	0.0	0.0	0.0	0.0	0.0	0.0	0.0	0.0	0.0	0.0	0.0	0.0	0.0	0.0	0.0	0.0	0.0	0.0	0.0	0.0	0.0	0.0	0.0	0.0	0.0	0.0
jr1305	0.10288698320865897	-0.15374477807736994	0.12298411206336105	-0.09952475053738524	-0.08156263450974972	-0.2632778958497423	0.205956460603137	-0.010332302843760927	0.05253249073814204	-0.051312345675093164	0.14711685910712602	-0.09677678501621759	0.09752302770633155	-0.0795462473313998	-0.018824602788854384	0.03807614234865494	0.08858531753926106	-0.12396216733139608	0.017035761208170675	-0.038155014593720754	0.02853349684260367	-0.08277426235631423	-0.05162106867123179	-0.043733274094686685	-0.06515239620656481	0.1060355207511876	-0.07719207784527068	-0.008481609958343473	-0.06830263476974832	-0.007555993916275511	-0.018382947026406277	0.036725346829367435	0.02686623345556734	0.029612867878996658	-0.03167504918673324	0.030949511588130457	-0.03206401783699344	-0.015960924272931554	0.02306543270303484	0.005369863183845435	0.0062126201084386785	-0.013248073062531706	-0.00726832434526621	-0.0019968145678798226	-0.011741155332875156	0.009603375046836787	0.0025790129479750885	0.0	0.0	0.0	0.0	0.0	0.0	0.0	0.0	0.0	0.0	0.0	0.0	0.0	0.0	0.0	0.0	0.0	0.0	0.0	0.0	0.0	0.0	0.0	0.0	0.0	0.0	0.0	0.0	0.0	0.0	0.0
jr1306	0.17082656843322255	0.39333098644323766	-0.04103266369033432	-0.05518554535512246	0.04728465966638731	-0.01803103667764437	-0.035255472476590326	-0.09735663796915714	-0.19123021615131466	0.005328617482606868	0.051429732313131596	-0.10745936479565013	-0.030297311910039912	-0.009206875823637418	0.17063216560031375	0.08630185805870913	-0.020717642253453926	-0.019977293477159656	-0.141919401970676	0.10730596596340614	0.17028515810644476	-0.08209201774508595	-0.10759202336684441	0.1813323018703924	-0.028724070677503398	-0.055389812220933685	0.013388708509292536	-0.0013300841145670707	-0.012217761259738984	0.0023996326432792914	0.04033938135591307	0.03789047058747323	0.06108849420152617	0.015394948501747757	0.007868092946126469	-0.027371402164655386	0.0016218636931556564	0.012270417165092572	-0.03017575606496636	0.017334616821812115	-0.030951667034607288	0.007944389485538633	0.0010870642750040649	0.007584241278854196	0.011607544625135949	-0.0012308802049449765	-0.00897823012051144	0.0	0.0	0.0	0.0	0.0	0.0	0.0	0.0	0.0	0.0	0.0	0.0	0.0	0.0	0.0	0.0	0.0	0.0	0.0	0.0	0.0	0.0	0.0	0.0	0.0	0.0	0.0	0.0	0.0	0.0	0.0
jr1307	0.23792781933498974	-0.14215154710573388	0.04167379528508847	0.0013717696834675147	-0.058580313892988005	0.004862887645636721	0.10257682699010012	-0.1236024411532579	0.03576985104400903	-0.038527239007260065	-0.025316565015691534	4.477549719154651e-06	0.010039896164177936	-0.1191799760643521	0.02165246812480293	0.22516695833611322	-0.14416908816479146	-0.05266457346750515	0.061885699084767036	-0.1429553972722444	-0.02133875832793258	-0.010741630086797373	0.05603580929860049	0.031468296542751496	0.07948110921467327	-0.09589923303895027	-0.060224840913390795	0.01712405973672773	-0.019393434870123055	-0.016999844829955525	-0.036329593597504956	0.08042401887696435	-0.029301430358553853	0.043103399989110704	-0.001876877829987583	-0.010928904346663396	0.039590430105936346	0.0027710596683872585	-0.04773107158616951	-0.028042317633698834	-0.028442181441821875	0.01212318284927597	0.002462365587566803	0.019394975394806172	-0.004412250209175538	0.007665453860273291	0.002283124301593174	0.0	0.0	0.0	0.0	0.0	0.0	0.0	0.0	0.0	0.0	0.0	0.0	0.0	0.0	0.0	0.0	0.0	0.0	0.0	0.0	0.0	0.0	0.0	0.0	0.0	0.0	0.0	0.0	0.0	0.0	0.0
jr1308	0.3002639479580673	-0.07029176057589583	-0.025176573515989252	-0.08409727667165913	0.1855715194648485	-0.0880588874454205	-0.08429304321308498	-0.17646125237098584	-0.3168806579300958	0.14601407397785562	-0.031367683412947975	-0.07770422980296487	0.017458279962570225	-0.05813177422182885	0.007280370116743805	0.009532557489910855	0.02414153431909822	0.02517127659000399	-0.013017692620336014	-0.07008767228518707	-0.04998467322581842	0.05405264014334388	-0.020336246221856823	-0.01359250888487957	0.024235807664253112	0.006010528566810305	0.06099897690523466	-0.05828815097713238	-0.12121732804738909	0.04209746737782897	0.02246624667156907	-0.056460387184493914	-0.04442412638961103	0.09504735086823844	0.00967850163888529	0.010035712545963195	-0.015979815761805065	0.006174753400424154	0.0033875216737521544	-0.03448692970909976	-0.0037745956584413834	-0.02340807574435119	-0.014437369130423226	-0.027226047366493245	0.02789738482092875	0.00942631469839417	0.0013924618185783308	0.0	0.0	0.0	0.0	0.0	0.0	0.0	0.0	0.0	0.0	0.0	0.0	0.0	0.0	0.0	0.0	0.0	0.0	0.0	0.0	0.0	0.0	0.0	0.0	0.0	0.0	0.0	0.0	0.0	0.0	0.0
jr1309	0.2039182510884768	0.40550725572592156	0.03602242751390167	0.15027034857293384	-0.05926726390272381	0.09042011371758896	-0.03048787650290189	-0.0007101383480985757	-0.1162369135434682	0.0017791020333373672	-0.0692302159250378	0.19426374805627517	0.1383522780485929	-0.08785176597041869	-0.15324753911136366	-0.026604428950452175	-0.0795817994873705	-0.14350255209680252	0.01561769026010509	0.1747376097474305	0.019573647359135728	-0.10239023539109002	-0.0019529013229498558	-0.0542115334344569	0.039918289741487596	0.007536292187752792	0.022648495721257426	-0.11126189476957857	0.017011014078640762	0.010106175048429247	0.027907513556524773	-0.008689420729210721	-0.0015698307171287773	0.037371720636131485	-0.015181983461577779	0.028487650002868826	-0.022656120247530196	-0.03836949842433452	-0.0009453266929267419	-0.005673529619027421	0.016969098908079044	-0.0022924026639568845	0.0031210149089965712	-0.001662813657638257	0.0030668652398518166	0.0022903314535594674	0.003355585677789616	0.0	0.0	0.0	0.0	0.0	0.0	0.0	0.0	0.0	0.0	0.0	0.0	0.0	0.0	0.0	0.0	0.0	0.0	0.0	0.0	0.0	0.0	0.0	0.0	0.0	0.0	0.0	0.0	0.0	0.0	0.0
jr1310	0.2153790046571013	-0.060942360686083906	0.07864748481644128	-0.12809457592659831	-0.15346235805543604	-0.1439108188366688	0.11960763913554533	-0.010528930044434967	-0.015507456107500187	0.09922136338530638	-0.12519361125518677	0.196227028041352	0.13724464060561295	-0.032076283055434904	0.005937634552172426	-0.1918519041400929	-0.027226789699069266	-0.16882282049576797	-0.03843842398165952	-0.05858459089976027	0.09521966738688176	-0.008991109084269063	-0.10032705746478798	-0.0008606430448747108	0.05349771089245334	-0.08968437796686121	-0.006964732868759288	0.0734073887260917	0.004905614762961603	-0.032493239345888825	-0.046473261219697706	0.031417580560538054	-0.02883178104962733	0.001367120985508466	-0.02417469654855838	-0.024240690611028678	0.005653203304874264	0.035690752925995245	-0.02204794719262032	0.012226535788736524	0.010548356628948968	0.0060117918091966045	0.0026478803982226905	-0.021759585491294368	0.010300846210184083	-0.013992606547284814	-0.010666600017693527	0.0	0.0	0.0	0.0	0.0	0.0	0.0	0.0	0.0	0.0	0.0	0.0	0.0	0.0	0.0	0.0	0.0	0.0	0.0	0.0	0.0	0.0	0.0	0.0	0.0	0.0	0.0	0.0	0.0	0.0	0.0
jr1311	0.2960743391219923	-0.11238249828008068	-0.06311735174649369	-0.03715039432426751	0.2676108271201888	-0.13996992702356575	-0.08076448375378034	-0.15998910337843303	-0.2128182784185322	0.14198566090289247	-0.10585096338537013	-0.05316507042256659	-0.02388036478512296	-0.0417451032834967	-0.01693483903720865	0.02172091363544136	0.05091272636081451	-0.025761672408164404	0.06733147363310096	-0.00992317226027338	0.05467310948586631	0.09071828092772694	-0.04795920509097219	-0.03061533729615216	0.009898079411073063	0.002189608818650187	-0.017113786466093014	-0.015608371163310562	0.05136143712642612	-0.022639790382827117	0.018626014512955483	0.0024573860624493966	-0.03959018879029373	0.019679700377884475	0.001774432643869151	0.01821455936647426	-0.0007503719257147576	0.02647400187134733	0.00503623168452409	0.04722078602913413	0.03795443371530092	-0.015561368619022064	0.029819576054856245	0.029677221914726683	-0.006591057057415653	-0.02620652777976487	0.01339645885854661	0.0	0.0	0.0	0.0	0.0	0.0	0.0	0.0	0.0	0.0	0.0	0.0	0.0	0.0	0.0	0.0	0.0	0.0	0.0	0.0	0.0	0.0	0.0	0.0	0.0	0.0	0.0	0.0	0.0	0.0	0.0
jr1312	0.3676257572032283	-0.10680939740719875	0.018814408652449523	0.16426301626009532	0.2533509930627912	-0.020277159676858312	-0.1123811529403864	-0.11084398613870967	-0.02482017995182477	0.018064698828621342	-0.03854101985437772	-0.06202999357902683	0.09756624800157628	0.016746680819754674	0.038395974391313314	0.0028703434829123594	0.08914926069191205	-0.053432440703107084	-0.028126838887160974	0.054434576956510806	0.00018732881444977328	0.023538801292878893	0.05179474131774725	-0.010245147337037908	-0.06274413983304877	-0.0001723920152808311	0.01655871139496212	0.09089964222522784	0.08726058509310824	0.021612700332753754	0.013451685705214489	0.05333041766098485	0.02618588847726358	-0.03149931122910273	-0.008348190249607876	-0.03697664042023028	0.06513701035234973	-0.02915028354530951	0.020758350095933617	0.0031465089113127073	0.026919803930051087	0.0034461587720398907	-0.025203915479920385	0.01905261885789842	0.0254154277228053	0.014311060134571682	-0.0034456244792152786	0.0	0.0	0.0	0.0	0.0	0.0	0.0	0.0	0.0	0.0	0.0	0.0	0.0	0.0	0.0	0.0	0.0	0.0	0.0	0.0	0.0	0.0	0.0	0.0	0.0	0.0	0.0	0.0	0.0	0.0	0.0
jr1313	0.2640246783799921	-0.0787793238969536	-0.01075405711708929	-0.15045978171302482	0.07408729319308457	0.28055429204632143	0.2533868523854807	-0.01112518786016113	0.011430178191915148	-0.09116860951344954	-0.02378111257502547	-0.02840892689289162	0.027751123398106807	-0.019235477942753976	-0.08565473237409196	-0.05203075426349853	-0.024188659871001914	-0.051582097601338195	0.08093987789774816	-0.084738115480607	-0.08008425072570818	0.09498273081420396	-0.03569452767836221	0.04648049052972506	0.051237347642315835	-0.06530732762343207	-0.09974408481016497	-0.07642176102775876	0.007732986556146801	0.05670028814823875	-0.043382024474438556	0.005471598634078707	0.01271665590261152	-0.07430742035652894	-0.0028885494751452177	0.047530270018764045	-0.000561160759100753	0.0013318836031828484	0.025670779865637438	0.05848312036731881	-0.010780204238068225	0.007502892856444412	-0.01347804432249932	-0.02667224050497575	0.004156244658699893	-0.0020340754043450876	-0.006137526164351371	0.0	0.0	0.0	0.0	0.0	0.0	0.0	0.0	0.0	0.0	0.0	0.0	0.0	0.0	0.0	0.0	0.0	0.0	0.0	0.0	0.0	0.0	0.0	0.0	0.0	0.0	0.0	0.0	0.0	0.0	0.0
jr1314	0.2180338480811432	0.4775885012516338	-0.021099854453988202	0.0750832062988422	-0.09076914086319249	-0.009843724540375713	-0.00561151169478657	0.028432612577356374	-0.029177166266325022	0.012235719725251646	-0.0013757744261284307	0.019450790063204743	-0.009226613295365243	0.005440996287643572	-0.12191415758171481	0.0364829110813182	0.07873940064227385	0.07318189079196746	0.08253754499249727	-0.1645241457489956	-0.012928448328450014	0.033333699583703746	-0.004555923853486544	-0.006487577396372575	-0.017420141374637405	0.024334973407836295	-0.031893382518697215	0.0040269779313198886	-0.038442884557630695	0.045501655699542766	0.04641415424715319	-0.007140171278203634	-0.002319387369243663	-0.019686327997245207	0.030036008355702075	-0.026284101064400194	-0.041592103726839344	-0.009014716491859327	-0.003320270851000469	0.02513322696850134	-0.007154958025195485	-0.010995297952170368	-0.011175522735132443	-0.010313515681389832	-0.0060215962741285815	0.020761603567726078	0.006897035365584507	0.0	0.0	0.0	0.0	0.0	0.0	0.0	0.0	0.0	0.0	0.0	0.0	0.0	0.0	0.0	0.0	0.0	0.0	0.0	0.0	0.0	0.0	0.0	0.0	0.0	0.0	0.0	0.0	0.0	0.0	0.0
jr1315	0.11347755311388491	0.5643194863674214	0.007752247848583055	0.006222392786930915	-0.06658843738899199	-0.03292220519210321	-0.05119553771559306	0.005212353420532057	0.007208834611546468	0.043751357383724356	0.06806552881269898	0.056622853810977855	0.05209787844495809	0.014312498905200997	-0.09623565670518086	-0.0271512811757016	0.05580178096635455	0.0327316559706592	0.02633047124073074	-0.12982979648621815	0.017329975623104874	-0.010468028227971674	0.09080388428152664	-0.007536310787599866	-0.047458242634554344	-0.004667204114551443	0.029865826270829118	0.07802767447287978	0.025076195613932567	0.02648980901987812	0.038727373381835295	-0.07620592896587124	0.027431017841512088	-0.07673967351306574	-0.004330084182171511	-0.02022561076320179	0.006282663552194965	0.04473074808912866	-0.058096723681674026	-0.038096842144632014	-0.017024256968917337	0.028033298306019663	-0.0010146892889091794	-0.005386932697643881	0.007117335004943238	-0.004246402235946201	0.015627693300009963	0.0	0.0	0.0	0.0	0.0	0.0	0.0	0.0	0.0	0.0	0.0	0.0	0.0	0.0	0.0	0.0	0.0	0.0	0.0	0.0	0.0	0.0	0.0	0.0	0.0	0.0	0.0	0.0	0.0	0.0	0.0
jr1316	0.3870181182020518	-0.18827673328802458	0.024079183363477964	0.05490213393171446	0.1441625449410379	-0.1152125168366023	-0.02981431985609891	-0.05103485088041073	0.0330365606229881	-0.011042361337689174	-0.17040142361799354	0.007848460792030663	0.0030509181028545596	0.005894955234001003	0.10498542835517231	0.028610493579579867	0.017278761349053297	-0.023516366053306214	0.08626053818289159	-0.05862591990840708	-0.001301634340430199	0.031454576731375805	0.0013001190130377004	-0.01051500701739506	0.08882051292947621	-0.020307126627548782	0.008020417495367483	-0.036592387821604226	0.06634530984507715	0.016794929814011123	0.04105838368722849	-0.00492749816779273	0.05636766968494465	-0.07809737666618684	0.02381963111845588	0.006628983815398662	-0.028085281079522115	-0.043083092874743024	-0.006873890462924015	-0.04625638383613464	0.0023197189725194683	0.042302454338716926	0.0045852394255623905	-0.027584616676236507	-0.029946114914593428	0.012932590074219341	-0.008705534434452183	0.0	0.0	0.0	0.0	0.0	0.0	0.0	0.0	0.0	0.0	0.0	0.0	0.0	0.0	0.0	0.0	0.0	0.0	0.0	0.0	0.0	0.0	0.0	0.0	0.0	0.0	0.0	0.0	0.0	0.0	0.0
jr1317	0.17432223785205975	0.5317159347634393	0.01346720916192413	0.03612799327168773	0.04707051071608928	-0.10834048919685726	-0.11111742447410797	-0.0038931017453018636	0.00450565746867264	-0.01687367184253865	-0.03616266573395024	0.07361466840245515	0.07658172863301892	-0.011933261637785473	-0.08383772592837298	-0.014937692495622202	0.1500152741167625	0.00837871062391366	0.03867156739715867	-0.11992057004878338	0.03591459715672909	0.014544322041271122	0.057172269929238156	-0.027842896898622124	-0.03594482520453352	0.04773559210242558	0.03204041566720499	0.04923623055005434	-0.03176923274115705	-0.032922535216708265	-0.023182130391399425	-0.005255509299377585	0.033364046997009573	0.006123215744577809	-0.008394707602665682	0.013437890427029689	0.020890776520715804	-0.024241177341175396	0.03164665266933242	0.006109802012811546	-0.018713609231692054	-0.010295302182785262	0.025733835790380303	0.0149730009976358	-0.009948932218511335	-0.010163192844931581	-0.011829780896394684	0.0	0.0	0.0	0.0	0.0	0.0	0.0	0.0	0.0	0.0	0.0	0.0	0.0	0.0	0.0	0.0	0.0	0.0	0.0	0.0	0.0	0.0	0.0	0.0	0.0	0.0	0.0	0.0	0.0	0.0	0.0
jr1318	0.2859673886385695	0.001995718316842011	0.060413151667518906	0.14268917384851695	-0.1809716298795509	0.06357480830894455	0.00461948445377358	-0.09112246115922168	0.103766700862238	-0.012676427205249014	0.04199684188647455	-0.028981512509321142	0.08798010396395749	-0.03450144290195404	0.043873952064114555	-0.07943619631482284	-0.004896776074021112	-0.16454987229629967	-0.0822776928692947	0.055435501569317945	-0.11052569329476765	0.09208196259974846	0.019191667458825896	-0.005873655513815875	0.006091052324871226	0.0006193643316743343	-0.06926833126438409	0.05633030764705363	0.017034929106532544	0.06464734691588732	-0.045910685796255214	-0.04407880224326915	0.01689998169109976	-0.005869138086817614	0.009561528718743743	0.031291063387856526	0.05170925308767895	-0.041344950272498966	-0.00601453255802424	-0.008593940698364933	-0.04745888642351095	-0.00642542890563483	0.028914263493953384	0.015003072259323184	-0.0072722533749401555	-0.012743452427129182	0.004405410526124226	0.0	0.0	0.0	0.0	0.0	0.0	0.0	0.0	0.0	0.0	0.0	0.0	0.0	0.0	0.0	0.0	0.0	0.0	0.0	0.0	0.0	0.0	0.0	0.0	0.0	0.0	0.0	0.0	0.0	0.0	0.0
jr1319	-0.3477193401458808	-0.03763210237151387	0.3126514185738023	0.1135279873983122	0.0037523060937629063	0.06564888323022	0.039103783944317926	-0.03038088112287565	-0.10291926780586666	0.021281282233371453	-0.08107590144767812	0.19162514933913052	0.167661516505015	-0.06933905397952356	-0.13577702664064603	-0.046261030673150544	-0.10915590194317282	-0.05879094285953575	0.02180276364749991	0.1433968043471308	0.001166117536263984	-0.08249014592340989	0.03933374647451144	0.020547956656882325	0.004212921211318335	0.019363618543814725	0.03483716771957939	-0.04624898236069897	-0.005534935801081272	0.03459718485814318	0.08911214243276894	-0.012141597187466074	0.002763703702914424	-0.04013177859215485	0.021667235564625447	0.01237911329167538	-0.014242780005685251	0.013962851511932935	-0.02030541969775102	-0.01113878182901156	0.002113115389829805	-0.003555308726026529	0.0010876180114458452	0.012188227282056445	-0.004916499010011386	0.009202152159279246	0.0031092757234398266	0.0	0.0	0.0	0.0	0.0	0.0	0.0	0.0	0.0	0.0	0.0	0.0	0.0	0.0	0.0	0.0	0.0	0.0	0.0	0.0	0.0	0.0	0.0	0.0	0.0	0.0	0.0	0.0	0.0	0.0	0.0
jr1320	-0.279401622962858	0.3408854130695031	0.3492574169986747	0.16437143928866835	0.003136523886360182	0.07653274562122446	0.0707167512010324	0.08633348487647209	-0.10555278661684517	0.003906064042525955	-0.07257327178869973	-0.03863442350160695	-0.1426431271103802	0.060356029123980276	0.04279912781400069	0.026495217439900322	-0.004937699936438719	-0.029288379960460003	-0.06243370073721919	0.00402569042307485	0.015522716781842388	0.019558260282248	-0.03094714645189098	-0.030241149167282606	0.014829251527798374	0.007569454829964422	0.00047857661755612693	-0.031099468445617416	-0.001924038009005654	-0.05580253677434149	0.018411944919276946	-0.03926911112992831	0.006737042419331607	0.006511510893206473	-0.03481990810124814	0.0028240127027151737	-0.010757753045809641	-0.003925692528874961	0.0033243501752651767	0.006951598940743544	0.010990393445464331	0.0012037291972214138	-0.009918552048414107	0.004258656044544696	-0.004045830918060444	0.0013643753363167623	-0.007436666757596271	0.0	0.0	0.0	0.0	0.0	0.0	0.0	0.0	0.0	0.0	0.0	0.0	0.0	0.0	0.0	0.0	0.0	0.0	0.0	0.0	0.0	0.0	0.0	0.0	0.0	0.0	0.0	0.0	0.0	0.0	0.0
jr1321	-0.381709432149937	0.041742237321122096	0.18705913154504794	0.14964953040323856	-0.09333375991101245	0.0162942687063588	0.06725768867343299	-0.15261475749650882	-0.08015761276165081	-0.11607390851985958	0.004766646225931067	-0.03507947812938744	-0.007015241692762275	0.09327028177339843	0.016739407301043167	-0.06994716942587537	-0.05626773391469912	0.04493957561174659	0.07968793742420156	0.03132595922570697	0.055318190280032084	0.016677089517312112	0.05951313688322579	0.028319949195893094	0.07107089470766849	-0.029563969488719	0.006641816082977265	0.043557423434886444	-0.04223791072779222	-0.00950488398617486	-0.008956866355503133	-0.02777579354822931	-0.04423359522138745	0.008099453359572545	0.037468967794967244	0.006622426137404	-0.000393580703871319	-0.003770255087532545	0.005187074342951897	0.033603776616356947	-0.037158553834910485	0.02143898553186677	-0.03905399385154382	0.01264886789059927	-0.007226572506301421	0.007807488973886887	0.007012153748837402	0.0	0.0	0.0	0.0	0.0	0.0	0.0	0.0	0.0	0.0	0.0	0.0	0.0	0.0	0.0	0.0	0.0	0.0	0.0	0.0	0.0	0.0	0.0	0.0	0.0	0.0	0.0	0.0	0.0	0.0	0.0
jr1322	-0.37892674146890876	0.01863849752638182	0.3884447540750738	0.11521018050230909	0.0590379158429635	0.10480020547133839	0.030274235577985788	0.11305829216101261	-0.14817956571312432	0.0537961571778544	-0.08639019214857654	0.04756810882369285	-0.060810259546603684	0.03183474879945371	0.011794608353070972	0.007696513739950285	0.056491803706693614	-0.07245368790430601	-0.07067254910478045	-0.04118483875312171	-0.04677268600575601	0.04563998219116171	0.08049674708599322	0.040546101757379556	-0.06653331638451425	-0.033373651369108644	-0.027477445091448283	0.08065887348714125	-0.0021923516498518285	-0.01588209506333272	-0.062083605482441226	-0.002007057848047337	0.04878470931397491	0.05332558134413407	-0.020795185069364855	-0.014082836581002926	0.0012507511973286263	-0.03326429431879484	-0.02808082804639121	-0.040086926668186626	0.00470158030449715	-0.02347644448193254	-0.007303024604600545	-0.03912992897193994	0.004061536316391222	-0.011489574283893994	0.004577752883619603	0.0	0.0	0.0	0.0	0.0	0.0	0.0	0.0	0.0	0.0	0.0	0.0	0.0	0.0	0.0	0.0	0.0	0.0	0.0	0.0	0.0	0.0	0.0	0.0	0.0	0.0	0.0	0.0	0.0	0.0	0.0
jr1323	-0.3788320028913461	0.015073423587030623	0.2516189444856724	0.0802396387723301	-0.060290072188462815	0.013430595257483885	0.03769896036623432	-0.11018060293168622	-0.040963703520173866	-0.048057631284268966	-0.05961861171811863	-0.008599294670484873	0.015082378962775221	-0.005630017124614912	0.06529297811185494	0.049611193747246256	-0.07697432886215598	0.05794650412260504	-0.034622538749264874	0.014127162057355262	-0.07431591517109916	0.024575735299668222	0.03663354038862379	0.0550119079921512	-0.07308517872975805	0.06066035784763648	0.03241766998432484	0.07779838289690887	-0.02607675419894736	0.005635093358358808	-0.011362804474438472	-0.004412464665926327	-0.07286126126788697	-0.011788263511817393	0.06987656034622572	-0.037433956011926686	0.016660070655640215	-0.0006235651350286662	0.023798602210857046	0.03822025903969668	-0.004815250247523071	-0.013744465533994133	0.04386123535377118	-0.0381667309711836	-0.02615744184845756	0.011933097405788093	0.005984998578977737	0.0	0.0	0.0	0.0	0.0	0.0	0.0	0.0	0.0	0.0	0.0	0.0	0.0	0.0	0.0	0.0	0.0	0.0	0.0	0.0	0.0	0.0	0.0	0.0	0.0	0.0	0.0	0.0	0.0	0.0	0.0
jr1336	0.08692988141249826	-0.04784996272611392	0.036714382341838415	-0.13812872301709644	0.36746422477386403	-0.3310137998178478	-0.14535828001510484	0.14163361933458526	0.03627647273828085	-0.24322076315269694	-0.018201249507120078	0.10405914013411512	-0.00191473881606101	0.17639206369002813	-0.14884549666861144	-0.018010606499688338	-0.15136322640859057	0.02224245647944304	-0.15326511122937547	0.01201590762073406	0.0194466714015605	0.10226624861094061	0.012649856864307512	0.042582431880821336	0.05433098023149872	-0.004960155078058787	-0.09388248322064231	-0.010306944539804647	-0.04590988363787731	0.01844122502301599	0.012098965872799704	-0.07304281441413728	0.0381917513703205	0.024602828284838518	0.01222540951891228	-0.045860529729709824	0.017206238669541605	0.02190405827242226	0.00658639780431195	0.012019411452137705	0.026418454945496196	0.021834860214037563	0.012425531789167069	0.014374272237844026	0.0023091222194592887	0.008532021217663152	0.004437321607753551	0.0	0.0	0.0	0.0	0.0	0.0	0.0	0.0	0.0	0.0	0.0	0.0	0.0	0.0	0.0	0.0	0.0	0.0	0.0	0.0	0.0	0.0	0.0	0.0	0.0	0.0	0.0	0.0	0.0	0.0	0.0
jr1337	-0.017290015536917416	-0.08542798203128632	-0.10616486774127358	-0.0635975213148139	0.31089830637822546	-0.34315104230084453	-0.018941786443261374	0.1571886409598909	0.10183406312873078	-0.14589660744385316	-0.02642006362279719	0.018623374257562376	-0.07187065212652219	0.08683740888650793	-0.18692185735048344	-0.0033455023634236265	-0.18520347121480435	-0.010419309949312632	-0.08120212709090481	0.01452851478543494	0.0289778450383422	0.06638609241796631	-0.03605441621180796	-0.01711655702197716	-0.04157310134173125	0.04824239624155447	0.026771638998153	0.03562071804895832	-0.001724897913158063	0.02814161348879667	-0.012008723556225443	0.06887502591955837	-0.007917833975458146	0.02613210512051942	-0.00195157957502674	0.02526605283261079	-0.004921963920269551	-0.015440817692983621	-0.013931414581353935	-0.014941844230799507	-0.04217917402646181	-0.01608272307583705	-0.020461118244105347	-0.015001964773995145	-0.004699393723142622	-0.011022036212732017	-0.0037317848331168265	0.0	0.0	0.0	0.0	0.0	0.0	0.0	0.0	0.0	0.0	0.0	0.0	0.0	0.0	0.0	0.0	0.0	0.0	0.0	0.0	0.0	0.0	0.0	0.0	0.0	0.0	0.0	0.0	0.0	0.0	0.0
jr1338	0.11461911563663209	-0.1875136384007472	-0.015080657822790508	0.30900641130627327	-0.04982710891337706	0.15798269783987398	-0.012472949572499394	-0.12765411177768932	0.07586163971248079	-0.005124405159058126	0.0012540316420928904	0.13563897405516742	0.201249728441312	0.03330402220494171	-0.093650215449786	-5.2521278961931965e-05	0.01310278875783656	0.023732421580401997	-0.003451158845671573	0.08401276522447446	-0.031689941071550466	-0.06320892831146498	0.027601805260774093	0.02276065970570424	-0.007740696993631176	0.043331596906504656	-0.0001553054251243401	0.016788636854542398	0.004894463466703747	-0.005710097750240168	-0.012870165795452073	0.05318938251418588	0.03027024029684067	0.01787919320410372	0.029654356795418026	-0.042969084042805875	0.01341413472084484	0.06336599837786037	0.025731094077207497	0.01345617392793395	-0.007159658998957906	-0.005437102293947595	-0.006919816006333477	-0.012757998690374566	-0.000286626030347638	-0.010752847161896223	-0.012514134575491997	0.0	0.0	0.0	0.0	0.0	0.0	0.0	0.0	0.0	0.0	0.0	0.0	0.0	0.0	0.0	0.0	0.0	0.0	0.0	0.0	0.0	0.0	0.0	0.0	0.0	0.0	0.0	0.0	0.0	0.0	0.0
jr1339	0.39966843844849	-0.2110349558086649	0.04343932086114601	0.21263969697455765	-0.0353886604913779	0.08858864531766827	0.025497514633077326	0.07460556632562178	0.05250364381125351	-0.014774502491134397	0.09547340907482382	0.00601641270409611	-0.02868236597928175	0.06863289802061301	-0.04549106412448069	-0.05838374274791827	0.011639395013208322	0.10726793579850576	-0.02411247324447216	-0.009589766557206458	-0.014880923925614846	-0.0452833572994544	-0.015238282528374064	0.031423415576229866	-0.06578948835788498	-0.016142443606198643	-0.05267660206681705	-0.009628957468161907	0.048134113690076294	-0.026461959692671465	0.05706668445639429	0.021582793986230604	-0.059764939368099027	0.010309081656081801	-0.053169582760925316	0.043183366777332144	0.0351473823946024	-0.03200420905023943	-0.06547289718573034	0.025709791828606707	-0.005628754654860126	-0.01617182764805771	0.006815746458210655	-0.028103213118352302	0.032097689639945505	0.007474371130134028	0.0027157185037557045	0.0	0.0	0.0	0.0	0.0	0.0	0.0	0.0	0.0	0.0	0.0	0.0	0.0	0.0	0.0	0.0	0.0	0.0	0.0	0.0	0.0	0.0	0.0	0.0	0.0	0.0	0.0	0.0	0.0	0.0	0.0
jr1340	0.3513205481936045	0.1859599721711546	0.0008183429601401794	0.09987014996582298	-0.14765225017100245	-0.026993173447275986	0.1239226985738524	0.1452413791238141	-0.1520015552366648	-0.12516420848285706	0.014334969435154223	-0.05365949363646313	-0.09356622792677516	-0.07020672543647104	-0.0007666968933985063	0.11707298371140963	0.0068108923644430676	0.06907702184573694	0.019592822732489593	0.16264774265586443	0.0071684246396839435	0.08417222948326522	0.03665421488951343	-0.058369625948654406	0.06801138044601411	-0.01228470264921584	-0.05125074539548441	-0.004587060948269406	0.05387730583089869	-0.09578642821729501	-0.03698976194642741	-0.056503098051055876	-0.0498611306528333	-0.025656462278849344	0.04441823950286477	-0.004794173272697073	0.028262085307489165	0.01868160721678111	0.007840101755469236	-0.01233553753562509	-0.02506896639640187	-0.0196806120089193	-0.0035296252751968317	-0.00322894518897519	0.012923289935514346	-0.0048703913299024725	-0.006365263714533965	0.0	0.0	0.0	0.0	0.0	0.0	0.0	0.0	0.0	0.0	0.0	0.0	0.0	0.0	0.0	0.0	0.0	0.0	0.0	0.0	0.0	0.0	0.0	0.0	0.0	0.0	0.0	0.0	0.0	0.0	0.0
jr1341	-0.39439833741970687	-0.08201104468943259	0.37513020543638437	0.046278680077433264	-0.0047251786130729665	0.037674202961069075	0.10393036599945984	0.021791320381675208	-0.009841838797565712	0.03162698512143721	0.01857812391768223	-0.01660521858194088	-0.08814186574878417	0.08441358136885715	-0.020626871387380983	0.1250051102329578	0.03152798554876158	-0.07551819041565927	-0.05120022958868486	-0.098226072938151	-0.08493387437014938	-0.046318870194801444	0.011129067072503877	0.024176153042520708	0.015528606473075473	0.02554321342921754	-0.009575676763982015	-0.03521024340698054	0.06325634601475451	-0.016273834055207756	0.00640667722506199	0.03984435893700064	-0.003578175244379646	0.047990897101850644	0.008057076356190544	0.026847560864950167	-0.032906474574548795	0.053746489950815365	0.03377328434610637	-0.0040437800707268145	-0.0014926965386120677	0.02542478319666877	-0.022157380953489434	0.028203659099437353	-0.009298882032469187	-0.0028485880520107004	-0.010040911441435187	0.0	0.0	0.0	0.0	0.0	0.0	0.0	0.0	0.0	0.0	0.0	0.0	0.0	0.0	0.0	0.0	0.0	0.0	0.0	0.0	0.0	0.0	0.0	0.0	0.0	0.0	0.0	0.0	0.0	0.0	0.0
jr363	-0.22387304429126115	-0.12374372018384769	-0.0925862485807899	-0.11899814675889975	-0.11662292502610203	0.10073257728167646	-0.24163433924941446	-0.2465494907399724	0.031426486449617125	-0.26080425010083486	0.0930994760710462	0.12130570850023505	-0.0432975058474306	-0.20724735041456824	0.005036932739098628	0.12514992289460392	-0.07859769357015774	3.697286470314518e-05	-0.10954525586515855	-0.09440205067822681	0.018988619251071405	-0.01161954577204918	0.05700276815285723	-0.06720847516918615	-0.0708074470463034	-0.016237363969739443	0.015055504293181594	0.03440408655330986	0.025617350348175638	-0.04127522405924861	0.055565345798077925	0.016286666795989113	-0.031174795510318185	-0.0028532301673019275	-0.05149160185115954	0.005305895700263143	-0.011107543718230223	0.03249023084891603	-0.009753587488672727	0.01754982806808328	0.01235667172741407	-0.01883244227179676	-0.013453928563731529	-0.0011560365325244753	-0.004016873079530933	0.0032669171008893358	0.006597813276946763	0.0	0.0	0.0	0.0	0.0	0.0	0.0	0.0	0.0	0.0	0.0	0.0	0.0	0.0	0.0	0.0	0.0	0.0	0.0	0.0	0.0	0.0	0.0	0.0	0.0	0.0	0.0	0.0	0.0	0.0	0.0
jr367	0.018678891803573627	-0.06660849628647819	0.020007530247602007	-0.13721405756400476	0.24400502256907214	-0.14628930811825816	-0.3136198660192516	0.06440411515711461	0.10322787220646336	-0.12197538141376002	-0.09065233452100081	0.08070223052379538	-0.2232887174293639	-0.13199506191741278	0.04477381032874136	-0.15629727015830736	0.20122380539153448	-0.06799356936657097	0.11294974598219339	0.05907469384673453	-0.04193565726303232	-0.21143911422563544	0.06132359203460239	0.02517220592625408	-0.08421241944061286	-0.09935335390379058	-0.049750624962931186	-0.07695821673189171	0.0023465938563816393	0.017225002715404798	-0.05333042750297341	-0.029601032559317137	-0.06156810497233888	0.007526347281193518	0.015496018743873127	-0.062168392695843754	0.008020922356822975	0.008897759778256228	0.0036372374697144876	0.015269980001316777	-0.03486456997974504	0.0010853908470947842	-0.017939517069147	-0.001636091636208307	-0.008829997533866377	-0.0001521003103128285	-0.001132015218202396	0.0	0.0	0.0	0.0	0.0	0.0	0.0	0.0	0.0	0.0	0.0	0.0	0.0	0.0	0.0	0.0	0.0	0.0	0.0	0.0	0.0	0.0	0.0	0.0	0.0	0.0	0.0	0.0	0.0	0.0	0.0

Biplot	0	0

Site constraints	0	0
