Eigvals	57
1.256054252059741	0.7002901163055107	0.5661782451714709	0.46840218063665784	0.3847536798833441	0.33396360101929734	0.27887664596059125	0.2623639151676479	0.22975372141646314	0.20890111365466182	0.1874396561304153	0.16741150909451138	0.15226514474630695	0.12384357440023414	0.11913143758298675	0.11092025222649687	0.0951059785376707	0.08670025509409887	0.07514676051141213	0.06765814149253012	0.06549572678647221	0.059019962595691824	0.05401773670405076	0.05155001334152748	0.04795328438335712	0.04042064387803637	0.033714480363776875	0.03327083578259227	0.029456350341829807	0.022545570920651722	0.020860383538862673	0.01482792704967232	0.014204612525972021	0.009560383880137822	0.008941757093942973	0.007074105303336006	0.00505094520571512	0.0033834006447931095	0.002090559814755248	0.0010304202908200805	0.00014097914538416245	0.0	0.0	0.0	0.0	0.0	0.0	0.0	0.0	0.0	0.0	0.0	0.0	0.0	0.0	0.0	0.0

Proportion explained	57
0.19626552218229282	0.10942425864998585	0.08846852654223389	0.07319046802574403	0.0601199205926271	0.052183685884942	0.04357604017035609	0.04099583336287297	0.035900307676345854	0.03264197074979898	0.029288497632788266	0.026158987319121925	0.02379228293267619	0.01935125314748548	0.01861495533907881	0.01733191157000248	0.014860842602733428	0.013547401166372527	0.011742102833451909	0.010571964107552971	0.010234074680592982	0.009222200202759955	0.008440574349348947	0.008054978732318195	0.007492969658294613	0.006315952328219963	0.0052680766637670726	0.0051987547095228535	0.0046027199636826	0.0035228719160684523	0.003259551935327598	0.0023169467724125548	0.0022195503818687266	0.0014938636061471488	0.0013971997008824016	0.0011053686328078545	0.0007892385195051882	0.0005286753284846507	0.00032666169715473483	0.00016100895014160128	2.2028782228365082e-05	0.0	0.0	0.0	0.0	0.0	0.0	0.0	0.0	0.0	0.0	0.0	0.0	0.0	0.0	0.0	0.0

Species	0	0

Site	57	57
ec1249	0.28301068790888034	0.012596414909768015	0.024360660844851154	0.1504592656955227	0.10313972199849732	-0.09513855564208314	-0.01739075076839883	-0.05203273081757745	0.027853898232948444	-0.14795592829409604	-0.009330354059807616	0.070267041850101	-0.08090609793901798	-0.07806678184953514	-0.0047866982950360215	-0.023255568515913542	0.09370484825719926	0.01626131831680523	0.028789770332094473	-0.001466760915839394	-0.010819349857033603	-0.0007008547344043978	0.0544550287304705	0.07557164280385438	-0.010324516397440127	0.00034644551926230223	0.00857447833113151	0.04985624025105496	-0.01822558948973503	-0.018365010692320015	0.021415171449249742	-0.019909092483764827	0.0025605108501629593	0.0015536248914660362	0.0017806492493255724	-0.0010462329464207833	0.0006189776095775157	0.005961716974984589	-0.00509245151178851	0.0014677473384618754	0.00039419062414590173	-0.0	0.0	0.0	0.0	0.0	0.0	0.0	0.0	0.0	0.0	0.0	0.0	0.0	0.0	0.0	0.0
ec1257	-0.1683268982035628	0.048194439274320613	-0.042756250860029876	0.039613414595893355	-0.020428180314712507	0.03281243673077348	-0.02966610045287753	0.0012937144101811894	-0.03917129656029255	0.024822494458325014	0.019262282273278315	0.011729479038059609	-0.013254154840103928	-0.017719814512061307	-0.015089268159394653	-0.01913900336027314	-0.015776993235511943	0.0051048835248816565	-0.017536141288675096	-0.00027155365238495417	0.02734926607980881	-0.00940400821353678	0.001160353183252969	0.00017087147192684958	0.005238714817291352	0.01778043150555584	-0.0119334668887842	-0.012746259788196473	0.0029618837779181104	-0.009466072223151068	0.02138416166167079	-0.01627068380679315	-0.0089269969340216	-0.03168295210844485	-0.01965406690574292	-0.001045414256638143	-0.014325857805232402	0.005187686331816735	0.009365442668891574	-0.0031551550419737437	0.0037409523527506447	-0.0	0.0	0.0	0.0	0.0	0.0	0.0	0.0	0.0	0.0	0.0	0.0	0.0	0.0	0.0	0.0
ec1262	0.06515388715433924	0.06586846650377813	-0.10336695987538153	0.18841182441850846	-0.11215452985409385	0.055748194446180795	-0.048568368380431784	-0.10926721594399405	0.004187499234167601	0.06531039745291448	-0.019950011596685	-0.09811701765274301	-0.06219849734516138	-0.06622665850508275	0.01744123669163231	-0.011910005876416939	-0.08684249688041319	0.045172322580341366	-0.03190219920999884	0.051977734703551895	-0.05435872489306706	0.03613900395087937	-0.0066977363171935814	-0.0028571154649378256	0.03652636090614183	-0.006326108993124948	-0.01727195737518067	0.03548569515165848	-0.03271294850150244	-0.0018333552455273862	-0.015653798456834032	-0.011465575422749537	0.004289444528126739	-0.008147416923430604	-0.012583987027554602	0.015572247417396679	0.00289594986841236	-0.008177301625863938	-0.000859704595025029	-0.004814469000348271	-0.0019534245358377236	-0.0	0.0	0.0	0.0	0.0	0.0	0.0	0.0	0.0	0.0	0.0	0.0	0.0	0.0	0.0	0.0
ec1265	0.26433674483983827	0.1543396825518194	0.037760133817627974	0.04227050319083983	-0.21726956029528638	-0.06885921891042605	-0.05089691343302505	-0.09811982927493292	0.061630475947590434	-0.09079852808971284	0.04190049158443262	-0.007894870967950992	0.033636802413834106	-0.027246697400914646	-0.008830852507297678	0.055311072541215145	0.0369601476924306	0.0004698829074766432	-0.035165413153509704	-0.015711002944025085	-0.009559761033128477	0.11767577259805861	-0.06781801948400738	-0.03717345080306434	-0.008499770114233402	0.004930290988586418	0.005614781672995869	-0.040215565649384374	-0.014692087663945008	-0.019758014268926462	0.022014298258290547	0.0052591375289902115	0.0077073716725354555	0.003800558386209435	0.0042397782767142084	-0.00499450099040636	-0.0016285810153006054	-0.0008875606909795236	-0.0020151720368698197	0.0030093299135504846	-0.00012864308500748936	-0.0	0.0	0.0	0.0	0.0	0.0	0.0	0.0	0.0	0.0	0.0	0.0	0.0	0.0	0.0	0.0
ec1298	0.23750605525916646	0.03478447758595369	-0.11825728971389421	-0.011912665174702776	0.005352926800664734	0.009511334663146756	0.1350763371193918	0.0886491103905164	0.03364399143548851	0.0576676519849769	-0.12024694380890438	-0.1302405013061194	0.058722325770511875	-0.08736198216502948	-0.01813435331493499	0.011354442932785534	0.07688006302254033	-0.01115591125246197	0.08553112784443848	-0.01426751438285927	0.024837600800090547	-0.004901046626905687	-0.04047682820089729	-0.057792154040014344	0.0215354480168134	0.01846460289234061	-0.006758417727393584	0.009851619224339036	0.0007052816121562987	0.029377440578804308	-0.010428006634183543	-0.03388887413807932	-0.0015278679914137528	-0.00017945454159150665	-0.006050662868321598	-0.0040427928489745	0.0013471763348579923	0.0015885883995798644	0.004667163515958038	-0.00025105800570124673	0.0003334328993209145	-0.0	0.0	0.0	0.0	0.0	0.0	0.0	0.0	0.0	0.0	0.0	0.0	0.0	0.0	0.0	0.0
ec1301	0.15497245118751915	-0.002849341005888087	-0.1314252454271041	0.16824366483845346	-0.08844956655013106	-0.1482695955885575	-0.14231780056330223	-0.0632678709129358	0.13414758560390072	0.07380080679531709	0.0731076602400212	-0.057176045621200475	0.002574558787460997	0.0749544686811513	-0.03816886404968815	-0.04717710466269196	-0.0025864587764118843	-0.15367235240950283	0.03155399474127854	-0.022649578473664143	0.04811309334077547	-0.052468038444838244	0.027275371191135937	-0.007848578052914997	0.004790014119003957	-0.0022008222958208403	0.0014292355437310218	-0.007556873333883251	0.009885927032438945	0.011500504686520923	0.005644703475419363	0.010894018060624094	0.007337194183701496	0.002140274601027076	0.004986868630360996	-0.007726159904406279	0.0006598703049090831	-0.001486031168670207	0.0005096340739844465	-0.0005988267649284232	-0.00010756417732719446	-0.0	0.0	0.0	0.0	0.0	0.0	0.0	0.0	0.0	0.0	0.0	0.0	0.0	0.0	0.0	0.0
ec1309	0.2969842740100012	0.020740145914899658	-0.1387340082323005	0.14606368170282957	-0.03909611163510054	-0.09656499824888228	0.07580682304207628	-0.016847612103473786	-0.11718351078431544	-0.036786091016194365	-0.05806088335013023	0.004621665491333244	-0.08682006083882393	0.016636911781275156	0.06784024977874485	0.10947386812168658	-0.08940840288960004	0.06492107656380797	0.015608859510565749	-0.015161175892952924	0.014000437405423616	-0.08977816971797294	0.017475980874489514	-0.048801656447527424	-0.03532099561719304	-0.03268846428654792	0.010285833415147582	-0.030990661136119296	0.017945356130755895	-0.0017405473407722779	0.01070919180551811	0.012356553777161609	-0.007843610568020404	0.004146139997333683	0.0024966917232335257	-0.0009683107675596143	-0.005490757045631084	-0.0011109299433584988	-0.0015721737202616366	0.0034999130080024636	0.00010514592312964626	-0.0	0.0	0.0	0.0	0.0	0.0	0.0	0.0	0.0	0.0	0.0	0.0	0.0	0.0	0.0	0.0
ec1314	-0.03434793142327954	0.0017628385709633236	0.12953156715198802	0.21258419754010838	0.051304982293868207	0.042788289655050056	-0.010433380137314333	0.013789636795358518	-0.023504925500266442	-0.029245043990722367	0.04817651951016539	0.09658886543125235	0.05963634319768719	0.013281091861424569	-0.025093620564831724	-0.05179295571742575	-0.01208978537868886	0.015221740781562954	0.012590117869756738	-0.021717045865606115	-0.0030577040435280922	-0.020938729364908933	-0.04833784734236154	-0.023780356928771895	5.780844626011652e-05	0.011412434217991528	-0.04263325033656241	-0.019603941315873178	-0.003218791493757162	0.0255197106872108	-0.013071530204771318	-0.02442509166163835	-0.00080923273034487	0.02336612289841414	-0.005788817483605788	0.00401595666546366	0.00628158450837401	0.006543133409387268	0.00821472806101647	-0.0011091187011857105	-0.0006789307591853723	-0.0	0.0	0.0	0.0	0.0	0.0	0.0	0.0	0.0	0.0	0.0	0.0	0.0	0.0	0.0	0.0
ec1317	-0.06236283411874224	0.010813208559967787	0.17135269815413637	0.0959269801517238	0.16201224957807497	-0.005616450774916704	-0.066710910703411	0.017406374784144325	0.06003322948113977	0.03769116038450063	0.043374472839685825	-0.09009132468431948	-0.036780885090920264	0.00027664727832746723	0.05296759290126623	0.06721648990374908	-0.010016986423070952	-0.010780202855563118	-0.01916340752993902	0.02978772796053628	0.05567685922742741	0.007717207069262723	0.014831791202165106	-0.029798930819224672	-0.006506397826772178	0.03366197111451651	-0.010089281768663878	0.020112886102725963	0.03132318831304385	-0.06990670521283687	-0.024314813048377328	-0.018673523152752756	0.004823452941493832	0.0007493963071512175	-0.006169080843737365	0.011259633877055218	-0.003727842355580007	0.010277468549168237	0.006719621930337412	0.00022569016630332302	-3.953098384911617e-05	-0.0	0.0	0.0	0.0	0.0	0.0	0.0	0.0	0.0	0.0	0.0	0.0	0.0	0.0	0.0	0.0
ec1330	-0.07428766956064163	0.10268102007091279	-0.07486186840667737	-0.03706180267586817	0.05163907085320453	-0.0040949940340974395	-0.08327202941233855	-0.07593741540397755	0.04979345135891393	0.07239804128060884	-0.012110248450554391	-0.041208262072447245	-0.025893165752125746	-0.02510775029338698	0.004449384493466327	-0.02216453647061016	-0.0491074222920606	0.022132468536268452	0.009049641795153824	0.009897079191243727	-0.04031098918787014	-0.02388592018603699	-0.011265247959609929	0.04287066274839222	-0.0015970678663427271	0.009281382273854858	-0.0043125459753151655	0.02653069511239881	-0.010360895899860494	-0.00038855246696022593	-0.00739731881170747	-0.014893867690775216	-0.0334960884985032	0.030626508504343328	0.02026210786971818	-0.028815048297494417	0.008816450110881975	0.0036852156175202146	-0.0015567969007818513	0.00304454252930783	0.002236903453294354	-0.0	0.0	0.0	0.0	0.0	0.0	0.0	0.0	0.0	0.0	0.0	0.0	0.0	0.0	0.0	0.0
ec1346	0.0035389933967561087	-0.03759450807969813	0.1624201853361758	0.23495521381516768	0.050967055383972705	-0.015227258730400265	0.0077150942606546554	0.08490023804623067	-0.005492561613654288	-0.005554160139085495	0.010839520005720244	0.036920403363539175	0.0431787484932461	-0.0021533298878438105	-0.001992562828530423	0.008960570329541314	0.07313576681748828	0.04464146415320862	0.010886813651921866	0.025153565805742677	-0.03608810131228571	-0.014134370051091031	0.012021670407541788	0.008651387103308417	0.024018568631724888	0.0021928434080330248	-0.0031679192401700405	-0.011821631709410441	-0.0020458430116843634	0.0062769403147120775	-0.02241689975066697	0.009751790404078602	-0.0070733585223421444	-0.011802627484309422	0.015806616616600905	-0.01267159056142139	-0.00865333606121016	-0.0059925261044462995	-0.00039087502006363646	0.0011760291032816678	-0.0008813282212368447	-0.0	0.0	0.0	0.0	0.0	0.0	0.0	0.0	0.0	0.0	0.0	0.0	0.0	0.0	0.0	0.0
ec1349	0.10756139434166473	0.08494398319857703	-0.11617668061130036	-0.00110824951771615	0.017439299902082567	-0.06715822616391291	-0.0077399718542106085	0.18632804920853438	-0.02291146367672447	0.08438885027661014	0.05426433780799922	-0.008757729149990654	0.08129842597846755	-0.06029917449333134	-0.01291378816354839	-0.03266736023634687	-0.00609547007086361	0.01855951729857421	0.010088535884443816	-0.04463557995521146	-0.017773652659103568	0.034041887183247625	0.037196116309183826	-0.005663232450878459	0.01113851869377532	-0.016498910540809843	0.004929419024487137	0.025720981591318345	0.030724890694880613	-0.020117195275699853	0.0084634893205946	0.01654902239000079	-0.018009868349068665	0.0016092900949185346	0.017056299482254938	0.0023445589448687367	-0.009911523785849257	-0.001395659635831088	-0.005751170645755464	-0.00576102591446883	-0.0014868042671508635	-0.0	0.0	0.0	0.0	0.0	0.0	0.0	0.0	0.0	0.0	0.0	0.0	0.0	0.0	0.0	0.0
ec1356	-0.17285158613139773	0.040416581202019165	-0.039799718787273154	0.022938543211331243	-0.01174983134397607	0.04520504622338747	-0.00854074386988392	0.01156097620103216	-0.05031588736549299	0.020155941288754208	0.022538995598693826	0.034385769411666205	0.0029357118359263057	-0.0071352314689108985	-0.021610782723985807	-0.022558244969250463	-0.03014419578362927	0.004511430023289652	-0.009317649237447677	-0.007877807033275928	0.023036668469149927	-0.0154224583620663	-0.001274168359684129	-0.011398322888478071	0.003877877917544038	-0.005656764731889614	-0.015909834368860634	0.004297911808854451	-0.014205021271368187	-0.0002915029077836103	0.0015954946096216013	0.00209824402140352	0.006984712851360661	0.010887321538312891	0.009119387755425016	0.005692892365486972	0.00018160984258922357	0.016119347466719867	-0.0034236609865788206	0.0035608540910791295	-0.006753673592163009	-0.0	0.0	0.0	0.0	0.0	0.0	0.0	0.0	0.0	0.0	0.0	0.0	0.0	0.0	0.0	0.0
ec1358	-0.16841586521465807	0.03782715439771325	-0.04396723369160786	0.02191510367819357	-0.01646534558174219	0.04005911004688188	-0.016939179199992768	0.009673934235021053	-0.03762790416917384	0.01856265759433668	0.011731620609150496	0.03194070270386431	0.004008857392570423	-0.010003025047870871	-0.008351350157316962	-0.02551007381582676	-0.001650458937938828	0.004528456825016683	0.014348963739759583	-0.002799409204714282	0.015053145090664133	-0.0005891381107423767	0.011640523581302128	-0.027411614704327323	-0.0034139886115643024	0.008381889923797065	-0.03578896041036544	0.01485715655650285	0.015680337060147716	-0.014588488737338985	-0.020713782001513945	-0.0014883764384783405	-0.01162885741966194	-0.008934610340802184	-0.009579492296691482	-0.004249918978538123	0.01723761750723505	-0.03085974280163344	-0.01840274103237577	0.003157661320075705	0.0021093793153763554	-0.0	0.0	0.0	0.0	0.0	0.0	0.0	0.0	0.0	0.0	0.0	0.0	0.0	0.0	0.0	0.0
ec1359	-0.11342728590363059	0.003643127869211691	-0.03117762133123982	0.10710273715539673	-0.062155990405073226	0.07346981287415633	0.04230800027573533	-0.021793965340139474	-0.02111575743319252	0.03818717525300027	-0.04169415365921169	0.024341219992552576	0.008968815816803491	-0.004342128879730499	-0.023998430533767944	-0.017805386874031204	-0.0018489270658038149	0.012509228234893685	-0.0242549393921771	-0.007433498889620344	-0.009511467101464083	0.00654519946547455	-0.0085760038317221	-0.024408276903122243	0.008160818920302631	0.01569480320918037	-0.022249043058905158	0.0056687288672626806	-0.012766602930461649	0.02371351662139883	-0.009198645379205865	0.016317420486490115	0.007434784478398946	0.007297575556983542	0.031781162612398973	0.011053658923655967	-0.014477170649392933	0.021337180573008527	-0.010682149128857888	0.0035922231945283113	0.004826620586368377	-0.0	0.0	0.0	0.0	0.0	0.0	0.0	0.0	0.0	0.0	0.0	0.0	0.0	0.0	0.0	0.0
ec1361	-0.10941596788564646	-0.06222560290751595	-0.021005083300452285	-0.017370518747190193	-0.048474068277165445	-0.06327991402618362	-0.06631455847947676	0.06716903077219741	0.03559495809058629	-0.12960730384804336	-0.0027447987047111455	0.010982386587775325	0.160873322314317	-0.05204785699681343	-0.0014003426662224307	0.02145698176315365	-0.057106466614503124	0.014906249401837667	0.014670541931993346	-0.035921458508549726	0.04426934123400952	0.005131769628115627	0.03150923190203349	0.017285312088878194	-0.042370004850693845	-0.018737415674876735	0.004595207775399114	-0.007201002768955554	-0.02263400126866833	-0.0004646946081191655	-0.014386080604053384	-0.010518956844416921	-0.01169666352587248	0.02872539868442011	-0.02174548212230897	0.01633543140052659	0.004888512481792387	-0.0003643642464677404	0.00044408240108918736	0.0027487674197916186	0.001218686131378459	-0.0	0.0	0.0	0.0	0.0	0.0	0.0	0.0	0.0	0.0	0.0	0.0	0.0	0.0	0.0	0.0
ec1362	-0.18148226241895157	0.03141880715842186	-0.00853321232122548	-0.0004844021298624428	0.006705660053085506	0.01566211066198123	-0.020506809168132537	0.002810567708086274	-0.017100140880734097	-0.007286789222103782	-0.0028033456398607777	-0.035679712831570155	0.009293215237271958	0.016753499466676328	0.008836551307572578	0.02226937933952508	-0.0005144593201516648	-0.011120641261367872	0.001973688345557246	0.02496785695062193	0.0005928202285504802	0.007315776676964109	-0.00041045171564895567	0.018276978747439773	0.004183506819185676	-0.0077330050863797005	0.004770696376571272	0.004998607190317572	0.019586264218808512	0.009618798057221014	-0.00381741468739038	-0.0025973357430334612	0.02381818182779804	0.011873211126399939	-0.005187332994877277	0.0019042945414298634	-0.03135279622164227	0.0029083421074682855	-0.005406868819547917	-0.00561051874370363	0.0014390929967341788	-0.0	0.0	0.0	0.0	0.0	0.0	0.0	0.0	0.0	0.0	0.0	0.0	0.0	0.0	0.0	0.0
ec1368	0.24684083715773894	0.04434481144216921	0.06130152422817396	0.08806473617976654	0.19882403974199575	0.17595181479851593	0.06389343852045026	-0.03866701886327697	-0.03827300570733383	0.011215534345651213	0.013580405844041927	-0.05811261230463255	0.04116542769662947	0.08532557879593747	0.02822209471331838	0.06660860332782106	-0.03703446742211323	-0.02050494477387664	-0.06250774071316272	-0.09230701293846767	0.05273268859367689	0.06648448546408872	0.021512220726555505	0.029044763759947828	-0.0025078002955513322	0.00011519245263157223	0.026327584620199736	0.008591131327923602	-0.0032756875374526577	0.025655112198278738	-0.011126797435178202	0.003542266146637603	-0.009878594987846816	-0.009045634413544616	0.010051058021665227	-0.0054954539828465975	0.01410742515929398	0.0006851474686656539	-0.00259509823091403	-0.0022505867484552754	0.000823131394971223	-0.0	0.0	0.0	0.0	0.0	0.0	0.0	0.0	0.0	0.0	0.0	0.0	0.0	0.0	0.0	0.0
ec1375	0.014854456619605853	0.10025035832008083	-0.08824432459241474	-0.13239646503251118	0.08101300068945966	-0.023885721964419473	0.001431315238865338	-0.04111308117113531	-0.007494365673616544	-0.05213083599882151	-0.066815007614236	-0.027001234188969457	0.0031098790104372104	-0.04267235003296841	0.07788547333716841	-0.011325006428845884	0.0270620627203276	-0.01943596949724555	-0.013292360562167743	0.0036207105583903575	-0.03611163872532523	-0.025055819283843102	-0.021518753706466047	0.02123273102709086	-0.016168394773754948	0.009564897075568254	-0.0058388546020419815	-0.049887291520286606	0.013058118277769672	0.00043468851331242986	-0.014763420216562734	-0.0005683929697814688	0.004926732234696464	-0.0025686552951451926	9.408489114479334e-05	-0.006786535533161751	0.013686919105573932	0.0047882233421076125	0.005879982901083101	-0.004220476300596173	0.00039483376222411096	-0.0	0.0	0.0	0.0	0.0	0.0	0.0	0.0	0.0	0.0	0.0	0.0	0.0	0.0	0.0	0.0
ec1377	0.2770963304173111	0.06877621686576255	0.1877092563036646	0.019867530511659078	0.05446908380516734	0.037144213850533896	0.12765939616544347	0.0916606417029026	0.04231450105281232	0.05165714190155034	0.08393931030249807	-0.022404346156675675	0.013112382355234776	0.005068065072731967	-0.04573596077043229	-0.04152273793889053	-0.08855277128473386	-0.032433100635351965	0.0511124628453012	0.08297164161302407	-0.06320540036113212	-0.007122123763358503	-0.028537471578774676	0.05076925285867267	-0.017532764924689435	-0.025467515274949816	0.020221465022789188	-0.05648749735934197	-0.009425389851598598	-0.014753996668987805	-0.001981707927258014	0.010917499429920666	-0.0059519158159064825	0.0013122060691400583	-0.0006756135502984108	0.008164153542699995	0.005310052577614348	-4.0790814254594754e-05	0.0002500697082788354	-0.0026459634367089237	0.0010061927071749895	-0.0	0.0	0.0	0.0	0.0	0.0	0.0	0.0	0.0	0.0	0.0	0.0	0.0	0.0	0.0	0.0
ec1378	-0.12110504740708403	0.031210130327257952	0.18746634781869376	0.03683887855560157	0.15352541770967007	0.013969102588796231	-0.07188010268028673	-0.042666679076534375	0.037872937975880185	-0.009653302867411756	0.004777164239316238	-0.03378580530832839	-0.00882499318877039	-0.021400065444494375	0.05833960314781199	0.009646805015104922	0.03284656708379168	0.01953677925942101	0.03342887729244291	-0.01371602029297382	-0.0046841271191361625	-0.020878411704061375	-0.013157761263176445	-0.01856710627187353	-0.0023621647280459824	-0.0061354889768731454	-0.015199555494623686	-0.019549384118352203	0.0016782631506263486	0.03427411539844731	0.030604931464643423	0.006294560221480537	0.040733279429239225	0.007179638671574323	0.019426968641653983	0.012567820759994922	-0.0064883532044452364	-0.024670189889412966	5.5629233376730286e-05	-0.0010616108607599168	3.621074122420731e-05	-0.0	0.0	0.0	0.0	0.0	0.0	0.0	0.0	0.0	0.0	0.0	0.0	0.0	0.0	0.0	0.0
ec1380	-0.12105327463556696	0.10341501549189762	0.17384476727099984	-0.11799287528218509	-0.0747704519212192	-0.01598359721027744	-0.007306163989081541	-0.034320610486053865	0.03156073931864218	0.005573632107084153	0.010970230098765526	-0.0014791301772000137	-0.02413248511978501	0.04191186090859102	0.000811809708069642	0.009073612224367724	0.014490596777755552	0.0016380151732240567	-0.018861698765680668	0.013321340259797483	0.011332736841023339	-0.017142715474137968	0.02140880364237258	-0.019100274722080385	0.009084535718254487	-0.03059155098769927	-0.0015494290244578654	0.0008411264203789401	-0.012327516903721386	0.014411160651212552	-0.0035227731216551598	0.0007144576451064324	-0.0005257656958914104	0.0036965309315268625	-0.004037710917471661	0.0006079531146955499	0.008040637007383236	0.005455046284072033	-0.007511089906453266	0.001501981212752249	0.0010011989872086738	-0.0	0.0	0.0	0.0	0.0	0.0	0.0	0.0	0.0	0.0	0.0	0.0	0.0	0.0	0.0	0.0
ec1390	-0.16358681791891214	0.029856358622583224	-0.010743836075765248	0.02159674602651277	-0.038704939988150465	0.0030679060228647258	0.00304671790186719	0.052848574094886955	-0.045496812558763915	-0.014858368229168348	-0.003402245905126444	-0.0082971690467516	0.0366523347444333	-0.06042447111855382	0.043496776619308744	-0.0005426847588990511	0.00043235997914133116	-0.011848416022601017	0.026430370691672228	0.00401404954634434	0.006370898385494551	0.030275704526402273	0.028542293232340452	-0.0034161277868902974	0.010862818704261326	0.006784697555586682	0.011300268887221042	0.005622711318027349	-0.0017717596278951535	-0.014684673664006683	0.0035243187098624247	0.04567092940146677	0.007036366431769846	0.014360156461192616	-0.006850445862154741	0.004520602439871568	0.014058388335051525	1.84351485902014e-05	0.002019435572797847	-0.004153611492769426	0.001605636097080703	-0.0	0.0	0.0	0.0	0.0	0.0	0.0	0.0	0.0	0.0	0.0	0.0	0.0	0.0	0.0	0.0
ec1391	-0.11599557024449986	-0.017389910723302947	-0.027972790766213017	-0.012724347767703622	0.05957444049327797	-0.07139587534929098	0.04805183494458753	-0.047037248370281386	-0.04521311519316278	-0.037588040879877174	-0.031507446664107555	0.018290171861405077	-0.026217203984549787	0.016275924358911745	-0.09495715450446596	-0.026449959805226523	-0.03927299856124357	-0.01782382673673759	0.03076641647259293	0.04651628815242265	0.042274208807979524	0.05933578502744444	-0.020687083990718797	-0.0025222332341407003	-0.027827998251106094	-0.02482258948194117	0.04484571791591318	0.03219638281376472	0.024291969366079233	0.02539788710335604	0.021917864935334274	-0.014413457049329025	-0.02851122785024332	-0.008563388119541807	0.010732356367707852	0.01941665852400573	-0.011598151151999686	-0.00882804618728295	0.007953853468417083	0.0027204677114528114	0.0007184179388006534	-0.0	0.0	0.0	0.0	0.0	0.0	0.0	0.0	0.0	0.0	0.0	0.0	0.0	0.0	0.0	0.0
ec1392	-0.047674691523223546	0.07939628740277523	0.13557851180426964	-0.00042410551419802306	-0.16900476635669534	0.050433196319785434	0.07342208932373014	0.016907033482329286	-0.017517624455266265	0.0024203294012526454	0.016278858554117304	0.049461731722195416	-0.02331263051338151	0.011357419262137573	-0.007681000355579396	-0.010927010253280824	-0.028545874390092468	-0.012819817818694287	2.39265010005251e-05	-0.021407626701635613	0.017237770949329573	-0.019361565653854062	0.001108833207776937	-0.006569611860567649	0.012836355914856762	0.02351612549460829	-0.01920297584513207	0.03341519552666007	0.005525851511996516	-0.005687464649718101	0.020452721508651628	0.009086102716066797	-0.002053374176778068	0.008399921646990294	-0.0030610504977209487	-0.006241373345684981	0.003069879585127762	-0.0034643418138638306	0.008390620476954982	-0.0032154427215331854	-0.00012151276533534332	-0.0	0.0	0.0	0.0	0.0	0.0	0.0	0.0	0.0	0.0	0.0	0.0	0.0	0.0	0.0	0.0
ec1394	-0.1128503011707382	0.00721932908258587	-0.031374115618012934	0.11162449772326251	-0.053450485028985445	0.06923218322172638	0.040153197557829395	-0.03153156135730525	-0.005080405910094001	0.043058026409763604	-0.03321116847335092	0.02192041713563454	-0.01097142365255914	0.008822317978375219	-0.010570647985426776	-0.008616386312165629	0.010906102382968174	0.027723080641156826	-0.015264201023917696	-0.008554517553647967	-0.0048793331727509225	0.01676668683887336	0.02552799888616411	0.026495813585073538	-0.005889263246776001	0.012303029212770511	0.008368979399040384	0.010581227291924998	0.000123464943429073	0.026388676078150198	0.02706134439180442	0.010694072430578143	-0.00474168639388338	0.005292496964970757	-0.008349306447639523	-0.018637418748371427	0.0078117072055018865	-0.00510765956761695	0.018894199676021302	0.0035784639302991654	-0.001192247013717646	-0.0	0.0	0.0	0.0	0.0	0.0	0.0	0.0	0.0	0.0	0.0	0.0	0.0	0.0	0.0	0.0
ec1396	-0.1835006800242592	0.03468614818589455	0.01755208968408229	-0.05935093136943097	0.018849947345195944	-0.04749209097122059	-0.026997433110515594	-0.02642868211312564	0.01819841984357776	0.0217049623141808	-0.05091746514940536	-0.016274905510129584	0.018349613602079096	-0.0194504775173397	0.066387727943541	0.02636498298338453	-0.03603142713401189	-0.015512968296496218	0.0057432170854454685	-0.01717078403848579	-0.020935849671575742	-0.0069765845929077525	-0.0019370277923148888	0.02950281842428352	-0.009710673097269697	0.021451915697896264	-0.005258153257656746	-0.02328515769981571	-0.01758719750728805	-0.008734472806308508	0.009700250468521021	-0.00615184293489852	-0.002959813288752868	0.00397088838401606	-0.009163023221196729	-0.0034794448979032526	-0.01192108639112841	-0.0019940130645888683	0.00253711501062926	0.005272991454055363	0.0008226739549408572	-0.0	0.0	0.0	0.0	0.0	0.0	0.0	0.0	0.0	0.0	0.0	0.0	0.0	0.0	0.0	0.0
ec1400	0.04816058477053746	0.1251596200179733	-0.15093438167264867	0.05448986759159076	-0.01219638479011821	-0.020682266328657776	-0.11023870213359697	-0.024118603212493525	-0.0692605571850413	-0.05069373669074198	0.06726773575138367	0.04803212651051822	0.00803196998660258	-0.01768374903876386	0.00289050076327198	-0.05999320523529961	0.019432822775706328	0.029786026932198603	-0.023203643111325233	0.0005442683644070369	0.014129370421674645	-0.017213765902937515	-0.0006487561770052814	0.034956525481105366	0.00036478114977409845	0.003233016804504829	-0.005816152705631705	-0.034220180546743986	0.031715891373073866	0.031445469703055014	-0.01856267333350295	0.0018682566347085153	0.001573500385244685	-0.0332042463974899	-0.011425650600314828	0.015967313016572417	0.009487350277339504	0.00650687197373639	0.0007112594447668962	-0.004615740928394716	0.0007969572251014807	-0.0	0.0	0.0	0.0	0.0	0.0	0.0	0.0	0.0	0.0	0.0	0.0	0.0	0.0	0.0	0.0
ec1406	0.07060275345662123	0.20207928658493352	0.05566244106620767	-0.14820329662071002	-0.05002519166406569	0.029509868509384612	-0.02588511022879604	-0.03691850990624872	0.017267895012481823	-0.0363172308872095	0.03142615124435919	0.017103658958242274	-0.022677675498457513	0.019294135686840682	-0.01411773753835981	0.00888168878211858	0.04544867663561712	0.018480412866827074	-0.01387974533422039	0.03226323075596294	0.0017789363901933512	-0.017051824789849967	-0.01694595652288187	-0.01979393891052878	-0.0048833494961562415	0.009483907726405368	-0.004325451096264701	0.020496756756189345	0.035279510382136704	-0.0056396670466303585	-0.02082855753052341	0.018921828454824183	-0.014221672972534904	0.00258058608768341	0.013036555363864217	-0.007138435866595213	0.0025688668632474552	0.0004516897915247793	0.008562408292968404	0.0010832549465392487	0.0014194717799036797	-0.0	0.0	0.0	0.0	0.0	0.0	0.0	0.0	0.0	0.0	0.0	0.0	0.0	0.0	0.0	0.0
ec1408	-0.10365936151965507	-0.03776893630254154	-0.01992583089115717	0.06813273145554073	0.001966309114342561	0.0300608889734608	0.08452886849402053	-0.058650992371068904	0.003555727018905241	-0.028484451919092785	-0.10762836358608198	0.003951842505370732	-0.003752984103234926	0.039011506154101296	-0.004479996732293814	-0.018975183959689883	0.016482819215734565	-0.045431742461029566	-0.03132117631831463	0.01622673047713863	-0.008603979706588005	0.023904603657477506	0.01727858332520194	0.025189950573698657	-0.004000375863223789	-0.015276357763113105	0.02100840760234595	-0.017151925047438073	0.014463976537811212	0.01193106250430941	-0.0230802174817056	-0.001607091193419448	0.008196603491054933	0.018601385852090438	-0.03259056107636603	-0.024282015349835182	-0.016345964157839586	-0.0023274997964027977	-0.009082413551831087	-0.008310875192539662	-0.0014398750202842465	-0.0	0.0	0.0	0.0	0.0	0.0	0.0	0.0	0.0	0.0	0.0	0.0	0.0	0.0	0.0	0.0
ec1409	0.07026931237947893	0.07814308122369554	-0.14084849071346714	-0.015589827234245684	0.07247939322150773	-0.015120968388728171	-0.06226468817528346	0.06843547774610301	-0.021375963933799456	0.005838650614868869	0.03129136383417057	0.0771628300897612	0.10516134045941139	0.07515682926194912	-0.04278422627611248	0.06409011903805804	-0.0003074676505606256	0.031794495651979275	-0.04551301938495913	0.04931862617742652	-0.0018290595228622046	-0.048315287027501014	-0.08529516276273567	-0.008353733472217016	0.0021102127920279044	-0.028785713711380157	0.03807506592668191	0.058131317557249554	-0.011526566245258704	-0.014835309348550207	0.00745145055245415	-0.015219689109322103	0.03788413712537461	-0.00030906750970786305	-0.007193833588611022	-0.015277217098378168	0.005671873052280613	-0.0026823900457251006	-0.0015872159878313804	-0.0017510310644738057	0.0006062099587589245	-0.0	0.0	0.0	0.0	0.0	0.0	0.0	0.0	0.0	0.0	0.0	0.0	0.0	0.0	0.0	0.0
ec1411	0.21878846340224986	0.1166132216104528	0.03922251861954224	-0.08262895053960097	-0.06459889992927961	0.002645884892622842	0.14531502730357937	0.08973087533814404	-0.05506262847857449	0.005565201137428786	0.00909031534234083	0.031272575522296724	-0.08865166438738659	0.015774461703475857	-0.022502779675671672	-0.047675993035568014	0.016938389199184514	-0.00678059509187212	-0.030920525980359485	-0.016184652728069602	0.039566476570000446	-0.0013155093988138228	0.03222547963504851	0.0034743972436914457	-0.002445637365626622	0.01318810267450655	-0.03779686304039685	0.011554989666817887	0.004404322823466359	-0.018255275771837907	0.0071146239393570215	-0.000287053523660545	0.02909323987010222	0.017561568202628122	-0.010147989228820375	0.0005294392419998723	9.716946185534221e-05	-0.005125438442848321	0.00446797671429169	-0.001978920489673177	0.000747418412275186	-0.0	0.0	0.0	0.0	0.0	0.0	0.0	0.0	0.0	0.0	0.0	0.0	0.0	0.0	0.0	0.0
ec1420	-0.17743155837896943	0.028453733885088497	0.012554955045430164	-0.06193590962921433	0.0217342161591387	-0.047752507472795865	-0.01402159448105118	-0.0068044100663935654	0.018296532954781435	0.02220300717374314	-0.05384448320210842	-0.029447075797085047	0.03257044472536046	-0.035349390097286514	0.03557541325026387	0.037068596602757936	0.007873678466642291	-0.0070010768320238025	0.003112089055886766	-0.01712735550028895	-0.02877202269532092	-0.020231489710612446	-0.0077496827460811655	0.006032914530242712	0.0001682669998757158	-0.005994757152265078	0.008356582731229686	0.02656241293265802	0.0062686284654498116	0.011037211194608106	0.048765559607863974	0.019963589515265338	0.005729673491398671	-0.013470471511486356	0.0040709379927749	0.006875586315196768	0.015076829523062846	0.011665441235223614	-0.0017234573377922944	-0.010526259254897682	-0.0009565051971388858	-0.0	0.0	0.0	0.0	0.0	0.0	0.0	0.0	0.0	0.0	0.0	0.0	0.0	0.0	0.0	0.0
ec1422	-0.0784378855792968	0.010794957488809476	0.14978732105580167	0.014633969224733877	0.18415148303216775	0.004943639461806529	0.011265616971368735	-0.06877804316213282	0.02426294918063657	-0.019078213118892212	-0.006996946810258282	0.02052835915679074	-0.036201587536517046	-0.04077954083708588	-0.0579078890954297	-0.027668333082758748	-0.0068904046751329835	-0.0234877118277133	0.028919083455339327	-0.030371675393875086	-0.01576821437254094	-0.009893336615789406	-0.03862281949602803	-0.07699475730945651	-0.008513537971707077	-0.014369211491007092	-5.0830427316293135e-05	0.009802264906611636	-0.007518995517405297	-0.009158559173407053	0.02518117390064464	0.03074193049720339	-0.025289186116242438	-0.01583635301913712	-0.035115260700538324	-0.012571562907001758	0.000356130750164187	0.00903314436696428	-0.008894921001506595	0.0031800623892639882	-0.0006306874518102914	-0.0	0.0	0.0	0.0	0.0	0.0	0.0	0.0	0.0	0.0	0.0	0.0	0.0	0.0	0.0	0.0
ec1424	0.045118630775291345	0.11644061900767505	-0.08775037125547339	-0.09916535492485073	0.09610980100366706	0.0011815536734300954	-0.020864249417018282	0.06802589153269849	0.0573985193107654	0.1262426435242981	0.02706359071718431	-0.03158135739636194	-0.02078728927517168	-0.00743486805403883	-0.01997444583062264	-0.0312113386156547	-0.004416194638012564	0.04805079612106369	-0.03373670993821154	-0.01533471336139922	-0.006102244654450941	0.014575810876714664	0.019529398914389793	0.033076931770001095	-0.022358268390304952	0.0006976898372775145	0.009486124130104825	-0.009576906403923948	-0.016193014840899998	0.013651949448581958	0.028400377381314002	0.014101004246962172	0.02810135100590984	0.0030616930003708534	-0.01691201784942288	0.005499231410185992	-0.007950111010055758	-0.0007654887614878659	0.0010446440057784168	0.012101971242419376	0.0001487628151648564	-0.0	0.0	0.0	0.0	0.0	0.0	0.0	0.0	0.0	0.0	0.0	0.0	0.0	0.0	0.0	0.0
ec1425	-0.014673283345923448	0.06104503183737276	0.17940859882313936	-0.011019358436250943	-0.18129141482482033	0.009101045903571046	0.07899321441262051	0.005183418112825287	0.033930161653938196	-0.025377870699588762	-0.04927290808933783	-0.01330302734956762	0.015040080927568358	0.0076293693036688	0.009985708676978344	0.036293882029258415	0.004864761370655389	-0.026514833043391264	0.044421372098732974	0.026226417589773118	0.010191705400302245	-0.036476302067529505	0.030410351804775023	0.021773748004744485	0.021764754251256922	-0.0021692580842233218	0.04823537083161523	0.03466763185431327	-0.023401468342403486	0.016090496045542066	-0.030445745843546757	0.005505732882595137	0.017162708941051992	-0.02089448462451842	-0.004607404702512424	0.010900210551330398	0.006958771859871457	0.005789319764661034	-0.0034196375874116962	0.00544269201911505	0.00024211689075838278	-0.0	0.0	0.0	0.0	0.0	0.0	0.0	0.0	0.0	0.0	0.0	0.0	0.0	0.0	0.0	0.0
ec1427	-0.07392326657864678	0.0980226681105973	0.1865151854730425	-0.09676496649437566	-0.09013562229044432	-0.12469592617964562	-0.015880570118861546	-0.004759938251810171	0.0024114355870366684	-0.013249237955948031	0.01592228105144965	0.027262213692965064	0.024722380826131155	0.03569468195637869	0.03791213988478134	0.04639879846886235	-0.03283202755361897	0.010825903434257472	0.0048264671563219555	-0.022476750084539962	-0.03217112775077643	0.0017188061955775483	0.010731903744043097	0.008435027400460817	0.005717096172647263	0.001629980791269634	-0.00042473145085047834	0.012706762697685088	0.021427209905894192	0.015183026307174325	0.004041408823584989	-0.020539852346755517	-0.028093795837566538	-0.002590823827181454	0.00883286926095134	-0.005017087672227604	-0.012320481690958977	-0.0048840856395592075	0.001568888419877258	-0.0070252495115205316	-0.0016216885354227212	-0.0	0.0	0.0	0.0	0.0	0.0	0.0	0.0	0.0	0.0	0.0	0.0	0.0	0.0	0.0	0.0
ec1435	0.11128826841373599	0.23162032253681997	0.05621631908533193	-0.18242472423015546	-0.020721590340907543	0.037277605236081014	0.002989233959234489	-0.0011515438921204596	0.030251856702443996	0.03311217741076815	0.02867028843801271	-0.01126082207906712	-0.010618057406166897	0.0158058114078331	-0.005642279694023531	-0.027933408062597687	0.019035507905799328	0.029957865908543508	-0.012668044854729502	-0.03838495992985354	0.022582314534512076	-0.02103773455270271	0.01766612093273725	0.0066677153579150945	-0.005094132975254697	-0.016422890577276604	-0.017039517213138088	-0.022903993302411392	-0.013083605267216617	0.00854189948338686	-0.0009589723266380253	-0.039400566915418364	-0.013094345243373998	-0.013153145870400647	-0.0017723242540081167	0.002612751064141628	-0.007784026215692437	0.0013534850249608912	-0.010329649105424128	0.000758673104497516	-0.0021017599268774	-0.0	0.0	0.0	0.0	0.0	0.0	0.0	0.0	0.0	0.0	0.0	0.0	0.0	0.0	0.0	0.0
ec1437	0.026122714053442873	0.10122900702963188	-0.11316969395560769	-0.0780247895239385	0.07961201829508419	0.029470274918395288	0.007611770333088442	-0.056166189908991956	-0.025659351484604607	-0.06781349765827828	-0.032178801821358655	-0.00943023817045225	-0.040027562757747	-0.020539847606190754	-0.046137364002590026	-0.03817831479750328	0.03264053970644029	-0.011489855185691617	-0.017682536035146013	0.03267330536479643	0.004120718315035487	0.005009778129987712	-0.01108783577153686	-0.015818546578887784	-0.025152013950597806	0.012621471457718067	0.016502660454162127	-0.0030061934732123563	0.03816200689129715	-0.004975875168880729	-0.03333721516356179	0.026739571435379753	-0.002112316971043709	0.020732280741605595	0.006902150605329839	0.009441147312515516	-0.004205473947529111	-0.001201821715058512	-0.0011249795168089506	-0.000139879028259244	-0.0019336184600536976	-0.0	0.0	0.0	0.0	0.0	0.0	0.0	0.0	0.0	0.0	0.0	0.0	0.0	0.0	0.0	0.0
ec1438	-0.1862030550470407	0.02619773205604292	-0.006324767650875976	-0.014089399459477276	0.012520539455389114	0.002080773702632819	-0.02750478673804376	-0.01134416407258515	0.009263481639544638	-0.008990279131260747	-0.017393599126635302	-0.04541978061311968	0.001925669988760344	0.01878893448503021	0.002582452674889674	0.015399734569887722	0.015784386336760183	0.002390834214541554	0.0015737505264644903	0.03238789081734856	0.011725725323390378	0.00233534922302452	0.0019546904421027136	0.009026233976841703	-0.0057187234152339915	0.006708000028285718	0.015390992871962701	0.0010234339086536827	0.024019679152846862	0.016472202125556553	-0.02119475406139397	0.00163616525211773	0.0006650846024925453	-0.0019134455763771849	0.0033321310331449116	0.011655042978160156	0.010604701927781712	-0.0027347865830324586	0.003223620289925473	0.008568759736858401	-0.0025846132543453073	-0.0	0.0	0.0	0.0	0.0	0.0	0.0	0.0	0.0	0.0	0.0	0.0	0.0	0.0	0.0	0.0
eti101	-0.13186993180206918	-0.07533135980495716	-0.042390222488108725	-0.006541525278713183	0.00623565860407408	0.021948370901646117	0.05517369904407964	-0.026375520333365193	-0.12416972481323724	-0.02557173314349659	0.08802777085814259	-0.026474513911399766	0.007738531769612675	0.009195609807747647	0.020820521150930485	-0.028731432705628772	0.022382033599576235	-0.030723383619225195	-0.01835861505371779	0.03817802000092506	-0.035878032478270185	0.007410216916396121	0.05390843991965173	-0.04945055635901894	0.07753420000460916	0.0020720254136209117	0.05174736730960051	-0.03833805850855993	0.024284290815958922	-0.010920334363297951	0.04430350672372884	-0.04263765228454664	0.003402436289657008	0.01618593980428736	0.00485793315318219	-3.5489367111777404e-05	0.01446179145494664	0.0036785340543149677	-0.004734537973402511	0.003574935311753447	0.0006713062280108325	-0.0	0.0	0.0	0.0	0.0	0.0	0.0	0.0	0.0	0.0	0.0	0.0	0.0	0.0	0.0	0.0
eti102	-0.10031561367785528	-0.10128030996299911	-0.012779354259644207	0.056948647622034027	-0.11642975847161363	0.11225759286189081	-0.03222912023485943	0.07958477827461911	-0.04318857308765708	0.005380136251350338	-0.05231511283895177	-0.01618608479956923	-0.08217401292068978	0.05416146685758487	0.07381296190756503	-0.05662984624638566	0.0377453644853641	-0.01588899800905017	0.03684104874232102	-0.07197852087548351	0.023193038088732763	-0.014414553537507313	-0.114698520583997	0.06768049052402622	0.006369209442690256	-0.003969785306563942	0.03402089313808478	-0.0030173832936041217	0.01009506159089519	-0.03962533205170121	0.012277603713364425	-0.0035603978015328617	-0.012873888955634774	0.003662641273268395	0.0033588974038570507	0.013085799451456841	-0.00012465788372550417	-0.0024154602990608598	-0.0052044287964133655	0.0018406477064174173	-0.00038652974860081224	-0.0	0.0	0.0	0.0	0.0	0.0	0.0	0.0	0.0	0.0	0.0	0.0	0.0	0.0	0.0	0.0
eti105	0.4060577359039994	-0.3058305440692128	0.23712911921074784	-0.13373494865135327	-0.0513380572029115	0.020425656688134026	-0.21564299152472033	-0.06951437889301819	-0.22011630161963855	0.09687363800923421	-0.08931721840484737	-0.03100349869154647	0.05387442588892333	-0.035523514508819916	-0.044988968451287456	-0.03008494569802258	0.004224757886000437	-0.0035384588241822736	-0.012330898869277726	0.008941638675768668	0.0006579895166311573	-0.010200490294962093	0.009719569055892762	0.004872146078650356	-0.008593013969445033	0.0018833903557108017	-0.0005094307161213576	0.005195144791625157	0.007512729990988661	0.000503629643850558	-0.0007066081928245022	0.004080167640879872	0.004519657787319533	0.0034407699196163386	-0.004059043923019944	-0.0021459233162450645	-0.002280746876671099	0.0005168528104392294	0.0010058772401736627	0.0009237296328654381	4.2918411887772436e-05	-0.0	0.0	0.0	0.0	0.0	0.0	0.0	0.0	0.0	0.0	0.0	0.0	0.0	0.0	0.0	0.0
eti107	-0.18741289499764535	0.03566682841240665	-0.025158284835740855	0.02692554473603653	-0.031037643999298377	0.029961273513023325	-0.02047779707557667	0.0429875168266173	-0.05804722875835524	0.00043399730725411705	-0.006541460437176171	-0.003060968986229236	0.04395864675054581	-0.04703851912901675	0.018622940965765715	-0.023283026774384145	0.017223908287538576	0.0021799833605111773	0.005981728359092462	0.015759526776383877	0.045970547555343196	0.009960067590486402	0.021438283575982806	-0.0023971380225928087	0.010399476408315445	-0.038663436991031225	0.021143856849130626	-0.035863725154067785	-0.03211628582978374	-0.03201112957964518	-0.018592541786867856	0.009454573215496247	0.0023135150476186004	-0.025795330711352097	0.01584063929736261	-0.032244311434278555	-0.009945576874891454	-0.0019223697933102813	0.006946359001876621	0.004538556882473864	-0.0009264320549595445	-0.0	0.0	0.0	0.0	0.0	0.0	0.0	0.0	0.0	0.0	0.0	0.0	0.0	0.0	0.0	0.0
eti109	0.12337230047607292	-0.015734529206321936	-0.12017762807348083	-0.028557004430508515	-0.0040333384795304	0.1537342915533098	-0.08240801011458027	-0.023636803808828977	0.09903249451319786	0.06463237549866802	-0.12063399901603679	0.137941676930808	0.03623283006588654	0.13396699251978153	0.036997844582882744	0.019959741431918733	0.0209405736816845	0.024633941134798727	0.10148486080581626	0.02921044760741816	-0.042370617941580424	0.05303803592239635	0.05407063799852545	-0.024608618645435214	-0.011580625824737031	-0.013391001035965758	-0.02414561588019101	-0.012095650764207317	0.017295862554301777	-0.023046284463229774	0.010517151448562459	-0.00394473601028005	-0.00040926653897792255	-0.004495961143132952	-0.0035244677661794895	0.008761316739504876	0.0024073481960932147	0.004970821724183668	0.0017094575124378796	7.514419888536796e-05	-0.00013614161636020945	-0.0	0.0	0.0	0.0	0.0	0.0	0.0	0.0	0.0	0.0	0.0	0.0	0.0	0.0	0.0	0.0
eti111	-0.04284408657122097	-0.1877523177149557	-0.05662666855461727	-0.0821462475609902	-0.030072872289637575	0.08559996572607827	0.04826036803807149	-0.024537134598418348	0.0006581995143641773	-0.06119247837070088	0.09692047605298804	0.018701677940318583	-0.02227962670413997	-0.07763734440755989	-0.03827249744495803	0.0754966574529617	-0.06427898942223785	-0.061037320268590954	0.04494173342211011	-0.05594206850858711	-0.06352615913350271	0.01937924815906422	-0.01078278130042052	0.032833116290602926	-0.0021817383678050433	-0.029837497934767438	-0.04242590557321042	0.01787011390007507	0.060326673854024467	0.0021585399485268978	-0.015054281491156453	-0.011099184756706737	0.033720273813483755	-0.015286293714396186	0.00428789109393829	-0.012795599093442387	-0.0008312487902521192	0.0030412602580070953	0.0010141876241298315	0.006226852405734702	-0.0002677997504910833	-0.0	0.0	0.0	0.0	0.0	0.0	0.0	0.0	0.0	0.0	0.0	0.0	0.0	0.0	0.0	0.0
eti113	0.09414386674642085	-0.28491182714853436	-0.029841779718037094	-0.05921772266004562	-0.01321960051601864	-0.03615294649866618	0.16147683976239685	-0.16706933036410315	0.10876184877351701	0.15237552027656176	0.10221043048542951	0.12025472759110147	0.05258836043361813	-0.07759059045066495	0.11526115571671368	-0.015071054105495287	0.031522027514552194	0.029237609032063294	-0.02994707161824759	0.029390728190625832	0.06506043052335544	-0.007764451408682314	-0.023993672385212203	0.007958692478347318	0.00015493384312931328	-0.015653102700701887	0.009723639315335045	0.005074116651227958	0.013033368969187982	0.002639774316827239	-0.00561134636073926	0.004832481130177592	-0.009072462394613358	0.002591391203628427	-0.0017144514010627456	0.004546845704448725	-0.00268175401759249	-0.001129805069605445	-0.0014930900347414821	-0.0006594377087449856	-0.0001779244243229437	-0.0	0.0	0.0	0.0	0.0	0.0	0.0	0.0	0.0	0.0	0.0	0.0	0.0	0.0	0.0	0.0
eti114	0.1245901648235691	0.0109502817713573	-0.16328229244374384	-0.11893905110898859	0.08296990073987418	0.0858059202594343	0.032816431876842675	-0.0702856341016762	-0.10831306095000615	-0.0801251677942675	0.09741284851701086	0.009310794511384151	0.05398408258203128	0.03829239474069749	0.03969177133181496	0.04530291984218851	0.017276514814758757	-0.08097778991949772	0.03281683514089415	0.01900843898909572	-0.020336806786217774	-0.02767492793807256	-0.001226139426888701	0.007563836123438627	0.0367773981012928	0.05396983065753217	-0.025756507246340713	0.018187750540323604	-0.0699395415084512	-0.0035694276466397873	0.002758437893900667	0.01697322476591627	-0.02030698315909399	-0.0010892377549718553	-0.0017342767198976513	0.011605782927027356	-0.01629275658229118	-0.006970288988869003	0.002637999600911717	0.000824822832909979	-0.0009331595225897302	-0.0	0.0	0.0	0.0	0.0	0.0	0.0	0.0	0.0	0.0	0.0	0.0	0.0	0.0	0.0	0.0
eti116	0.207594589999144	-0.17463820750409798	-0.0067897586986072475	-0.09895174667204032	0.03281490333213833	0.09058139266123544	-0.10538860412258666	0.16940396804350272	0.16402978546036193	-0.14342597099649612	-0.05898783359344459	0.05339575826938747	-0.06937143740050405	-0.03232921549085736	0.0678136773407817	-0.06121089288141918	-0.08385637436945867	-0.017324176404635943	-0.06096259006395619	0.01880027013253401	0.01597648310957487	-0.0003910171819823194	-0.001400477866597125	-0.04106184851789841	0.06735969908729796	-0.0003309078417647176	0.013964961947462438	0.0062986812209239185	-0.0031502114540700294	0.025634403318741998	0.0012703474467824893	0.0034845263918397962	-0.00525489557695517	-0.003840649131315915	0.005177607484362412	-0.005263774780758338	-0.004642220940694825	-0.0019850789869981554	0.0017955491367723873	0.0004703601322722185	5.8626369794332665e-05	-0.0	0.0	0.0	0.0	0.0	0.0	0.0	0.0	0.0	0.0	0.0	0.0	0.0	0.0	0.0	0.0
eti117	-0.05316031926150637	-0.1317151950673706	-0.025688400518285446	0.03749556488802577	-0.011349042062366093	0.00936156643812906	0.06231532869465448	0.030189058009156357	0.07219050599347365	-0.01857456600608746	-0.10613001776794889	-0.045108093915261334	0.04491426211169465	0.006923175763225116	-0.0935809062216058	0.07040618830011854	0.0562919781459102	-0.0377507991792142	-0.11823201030939451	0.02500419991403881	-0.012300683271738281	-0.04221946779343848	0.004054075207136818	0.03597663130671918	0.019778936397512006	-0.047243284784004316	-0.06286554784049872	-0.02001366189657357	0.005303072159221177	-0.021818187486697223	0.024420042757770908	0.0036045753601559524	-0.02489325009998773	-0.0031508025891536094	0.006571378904220625	0.015261779398291795	0.0037477092438622933	-0.004861075288469848	0.001165496994650356	0.0017702073608220487	-5.7611290690948995e-05	-0.0	0.0	0.0	0.0	0.0	0.0	0.0	0.0	0.0	0.0	0.0	0.0	0.0	0.0	0.0	0.0
eti118	-0.05603726697102109	-0.18416810236505374	-0.04944024107050786	-0.0502380598382854	-0.03608299445134296	0.05743149666032606	-0.06053602866448776	0.03385400293815484	0.0735602666945807	0.02251597330543828	0.07016954151551301	0.003930948795477841	-0.08357953031145592	-0.017390319735332678	-0.1360120668387494	0.12571949268407834	0.019083161935003395	0.08553802115655738	0.036484642235544464	-0.008030822579749226	0.02788429416978298	-0.014595223120620976	0.006140018049064099	0.021765476432101014	0.03321886121083875	0.07231022760295884	0.033177376833681445	-0.04298621641568945	-0.003596447161561509	0.00878744597548491	-0.001445668720812904	0.008065837856947717	-0.008463323934052185	0.00721350427503823	-0.0062797437803854776	-0.0030664574394172837	0.001404995340498361	-0.0008663371460606016	-0.004192127582989227	-0.00560043620708699	-0.00039119964892899464	-0.0	0.0	0.0	0.0	0.0	0.0	0.0	0.0	0.0	0.0	0.0	0.0	0.0	0.0	0.0	0.0
eti121	-0.017940295610424508	-0.2442042032438298	-0.029308323993387567	-0.03836455043126756	-0.054203849967019144	0.041212665384198544	0.08230109730229719	-0.06606850580224756	0.06801643042706107	-0.13672968381711742	0.05528988533944338	-0.17017126883474104	0.06885254166972733	0.09199455854451499	-0.012033953910220503	-0.11230507353240368	-0.011859824204849583	0.10520511569542298	0.010788051629355293	-0.004001455067945654	-0.01093028917317689	-0.024781732183395407	0.015451094400329329	-0.017408545211241584	-0.05540819125598035	0.019121079651953348	-0.008854661887655525	0.014947328014236965	-0.0027206728232973573	-0.017817669242274604	0.012039587340615332	0.004047567405143634	0.009433207492362827	-0.011797215360398013	0.008171034008307375	-0.008251379313127135	-0.0015049228328133644	0.0012410443365877375	-0.0003789560379335351	-0.002743437125610994	-0.00019460573296787694	-0.0	0.0	0.0	0.0	0.0	0.0	0.0	0.0	0.0	0.0	0.0	0.0	0.0	0.0	0.0	0.0
eti123	-0.13041130201453408	-0.042756225275780484	-0.029742506783182212	-0.09707420844315512	0.07199614425828872	-0.02867916806398571	0.018066791411208868	-0.0902464600431851	0.001431158647133821	0.015622869978065309	-0.057683359716001706	0.062473944988864445	-0.06585891774047077	-0.023682851751406372	-0.08101665282148307	-0.013313817949699026	-0.03249704991700387	-0.008156738130712195	0.02571680600564078	-0.04110216074333062	0.038262229791379165	0.006078358617537463	0.00922524004102231	-0.019747870218481275	8.522353542745745e-05	-0.04314628363160874	0.005319384782221098	-0.02054013396570812	-0.060407430737257434	-0.029351382732285602	-0.018733166272991087	-0.012865982891875238	0.021794685408864777	-0.0012398510721240263	0.026220392571731935	0.004630135431872703	0.008079260076803133	-0.003709217637682048	0.005545552286974159	-0.00918400340120957	0.00040484899475782193	-0.0	0.0	0.0	0.0	0.0	0.0	0.0	0.0	0.0	0.0	0.0	0.0	0.0	0.0	0.0	0.0
eti125	-0.03125161354575814	-0.07885804647185497	0.0004731902051584438	0.0088783284977511	0.015082216815986066	-0.16562299275017467	0.06699390703747068	0.013736179042693683	0.02610466774200886	0.05255232504428352	-0.06978894106966137	0.08073752009447639	0.0196493259620608	0.023724128104654827	-0.02185516621621903	-0.029491131881518817	-0.018891350219281903	-0.027009792609083434	-0.06687645005090283	-0.06639249662196063	-0.09491874096085885	-0.008338118868058813	0.0051634794078152055	-0.028488935943092982	-0.02362394960765516	0.08732449260664221	0.04164827127331687	-0.0020808589419422296	-0.004478815705602098	-0.016843999864263298	-0.025491843409016113	-0.007802571855164783	0.009153893348355103	-0.013993512532008087	0.003993331569120059	0.010105168509024242	0.00019484777893561422	-0.0052588208923861094	0.0012285025838819834	0.0025830147741452737	-0.00021934318561233907	-0.0	0.0	0.0	0.0	0.0	0.0	0.0	0.0	0.0	0.0	0.0	0.0	0.0	0.0	0.0	0.0
eti133	-0.08672935234496772	-0.15368968714341938	-0.0347417835131208	0.008204981813567309	-0.06640865547457857	0.07325740228235011	-0.04652780792656505	0.14571018884339157	-0.028708251899685962	0.03633302747633793	0.09217018000481261	-0.007275418888528971	-0.1021256952118696	-0.014264266104064293	0.045603515388580325	0.03976720018797583	0.07112139723596103	-0.058400123018053876	-0.030951715223467936	0.032149895078880275	-0.03754377712342389	0.01573105578650503	0.010203788888319002	-0.04101644139874365	-0.12753826409824326	-0.017053492880500946	0.004644638868425293	0.009340911077252089	-0.037883755466140125	0.026618858644703397	-0.004226299496290463	-0.013947828427837289	-0.012162726549052837	-8.772928403463614e-05	0.0019316556109863438	-0.0016297948429754223	0.0039036241250955776	0.001510629180594029	0.00013298277458943927	-0.0034939887050002465	9.076366366306611e-05	-0.0	0.0	0.0	0.0	0.0	0.0	0.0	0.0	0.0	0.0	0.0	0.0	0.0	0.0	0.0	0.0
eti134	-0.03760365141922542	-0.10418035910081923	-0.005905423271664879	-0.03218072435147021	0.04447034642236765	-0.22079942844456263	0.03932332773873309	0.0817646290593502	-0.06320642537195284	-0.004631801712187895	-0.04990959311355246	0.007449348298441548	-0.02510143755868892	0.053135008235923785	0.026067250535314085	0.0067398523889556855	-0.04624695002416262	-0.006296050421669737	0.02061230766761686	0.07824420560897843	0.06370568721320662	0.06425144433635413	-0.028204732324346584	0.032752808808730646	-0.0053733016964913555	0.05463841028600402	-0.05916980225183203	-0.009298763255778185	-0.00838300513010181	0.015086577387779763	0.013682718792363019	0.000377043875490343	0.008425194042435346	-0.010967520686900429	0.008186649157527398	-0.01428227019359432	0.011232604366752073	0.0053124325095431765	-0.009124087579008516	0.0008900516318324162	-0.0008755460149747771	-0.0	0.0	0.0	0.0	0.0	0.0	0.0	0.0	0.0	0.0	0.0	0.0	0.0	0.0	0.0	0.0
eti135	-0.03737607504283193	-0.14872218198403592	-0.02662494702681552	-0.05756842508904449	0.048358917204041355	-0.21043118056303708	-0.000644489571591747	0.03185381842475472	-0.03664875933724492	0.013423966219476547	0.06374198300936547	-0.05471704203362355	-0.07424258171714773	0.09968896284600848	0.020306253517651928	-0.004140655701350158	0.05197088120262995	0.04899867667500502	0.012732400186351663	-0.04615985662418128	-0.045335627667810706	0.03985313283678884	-0.013486433512512849	-0.0076589030337763766	0.06838252782778244	-0.0655989602194811	-0.017364600146427055	0.009951004338522609	-0.017433932568221785	0.010298083771039128	-0.035649052630559126	0.013633526231899252	-0.006938156474329577	0.007421859466283718	-0.01663298601840737	0.005268102165936924	0.0012187656656412157	0.003592063937008791	0.007887114005528712	0.0014667236487906092	0.0011365996210416244	-0.0	0.0	0.0	0.0	0.0	0.0	0.0	0.0	0.0	0.0	0.0	0.0	0.0	0.0	0.0	0.0

Biplot	0	0

Site constraints	0	0
