Eigvals	35
2.925866759625833	0.9248313916627698	0.8483875524997421	0.7282459467154483	0.5622470652032255	0.5392433491488486	0.443544876953736	0.4222228849026155	0.3612107926617008	0.3152517425539787	0.29718409291948333	0.2528187398844495	0.2188832256005221	0.19144232696990596	0.18572292306913235	0.1739965515725901	0.12434088203241667	0.11977468329057406	0.09793637136154887	0.08073437987821366	0.05373044308700787	0.05036741574222182	0.02797472109738875	0.020389770551014784	0.01808784269468499	0.01038880871222237	0.0011847964024642027	0.0	0.0	0.0	0.0	0.0	0.0	0.0	0.0

Proportion explained	35
0.2927034547829726	0.09252005155082835	0.08487261656552726	0.07285366082854973	0.05624714723770169	0.05394585749516272	0.044372190705037305	0.04223914048472715	0.036135496112097924	0.031537756758172476	0.02973027066864822	0.025291964630514988	0.021897058749013834	0.019151873649553654	0.0185797049834488	0.017406599804337557	0.012439050965637508	0.01198224884279104	0.009797546027044461	0.008076660303265506	0.005375188828010169	0.005038751866514913	0.0027985886523564517	0.002039790862956919	0.0018095062014998613	0.0010392955151299517	0.00011852692849897861	0.0	0.0	0.0	0.0	0.0	0.0	0.0	0.0

Species	0	0

Site	35	35
ec1249	-0.23987107599985227	0.1795766059486578	0.08668128938268926	0.05701588714577111	-0.19337353257377557	-0.06055480697192013	0.030322111171291362	0.0028640545048362028	-0.05481892019687077	0.11763828585781483	0.21125296225842596	0.1737780216763205	0.08549145147441271	0.03479447998999597	-0.06497291018389034	-0.11024338104380237	0.04380994012657306	0.010241121366663716	0.11640382558928536	0.0022758502127432074	-0.003075447182147506	-0.04415693836190488	-0.0022694335091940345	-0.005617415585692147	0.006433291577506427	-0.01670008194716416	-0.0021438221953812772	0.0	0.0	0.0	0.0	0.0	0.0	0.0	0.0
ec1257	-0.3967924134891209	0.036429882589176704	0.13929579356201235	-0.1617670735960854	-0.04262233990877734	-0.10392328542885529	0.10119648668626934	0.04860954227061113	-0.08737847584393828	-0.015184271255986316	-0.05520396497745247	-0.08917448536701181	-0.04817028694300463	0.023247519189153885	0.09730999622561903	-0.010203196509623095	0.18151939218985863	-0.04127989892963293	-0.039259779829407364	-0.11675161836484389	0.042731697780627104	0.003921784508937392	-0.024374657679371026	0.03364522879220315	0.005677461779909093	-0.012935531043827208	-0.0032422565643800555	0.0	0.0	0.0	0.0	0.0	0.0	0.0	0.0
ec1265	-0.4255486997307411	-0.13938743318543884	0.02246437799574611	-0.213571417327449	-0.03420875265997631	0.031369395196045174	0.06694115103362988	-0.041441971966007816	0.06383594100355866	0.06300206325420168	0.09472514876055778	-0.06407143407461605	-0.1299229370507384	0.051112210548282654	-0.12821561964951086	0.10343179993768958	-0.09196903922880703	0.038316313042131116	0.09089129402775717	-0.08743857294995488	-0.027839985091329806	-0.0035532795120802167	0.018922413714539177	-0.02476677978526292	0.019623674033267098	-0.006347893369005214	0.0021429716646990476	0.0	0.0	0.0	0.0	0.0	0.0	0.0	0.0
ec1298	-0.16600548411009566	-0.017431627825089578	-0.33201505361861766	0.31727798046499245	-0.27324713063262235	-0.05364135624932676	-0.11569751263197967	0.0987069635131256	-0.25535926182231655	-0.10135605745024641	-0.05336807645467886	-0.12264372872989433	-0.06144792414168544	0.14283064585607624	-0.0636966699895305	0.018484513870147712	-0.005816898464722768	0.024839188564206936	0.024137191434644174	0.032644225457954694	0.03827099444947914	0.0026697943273691098	-0.00024325584391413405	-0.0015221905057336148	-0.0031280415780032714	0.008182555145209122	-0.0014906385990095207	0.0	0.0	0.0	0.0	0.0	0.0	0.0	0.0
ec1301	-0.38942000246389075	-0.11192201895774566	0.10704341186732573	0.020938728500594115	-0.053010071341278095	-0.03481752398941416	0.041648808097469875	0.255278232465307	-0.02410041606899596	-0.1466496067044016	-0.03192628672142471	0.3123212946411793	-0.1253930500728247	-0.016633373846919746	0.018424559641017416	0.053809896027777734	-0.042212815101908524	0.018939513611211607	-0.0688833259510294	0.030414134432904177	-0.05559062034118183	0.020415361930576872	-0.011182998921257037	0.017152273318655747	0.00445775390769587	0.0028218740792323046	0.0018122098255642042	0.0	0.0	0.0	0.0	0.0	0.0	0.0	0.0
ec1309	-0.27281544656416873	-0.23094087403967345	-0.3479681773816386	0.049978283829516815	0.3325427065812476	-0.07129082886771787	0.3419243012287059	-0.12756676864238622	-0.144060570132215	-0.05231309332054204	0.030885651092160342	0.06222121495686796	0.07538844068509924	-0.005220691278777718	-0.0133609792109422	0.012956707099281102	0.006727745042087729	-0.09593100439216731	0.028772688741301233	0.019191593790857494	0.0021343298664263004	-0.0022544286974050818	0.01861790380246563	0.002621136899753929	-0.013445858562605243	0.0017711434034029668	0.0001305502341108633	0.0	0.0	0.0	0.0	0.0	0.0	0.0	0.0
ec1314	0.2409408256178826	0.20849974782236852	0.03713452173053291	0.1377987915120654	-0.01705287857496333	-0.15336344954458253	0.09041610590439633	-0.05177324022496099	-0.06290366161233807	0.04318058276542701	0.07675128611729776	-0.04274493994175745	0.183532263326189	0.06427387300346175	0.07203845726020017	0.0922130049549779	-0.07791505198836308	0.07125005398591887	-0.06979916782946978	-0.01610966028323497	-0.05513436947409872	0.048394982974581224	0.010636808028177413	0.025859794643963666	0.03722262989494698	-0.008849847278962689	-0.0032087526989753737	0.0	0.0	0.0	0.0	0.0	0.0	0.0	0.0
ec1317	-0.366645701211414	-0.30769435099983816	-0.11527393851500574	0.18213606911273234	-0.09002018045440244	-0.01320449712254154	-0.042367196692830955	-0.06208314590896051	0.21311819942268623	0.11354809127812203	-0.02153322413315593	-0.01982139832281397	-0.03836732171874776	-0.025047938569712058	0.24728425817520305	-0.0276341477089983	-0.04692777267847512	-0.001648594313147142	0.09501062613244962	0.025032462038592444	0.015998248451095057	0.028998271542401494	-0.025107044632563483	0.0057032360771013734	0.004547113517864297	-0.003448036652633849	-0.001992110384175363	0.0	0.0	0.0	0.0	0.0	0.0	0.0	0.0
ec1346	0.2907304289829895	-0.14698029366370335	-0.03394667807521281	0.13241922500128575	-0.12130282712795686	0.0014630579837733618	-0.0032754701886107884	0.022804476367895083	-0.010994671764456511	0.039837852930294654	-0.019883169077938658	-0.04013671406508578	-0.004685582800869782	-0.07785554850899006	0.07912921895307982	0.0051584140749291775	0.05181713130130092	-0.04161421004874249	0.001694122014044342	-0.015413102056189476	-0.0732864530271581	-0.0743233864133412	0.016417864615271997	0.008527582028891543	0.03294916228519177	0.029794140180432083	0.008708509409607153	0.0	0.0	0.0	0.0	0.0	0.0	0.0	0.0
ec1349	0.1781386571599355	0.17362664179277576	-0.06408566888014414	-0.13368528378442907	-0.07207091373337954	-0.1412644343224686	-0.025859954483359864	-0.08749427340426726	-0.04695750370957276	0.03506167120107871	-0.019946621912278917	-0.040286681913979806	-0.11480275569196191	-0.07035487235512376	0.007381341227672884	0.05782023207089074	0.13394327090777647	-0.022511405866728527	0.04398865386206193	0.05875482168989872	-0.0871747314923545	0.07329142998579288	0.027990180494228276	-0.019762538797247483	-0.020962113137733322	-0.006438834155153133	0.006534375354845907	0.0	0.0	0.0	0.0	0.0	0.0	0.0	0.0
ec1356	-0.09922502395189252	0.24543318598849886	-0.29661150463098257	-0.33349211603849027	-0.05976374206056867	-0.08518750169147547	-0.07523633931614251	-0.09050406246916841	-0.10920512476614147	0.21581850928221838	-0.22147546167164994	0.11853968680900942	-0.00816168672691136	-0.034368212880591935	0.03644892503673906	-0.07290867692587767	-0.09102961028316067	0.02725738522567315	-0.041909032130313204	-0.018382833601902872	0.018570785853103386	-0.01390435416825435	0.008830216010403093	-0.005834823088440757	-0.0019253102124209393	0.008046962103906851	-0.002372756183295153	0.0	0.0	0.0	0.0	0.0	0.0	0.0	0.0
ec1359	0.3966199357890552	-0.07649800273947574	-0.008467658348244143	-0.02378840536550205	0.02448276878749957	-0.02608338215249928	0.02674156937252014	-0.058179361191802996	0.11466108802535527	-0.060162370387940756	-0.15451385015493616	0.0799666837378968	0.05977810539469204	0.1354213992818558	-0.020563264554902	0.05634922272480874	0.05406014485479732	0.031876052318844064	0.019248651029097515	-0.02251906708155338	0.011199791228494065	-0.08752650340820822	0.0002998857988157138	-0.012334853438883993	0.01280220972790979	0.025290742144531718	-1.8489154679201764e-05	0.0	0.0	0.0	0.0	0.0	0.0	0.0	0.0
ec1361	0.19606863739681393	-0.00836121736622764	0.09533970588997592	-0.09883165387341343	-0.10704703207451444	0.034394936205545165	-0.023858311121513067	-0.05846911516086548	0.04567032787315613	0.07980333338472258	0.019898408212754	0.051563519872698645	0.05520015829164977	-0.015203205358284814	-0.10138306356699706	0.021064613219443595	0.022889460861428727	-0.08120213215106942	0.03433130315456953	0.050488009831807845	0.03472496154974937	0.007599114264221408	-0.016532614778308537	0.0719887764483349	0.01981641004343311	0.021056797775913735	0.0027948884847832037	0.0	0.0	0.0	0.0	0.0	0.0	0.0	0.0
ec1362	-0.279841469968424	-0.024686742795470958	0.20409971798112325	0.02467233609906971	0.13736070421279561	0.019224647322254734	-0.20586718043381505	0.04616361160361442	-0.08479581218856955	-0.12798029990829243	-0.14615753095198253	-0.033535326416571115	0.14440431038351365	-0.0503018761232936	-0.0594134319815426	-0.15489677109120523	-0.009400089306545751	-0.06919670532054817	0.07062383322165298	-0.024657714215120054	-0.055796274747826516	0.027958383876069137	-0.012791263702430309	-0.02666297206250232	0.022484506057230853	0.0001324000133245636	0.0013306169626108042	0.0	0.0	0.0	0.0	0.0	0.0	0.0	0.0
ec1368	-0.3766352934222541	-0.10952121355567174	0.10552177140955267	-0.05691986369304409	0.16114236096837795	-0.04837800801425925	-0.02561405689431139	-0.0662502994590786	0.006139711325641886	-0.0009482278686876366	-0.06252412391475105	-0.06817313994633585	0.034588425577511704	-0.06970188702514461	-0.06859643452216474	0.02268440707899309	0.05621267890312096	0.2059047404545691	0.00902360259836489	0.11438654320876111	0.03387141526493769	0.014079269916787623	-0.004677339057353523	0.021733242917153842	0.020995603083353888	0.0024430607894272067	0.003517646802688544	0.0	0.0	0.0	0.0	0.0	0.0	0.0	0.0
ec1378	0.44017713698057	-0.19447772285349244	-0.012144437195106989	-0.04943319085291945	0.006493726057993705	0.09861146143176805	0.008517521466737309	0.0976997831022971	-0.05135120717176977	-0.010354445473089412	0.01000015462029236	0.03915845235982648	0.028972653155128755	-0.05328258086958901	0.03342763841135242	-0.07353935056524546	-0.005764691442791654	0.03138731942802589	0.010123481694338245	-0.03942125563744638	0.02997856462453925	0.07350005141749573	0.016784871985275417	-0.02102529388871033	0.0012442109313772589	0.02497020812803384	-0.008338001467193375	0.0	0.0	0.0	0.0	0.0	0.0	0.0	0.0
ec1380	0.22008605313037097	-0.09612022581662943	0.09352032534273444	0.07224870108625198	-0.11981133799959809	-0.03433301672001547	-0.026588987358392192	-0.0383400246500218	0.13489963327117097	-0.002897861782695916	-0.13426553091739032	0.05600454256000342	0.13220881936316448	0.08500026319770884	-0.03701313568427656	0.04575556131160413	-0.0025848312636374193	-0.03914077361998431	0.017252820559393346	0.003347528792767569	0.003152648371703145	0.06083194846691763	0.02655328961488178	0.005677105189362771	-0.04933746808014085	-0.02972814184460525	-0.0005309126621325564	0.0	0.0	0.0	0.0	0.0	0.0	0.0	0.0
ec1390	0.17570261693739697	0.31250542398738096	0.02322898297049643	0.17844320739563824	0.040061256171122064	-0.01885297033536089	0.12095668119865062	-0.0989344069112697	0.06523885713457964	-0.057446111912050915	0.08613202667680753	-0.04253920115327998	-0.13272896627145322	-0.03352891160120869	-0.02383526235609287	-0.1782168006564595	-0.06719540851066448	-0.0073910986161623725	-0.014230392945266478	0.01290683690883683	0.015772079797563808	0.02084619989999158	-0.007612020161026048	0.021808411771613828	-0.019523136900822326	0.02384092110881349	0.0068899302278551035	0.0	0.0	0.0	0.0	0.0	0.0	0.0	0.0
ec1392	-0.29517942361096	0.048223345183072724	0.20133147631386797	-0.09036097938605393	0.061558664542918175	-0.03674825305144217	0.0677167356212663	0.0077582005986944706	-0.046108705853239215	0.03402202478238525	-0.013580016479731722	-0.13912236003295	0.04320070599467989	0.08696146503000757	0.05339395199607762	-0.013103723141495606	-0.07836099851621722	-1.9879180551681608e-05	-0.031983650852975797	0.03352922479138471	-0.06922947007760528	-0.039496331932243924	-0.06418641360395701	-0.01525461741592088	-0.028440405932578558	0.011231176870200118	-0.0010227460545750488	0.0	0.0	0.0	0.0	0.0	0.0	0.0	0.0
ec1393	-0.3704953027233216	-0.18738263513006564	-0.06362826925032342	0.20740969799028344	-0.18357572335376252	0.016720894393189727	0.07616429156975803	-0.02302423973071806	0.13490358528788843	0.08641412858290677	-0.028661869699781323	-0.05690697603874839	0.05889363603251204	-0.15186137133101785	-0.15762755781509002	-0.05085007954823794	0.01906140666614959	0.020318868667995427	-0.1435718125109519	-0.05692709390818154	-0.009772141873390856	-0.016230065036914123	0.012094541543193978	-0.01061111431329641	-0.019590785521100173	-0.0043829521852918685	-0.0003613933265795816	0.0	0.0	0.0	0.0	0.0	0.0	0.0	0.0
ec1396	0.36471740014761134	-0.13381571492452052	0.00405884690789774	-0.12235319020366037	-0.026017104412287842	0.1459899893091741	0.01937174103930055	0.04464130647684483	-0.05673651364504414	-0.0021333151750831426	0.03899160245789243	-0.05379065718423775	-0.01101457895654983	0.05180565290075771	-0.014889743820137611	-0.009110037192480816	-0.06507561723229198	0.0073958839805133725	0.005245713039291728	-0.08435227636563529	-0.021917940766252572	0.03980698166565239	-0.013848420819083142	0.04011232495799812	-0.010406839650113336	-0.0026550870935727854	0.00822316843919437	0.0	0.0	0.0	0.0	0.0	0.0	0.0	0.0
ec1400	-0.026577492952876754	0.11729541694915961	0.294250303790361	0.035889677535744284	-0.0010821945847481443	-0.1411791099761902	0.08245139769591127	0.0985609669939766	-0.021050577183892173	-0.05181758714564403	0.06306958873767379	0.007857957175778182	0.036076986533728796	-0.017938231340707343	0.11332391010033373	-0.016648151897492917	-0.0021271083043788728	0.07232315372530958	0.01748538162144155	-0.026549203283865043	0.0664430429905655	-0.024374719043789805	0.06343314572897618	-0.02701065770239137	-0.027137910053280843	0.01027764996111938	0.004434762883717847	0.0	0.0	0.0	0.0	0.0	0.0	0.0	0.0
ec1408	0.3277100224912695	0.12152147563332306	-0.009056098702853482	0.07792620774532157	0.07172982884753087	-0.17643614019029596	0.07452543141489697	-0.10919990096872524	0.19807033060995274	-0.14228058344647523	-0.12509136220294279	0.025677495104215246	-0.12237826203479406	0.07626483268613095	-0.05522062840785287	-0.04837608313830986	0.002345994229831316	0.02702428366685969	0.013120736499763752	-0.03404365327453328	0.004634100814338391	0.004344098959722275	-0.026782123229369317	-0.014105436737697083	0.016002043376417457	-0.01341679920235373	-0.0007416079490007777	0.0	0.0	0.0	0.0	0.0	0.0	0.0	0.0
ec1409	0.39584332349722484	-0.13505621175050583	-0.014633070908898661	-0.06602302014479776	-0.008974882171079522	0.07064053755750818	0.009462252827475922	0.05011870518860394	-0.09961234799366625	0.02512707530994569	0.006915986029300026	0.012380771879466082	0.016753385366090372	-0.021564945113781164	0.031446247834194474	-0.01594688194729137	-0.025007211284636094	-0.007751932060654056	-0.035973774352314164	0.04167116417875733	0.05934062063720433	-0.0365705361748283	-0.04270835591842028	-0.023791300869329783	-0.0010386293198192161	-0.04958352519988689	0.017654830327555812	0.0	0.0	0.0	0.0	0.0	0.0	0.0	0.0
ec1411	0.28525472485230985	-0.1260253855606162	0.06942201804378409	-0.10688976708194822	-0.016042730940689115	0.10238946031952294	-0.013340737220776605	0.013286786968938915	-0.01566353365418483	0.025193133163804542	0.04054197253925085	-0.025457256140559763	-0.02334357770514824	0.022000594596696163	-0.000768306878456495	0.0002688533772525368	0.031784893828018024	0.035702500260595266	0.005233384554030594	0.05400516837785817	-0.04833086715174901	-0.05295885750921845	-0.001645609807030709	0.004591013863753264	-0.06774182043878785	0.008449969142075344	-0.009131342517332197	0.0	0.0	0.0	0.0	0.0	0.0	0.0	0.0
ec1420	0.3766922502341158	-0.18525680381050288	0.011993599967271689	-0.09494795303817667	0.04290546286905074	0.1090896673571899	0.015335494365906444	0.03229511337972734	-0.06785397222027276	0.028630304172899235	0.05949009836185407	-0.016686095634511695	-0.02218992908694119	-0.0038531780761012846	-0.011534272557104997	-0.013655519862785521	0.016537701676239313	0.05063945959951197	-0.005308002288042456	-0.010156249592365938	0.020325378075271364	0.035790680211363265	0.01200538299499859	-0.02796758299994892	0.02011269203156265	0.012539537639364494	-0.0004390284567796294	0.0	0.0	0.0	0.0	0.0	0.0	0.0	0.0
ec1422	0.4020376399367625	-0.06717923415209157	-0.005694014222776386	-0.027326342571350686	0.015328921595130768	0.03705113013785931	0.05018176258221169	0.014646376126505802	-0.027402311377411444	-0.03649766359874197	0.03413166671522924	-0.03976932627720406	-0.09266598371704947	-0.04543029475832669	-0.0026989195719084344	-0.09065428231207158	8.876282024176154e-05	0.004650628946312277	-0.016033625093425905	0.045828466541211775	-0.021603107978226746	-0.034746365933309445	0.00525467579930126	0.01426042227846376	0.031507857658780135	-0.040624002422960576	-0.018115500664248694	0.0	0.0	0.0	0.0	0.0	0.0	0.0	0.0
ec1424	-0.3259598799415366	0.190256401421875	0.14185727845635324	0.02646070801473994	0.03463980809261126	0.3734662217647877	0.04871470191691274	-0.03751612188897239	-0.030223624800889536	-0.009669471826558779	-0.0852404596946968	0.0020823817077173195	-0.027306965984689045	0.022403881518575083	-0.0035348315640210772	0.04785774941564384	-0.0064972449424904885	-0.01727260979485878	0.02191728191197105	0.007871627849525152	0.041614938509682675	0.013852082493404838	-0.00023215912755235514	0.019600094808523167	-0.013586125823147364	0.006627381620102264	-0.003588093744937338	0.0	0.0	0.0	0.0	0.0	0.0	0.0	0.0
ec1425	0.02552585798196531	-0.0065098902659746815	0.18075998260128462	0.02409813215679796	-0.042648958831079886	-0.07106461797170306	0.0018907218277076732	-0.05864702480166734	0.009288967825558641	0.10106537911773919	0.09282438617474373	0.01961334755454661	-0.02674526084427376	0.034422491792746035	-0.03447868300377155	0.08143719959445644	0.018357490774386365	-0.11435175158953628	-0.07871752717064644	0.05491692880485524	0.0487780826607643	0.04241481967976824	-0.04568935950615521	-0.060184186763047175	0.020303857786159146	0.02100644962791039	-0.004708692488341293	0.0	0.0	0.0	0.0	0.0	0.0	0.0	0.0
ec1427	-0.23827366352833954	-0.1306211402239669	-0.008519203147833714	0.02722797562053281	0.22646233406424782	0.01496849401291838	-0.35494603848523343	-0.16471074521236348	0.014212986547915278	0.026954878455867932	0.14963701065981663	0.050258410933370745	-0.05731150360176893	0.1541972742911304	0.031125236275434093	-0.06112677507975227	0.0319660439925873	-0.01981304025462141	-0.10182611844947878	-0.012327909792552355	-0.005301042442531131	-0.00921621911831265	0.04648594963335686	0.013655429499917895	-0.0011826489181865642	-0.004735854781268229	0.0026924152991010643	0.0	0.0	0.0	0.0	0.0	0.0	0.0	0.0
ec1435	-0.21252314082442433	0.14708501715533853	-0.34675563645061	-0.34806080976213133	-0.1547137122284504	0.06899085136588373	-0.055216703866639606	0.022617474347069802	0.18409484140727939	-0.28362727894934214	0.15945103354518414	-0.04049035806483437	0.12644675313137785	-0.025544136361410414	0.04353980452788689	0.002011825685204527	0.010172200588335846	-0.0076639266681504765	-0.02738119693187824	0.02345901260660393	0.008397308908887702	-0.00029031164944660697	-0.009775039873859758	-0.009219233025587402	0.002470099385493262	0.0050164850022617995	2.270416475198446e-05	0.0	0.0	0.0	0.0	0.0	0.0	0.0	0.0
ec1437	0.20854718377114898	0.050857431027464886	-0.02412388379224832	0.123567996279562	0.12726415846874042	-0.15696649804564433	-0.24142370125823032	-0.09584451997479747	-0.07949840210188813	-0.07400480339405528	0.07873862567706123	0.04389329025516537	-0.008537544417467405	-0.19337856886403293	-0.01530413911203284	0.15307002728372487	-0.03812571591150029	0.011649897411780645	0.04165838351767204	-0.08129256619637917	0.0257564184351416	-0.027344211733217542	-0.047047094787558065	0.011348781062743524	-0.02804261352059534	-6.073028487967572e-05	-0.004825234832856095	0.0	0.0	0.0	0.0	0.0	0.0	0.0	0.0
eti111	-0.06077538264648666	0.07406454308653904	0.1784672267448101	-0.05028503620151192	-0.026398748735991222	-0.027116155531891842	-0.02577767156350646	0.030384629538906707	0.010675734823855951	-0.06442054209317377	-0.07023749290674956	-0.10491736089118933	-0.040032195585574665	-0.07073265134765436	0.010274161021442917	0.07439400162256612	-0.1062854996330135	-0.12283696305410072	-0.003081998464275847	0.05165068994825608	0.03157176913989092	-0.04372447120546799	0.07355831198228968	0.006033071664195589	0.01691383327309259	-0.010684776884327401	-0.001617026817246013	0.0	0.0	0.0	0.0	0.0	0.0	0.0	0.0
eti121	0.06036077947437359	0.1886410004368528	-0.21893612214455038	0.04814624691592723	0.2877754614094302	-0.07558735401046328	-0.055449349027547994	0.44237578957477003	0.1683371685735008	0.1789737506617628	0.017456121988329014	-0.06593334474728488	0.009513803903027076	0.023865694603360507	-0.0520708354486878	0.019904579057502612	0.024300363748657353	-0.027357904513494118	0.01723100588848159	0.004521221865762752	0.007770856849158382	8.183988642252581e-05	-0.001310562687217369	0.007571457399627361	-0.0038985145499606773	-0.0005505097850570595	-0.0001192409295387468	0.0	0.0	0.0	0.0	0.0	0.0	0.0	0.0
eti125	-0.04256857724199703	0.3418526205942171	-0.09461121569277038	0.23408025051413864	0.07323663173120748	0.40562244583064794	0.01603994352186938	-0.05883279045568908	0.01292824097558147	0.025472527491817037	-0.027284688753090112	0.05088371371880085	0.0047564147396702	-0.026799802875271454	0.05463098319266503	0.07844125021423773	0.05670098158221817	0.027267466118034267	-0.0054345762921324085	-0.020552734725584356	-0.026985582612770096	-0.008126116109529236	0.000130325899432631	-0.02621838664256043	0.013823811848125695	-0.012356850604321686	0.001118067609583831	0.0	0.0	0.0	0.0	0.0	0.0	0.0	0.0

Biplot	0	0

Site constraints	0	0
