Eigvals	35
1.0770632354133032	0.5990280646642051	0.40425151103071616	0.2840668356686933	0.24703053623255578	0.20572431806889419	0.1834965421960647	0.15378226602513007	0.14924755222625663	0.13593847586516927	0.10809211218591587	0.08844842577996832	0.08315277358837993	0.0769695571854395	0.05594829960042984	0.050967635995392224	0.042656886148960446	0.03743165457507587	0.024961082441332993	0.020447151711520832	0.01762043212770851	0.012588415382388946	0.007913560187551252	0.002993274660843856	0.002714396174583897	0.0012428920978089092	0.0	0.0	0.0	0.0	0.0	0.0	0.0	0.0	0.0

Proportion explained	35
0.26438928808279416	0.14704485154709518	0.09923258513859841	0.06973056546819931	0.06063917647711181	0.050499640324907745	0.04504333502596567	0.03774930059565268	0.03663615355514182	0.03336914275349918	0.02653362926943968	0.021711646591517156	0.020411710184040695	0.018893901267085175	0.013733762897518561	0.01251114749164551	0.010471087852538873	0.00918843776249383	0.0061272565987340105	0.005019211227886192	0.004325329611838784	0.003090108427814971	0.0019425605437030375	0.0007347662891056653	0.0006663093201742315	0.0003050956954977031	0.0	0.0	0.0	0.0	0.0	0.0	0.0	0.0	0.0

Species	0	0

Site	35	35
ec1249	0.3069037175028981	-0.0611010161082843	0.02330123703217864	-0.02134617286135843	0.02612738119922638	-0.17871679891448114	0.05719749991682181	0.13012190311470334	0.02382413910101635	-0.0482111296815475	0.13406449630271125	0.019814568112341537	0.08997707382229575	0.11405605722963527	0.015815388472886695	0.0547694911756074	-0.0007776246834223828	0.025105727466470745	0.0012065006123924851	-0.021487722682866146	0.013969406017249766	0.0030898621224146033	0.0035303716432374603	0.0013058793298037687	-0.0019294809493222863	0.0010835483414127335	-0.0	0.0	0.0	0.0	0.0	0.0	0.0	0.0	0.0
ec1257	-0.09753935309668912	0.0692787312065577	-0.17532059944631725	-0.014922513549526655	-0.2527575214797431	-0.007661175251051417	0.18485953123764154	-0.016310677694078114	0.18781734161124358	0.09159997602497294	-0.04884833081300169	0.04926204213813677	0.028429223485563176	0.01688763607177584	0.056082350926643175	-0.01092780230809585	-0.00711525168810507	-0.010004531387564934	0.00027836169116535084	0.0022162696569180697	-0.006362378199108817	0.0034065854852091937	0.0009819734675005779	-0.0010750084612761266	0.002447168814016754	0.0003905338327260354	-0.0	0.0	0.0	0.0	0.0	0.0	0.0	0.0	0.0
ec1265	0.3235075988222093	0.08170646784237058	-0.035329009858883924	-0.12388860873094594	-0.003976992506185284	-0.16773179203583066	-0.005578203607624644	0.0459021125812696	0.00364937934193058	0.09013023662637354	0.0610420220910717	-0.028526532308584103	-0.07968188357387387	-0.17540024835261447	0.024018411654314398	0.0218781903838114	0.0038892919270131577	-0.004761013179506407	0.00677796613111858	0.020350309915932528	0.002394147003969798	-0.011326361512454225	-0.00919105228244703	0.0015637204391679338	-0.0017366842036823974	0.0006106450478743681	-0.0	0.0	0.0	0.0	0.0	0.0	0.0	0.0	0.0
ec1298	0.2578265622052301	-0.20991668968885344	0.020177103899097246	-0.03862247066449679	0.05890597246551564	0.14866491615809246	-0.027042974215440094	0.010964775897821999	-0.008743783527966323	0.1178180383336808	-0.05400098784832627	0.018845133363382543	-0.07104804306076466	0.0639911719386612	0.06415561601228514	0.01699546501867325	-0.02844199370388619	0.056424846039334335	-0.003930024374078544	0.022362891495626393	0.0024966408336154393	-0.007852306851265624	0.00340342830488549	0.01058681864150354	-0.015489522403756206	-0.0033292860312998463	-0.0	0.0	0.0	0.0	0.0	0.0	0.0	0.0	0.0
ec1301	0.28136360998628795	0.10443113622663522	-0.0027168111198622802	-0.04144681121089245	0.06487537952168218	-0.10787971146017372	0.08212284676724028	-0.016825233374494705	-0.08699131520755886	0.07934714377534974	-0.1528325680623005	-0.06607951023454885	0.048040090042490595	0.059957230264741014	-0.05953554887881225	-0.0602478679149388	0.05386329706337151	-0.018215766870018968	0.039675854663393184	0.012533635279795374	-0.007284718051738325	0.011474457409574298	-0.0006486341455605899	0.0011113894266490017	0.0022944773497167712	-0.0021559738530367682	-0.0	0.0	0.0	0.0	0.0	0.0	0.0	0.0	0.0
ec1309	0.32470275499838935	0.0635005453414839	-0.061798254701505316	-0.12602753429079971	-0.037544871590883516	-0.054588291944070555	-0.02282132989452372	-0.19405404645556312	0.013446251153195149	-0.17230405857396217	-0.06517590571265083	0.08183666039120283	-0.0680185585018433	0.021680505174152095	-0.018867221110177166	0.027053234672774096	0.016170745402894097	0.025077765428797125	-0.040625324736317664	-0.003634260389471118	0.012372524304052194	0.0012495824648505042	0.0025233746977955628	6.16954746315428e-05	0.0033006907034540717	-0.0021165853307056844	-0.0	0.0	0.0	0.0	0.0	0.0	0.0	0.0	0.0
ec1314	-0.11502384459421455	-0.21183301803549065	-0.1161168669657367	-0.006406453110197092	-0.09638485519511689	0.034497892225361225	-0.00815264170174918	0.004183034848944571	-0.02210181047153725	0.010751516012069992	0.01636110555282241	-0.06846018242704038	-0.05561037991425273	0.04115415265882628	-0.06039996820438484	0.06227400998929018	0.00679556929255587	0.017774758596856458	0.02558017204345138	0.005513600186703524	-0.004267860176510164	-0.006245348441789709	0.0018012837476600455	0.01416556668953648	0.00432034022521719	0.0016605805816712958	-0.0	0.0	0.0	0.0	0.0	0.0	0.0	0.0	0.0
ec1317	-0.08708795297663008	-0.2719185225958211	-0.05255102903805072	0.0592690605321764	0.04523110809776114	-0.08431773985569072	-0.006601372961909429	-0.058166484659168405	0.0007741192119949134	0.01235513432788016	-0.037371238577625955	-0.10129549913737274	0.0398949966502601	-0.025924457994585225	0.03848209544394685	-0.024147322005652547	0.002227366770889563	0.018902552561186205	-0.05606086487509988	-0.051325545292231524	-0.012137852664392908	-0.0005926610153695498	-0.033261194156709875	0.011899281972172554	0.006786772443152678	-0.001884201295062236	-0.0	0.0	0.0	0.0	0.0	0.0	0.0	0.0	0.0
ec1346	-0.00013360479121411246	-0.2451239305224773	-0.13034482333447797	-0.09431555221632529	0.06892013508546407	0.027378508559539744	-0.03289487820561353	-0.019722297902662736	0.03799908123153435	0.01193480772658932	0.07653978089947844	-0.03806284338222594	-0.06384054567561442	0.03988797718131213	0.008378517198903632	-0.06466798499727124	-0.017332369137958336	-0.02973378502242161	0.014707893426542325	0.004064883058061295	-0.0029936203617209516	-0.0009038535848526082	0.008887211994323008	-0.01429608773490465	0.022038656483673095	0.00288447747983059	-0.0	0.0	0.0	0.0	0.0	0.0	0.0	0.0	0.0
ec1349	0.25208521438011894	0.07856840330465253	-0.01990873955273683	-0.040897606177932075	-0.004202119593567605	0.09891674065899114	-0.013396759765941442	-0.038721335546844746	-0.03817207480258312	0.07652556430899601	0.024763698902332848	-0.030656870313149998	0.07540795583914196	0.025880123616188487	-0.05115766144395224	0.019665111516703353	-0.0686729747624138	-0.06316125503537916	-0.06060157227850254	0.026739404338864795	0.0020112947909329414	-0.009031438086563443	-0.011773349697291269	-0.009798450916602978	-0.006004655029178053	0.005789184246944978	-0.0	0.0	0.0	0.0	0.0	0.0	0.0	0.0	0.0
ec1356	-0.14222745713982066	0.10026910718147124	-0.0724934741895538	-0.024992051371310473	-0.08472035782076089	0.03789380888615298	-0.0416022361050169	-0.03443991685566021	-0.04418046662675608	0.019813120840349422	0.017746550208475407	-0.030685164906470868	0.009683220092837338	-0.011754385596525984	-0.04709986815657395	0.03958281151718822	-0.012694776495157475	0.016854379904000398	0.006516927731019198	-0.01587099064999504	0.015545115128881652	0.004587873804934261	0.011405701595894173	0.00785575737850841	0.008381256201393544	0.005751755359471734	-0.0	0.0	0.0	0.0	0.0	0.0	0.0	0.0	0.0
ec1359	-0.062343453413780114	0.0894590971674237	-0.07252314959874763	-0.10207649060837774	0.040212183331869655	0.05413994143886632	-0.06016476602198092	-0.025567021806644767	-0.004566732227640518	-0.02140917240624755	0.07020882702151421	-0.0015265420406282773	0.07135423951568176	-0.013074634950332576	0.014702990716099915	5.5248319165796104e-05	0.03371108934304138	-0.002946088975194692	-0.0007591401816170867	0.036437383410658185	-0.06604518257233477	0.010795724308516622	0.030022280423338293	0.01361671619457764	0.006949102192168417	-0.007047622888560786	-0.0	0.0	0.0	0.0	0.0	0.0	0.0	0.0	0.0
ec1361	-0.137804494308313	0.08932470947878812	-0.03951435193101232	-0.03899911234927711	0.02620980647058278	0.021161041433640088	0.005952793502157748	-0.009961214752140452	-0.10759714664150534	0.02125107656502417	0.01109071397779774	-0.0002211615442759993	0.009120840347475746	0.008882159056244072	0.08570401221182823	-0.038788493859843	0.021185816567421627	0.01521751201203937	0.02083195702217771	0.002477915306154485	0.06695940560545838	-0.009035349540480894	0.013579367013268222	0.00033356246767664364	-0.0017591940188518831	-0.005167046336900906	-0.0	0.0	0.0	0.0	0.0	0.0	0.0	0.0	0.0
ec1362	-0.18403333015489184	0.06856039335004997	-0.05465477553728499	0.03918761237859693	-0.02058998288278196	-0.009557628859521107	-0.01450971795299335	0.031101831407850382	-0.016146404202311067	-0.03962822261240097	0.004559655057120192	-0.03865635242583538	-0.001197978109125579	-0.008208092047639544	0.014935383909798013	-0.01970251324518336	0.006190285421836261	-0.0011075155094870657	-0.04506027888710405	0.002809543059547791	-0.02048669023153511	0.025571103396789523	-0.0022669820935540303	-0.0043282821732261246	-0.02218602923129588	-0.010450921473960704	-0.0	0.0	0.0	0.0	0.0	0.0	0.0	0.0	0.0
ec1368	0.25732680794223006	-0.2507279001889946	-0.00470722315409744	0.09500401144644627	-0.04972654865020974	0.07259180357459152	-0.0817971883005376	-0.025730618984554525	0.10401762234245421	-0.1169693558941695	-0.04432767070339117	-0.04657999799523684	0.11155655847455541	-0.08868303414441389	0.005483252890334419	-0.004962855763490774	0.009701141069802622	-0.017289823848732323	0.05051208659483395	0.008138532546484185	0.0221191123632461	-0.007244783095488469	0.011985268590842521	-0.0030298457692110856	-0.010074980518253241	0.0011617126773770167	-0.0	0.0	0.0	0.0	0.0	0.0	0.0	0.0	0.0
ec1378	-0.1724379422251083	-0.23663915729158203	0.003338955253787245	0.06674480299427747	0.02724599716654337	-0.06328406321989963	-0.026708057327122444	0.02692848969063594	-0.0066805115840541185	0.016068182970430958	-0.03872035504823724	0.031591859804769654	-0.0530467790614278	0.01913895208162457	0.01162229593907807	0.07883101149303405	0.06734962104955204	-0.06529103108597628	-0.007955529064261137	0.028715717081836928	0.0032363647021761313	0.033127987699919	0.002255855079987383	-0.018534335071993483	-0.004762533338412484	0.0003706616150930827	-0.0	0.0	0.0	0.0	0.0	0.0	0.0	0.0	0.0
ec1380	-0.20674410188564366	-0.06043883245452206	0.2393379135122414	-0.03695400411662556	-0.03375600344459123	-0.049971917194937876	0.0569368033475977	0.017498667135603937	0.036780775412094416	-0.04753238174429465	0.01277050436909096	-0.016490587495246904	-0.029043879091606613	0.006096950677690714	-0.027206745193572822	-0.017193248750158853	-0.020761787629267732	-0.019450344288907115	-0.011833627839005899	0.030780370115573226	0.010469215306289035	-0.010511114535015112	-0.00708439638021336	0.004167266406837901	0.005439056978615499	-0.007136629942832532	-0.0	0.0	0.0	0.0	0.0	0.0	0.0	0.0	0.0
ec1390	-0.1084087879740877	0.06370302831716596	-0.10787708124415576	-0.06306046904974269	0.014414749349935066	0.035486228338996555	-0.06826559674911556	0.05066332904667045	0.06177934823203148	-0.030866258726416313	0.05220925638894785	0.023586599425294886	-0.004123488169630482	0.017307660356210314	-0.04963883437836039	-0.07699160054611875	-0.0014685153218276783	-0.029842518165767922	-0.007972200185053747	0.004334807585887521	0.05541990223247792	0.006131411681106989	-0.016734691429594658	0.006483411628505105	-0.0036462830855934305	-0.007824337109626826	-0.0	0.0	0.0	0.0	0.0	0.0	0.0	0.0	0.0
ec1392	-0.0774000549843695	0.10155260722487885	-0.06908929575447106	-0.10898450556033058	0.016313456519415827	0.06474385755787951	-0.03484961053997035	-0.04958881669140136	-0.008697002342518176	0.016208235201471213	0.040106300469089494	0.006981239956253455	-0.0167909933270393	0.015603355904962861	-0.012008056182223224	0.012513617050803613	0.010257731192557283	0.0018682210313695619	0.05138763455084579	-0.05730224983467217	-0.02309108336839893	-0.00667676043254289	-0.02600947353336602	-0.021326891554195457	-0.012282297131138493	0.0016621615350534136	-0.0	0.0	0.0	0.0	0.0	0.0	0.0	0.0	0.0
ec1393	-0.0798793868432642	-0.2833386297280826	-0.09126741483621399	0.02142208887923689	-0.013908271935829645	-0.026524247254892004	0.0655728386023845	0.03533016726406431	-0.15129199476868846	0.024929354810631472	-0.000655286494730247	0.18278905075815882	0.04609453796324199	-0.06965142059930224	-0.057988478922677125	-0.04483648008862492	-0.02071364579456398	0.011852301620669664	-0.005894306699687992	-0.010444379305367303	-0.013225150985634773	-0.00764863154236612	0.006162513639662072	-0.00010174145025659057	-0.0017810741438540345	0.00019551063645395356	-0.0	0.0	0.0	0.0	0.0	0.0	0.0	0.0	0.0
ec1396	-0.19778531771587948	0.09573352560200948	0.03428268125959224	0.026538900245705436	0.023450506846687594	-0.035602504891507104	-0.05445234107415405	-0.013447044109315607	-0.02977130964791305	0.039976315122396966	-0.04693981485540296	0.01403400488513945	0.008943160918115029	-0.015178425124575153	0.030660073321790004	0.02754612604533667	0.0243420335603311	-0.006797569272442568	-0.01335757662696023	-0.03071102251773643	0.02479391201738479	0.010473441666736024	0.01630246286431903	0.0007324252841492253	0.007663270434888672	0.007440452999930184	-0.0	0.0	0.0	0.0	0.0	0.0	0.0	0.0	0.0
ec1400	0.07876653948324387	0.09998769887996485	-0.035829074408804555	0.08154135108092586	-0.1548379118746317	0.006693752873196776	-0.03237837476598883	0.11350448202891264	-0.02892882567007837	-0.01365426693423351	-0.006646874170827169	-0.051930848269104615	-0.07602019799998276	-0.0031750473971567873	-0.06411279724598799	-0.005294859611794618	-0.005781804797636013	-0.0019955908608793507	-0.0041516579684700685	-0.03770549284356478	-0.0028761699669018885	0.011210374402715113	0.02186303924925693	0.004856174093771455	-0.008937271390641356	-0.0031805780731965997	-0.0	0.0	0.0	0.0	0.0	0.0	0.0	0.0	0.0
ec1408	-0.17419472773178013	0.0783125744462796	-0.059067128341617564	0.05641223760264395	-0.020822019606220814	-0.021500344104006967	-0.008950090833032887	0.04154416903647448	-0.015461426741045697	-0.05502650091545952	-0.013649806430014209	-0.024440868946008346	0.0017080806352483106	0.016790666860676557	-0.003431945293784784	-0.03088656475124394	0.038194838851382425	0.04904836921041591	-0.021821275539951075	0.03896064382575648	-0.002972209856457011	-0.04217716819451771	-0.003382762937267405	-0.0033381576419247018	-0.007565427098358176	0.019889743799987314	-0.0	0.0	0.0	0.0	0.0	0.0	0.0	0.0	0.0
ec1409	0.11233827011291653	0.09300371116440599	-0.017639108359285116	0.09002534392201123	-0.10854486762045976	0.037701016008787405	0.02245052389876097	0.01615413271058958	-0.16606138216507374	-0.1197515810826122	0.0036756806930405552	0.0010925929113003356	-0.017190389457168536	0.013133251195916202	0.09958037869484763	0.0006512855046950251	-0.051742818469610576	-0.04768327808687613	0.03445701657638025	0.0077269711652100765	-0.01948668784048678	0.014344971075449416	-0.024263829001388623	0.005384416010807667	0.006913810892568061	0.002267040790889316	-0.0	0.0	0.0	0.0	0.0	0.0	0.0	0.0	0.0
ec1411	0.16359761627500494	0.10240700547115267	0.0460503727149665	0.03778556426217714	-0.0253752680268557	0.12391007467897402	-0.10646347808994845	0.09866236718619902	0.03203494373086926	0.03926284886967826	-0.011719299090391183	0.0409145309283998	0.041333604609705095	-0.02201998703799482	-0.0018188292263493654	0.005809071733140598	0.051406720532260405	0.07513986551181212	-0.012327351146497722	-0.0021776423936715446	-0.00587414598074773	0.019796191567956287	-0.02282958486215037	-0.011479844400438534	0.017812759772263063	-0.004495070264199813	-0.0	0.0	0.0	0.0	0.0	0.0	0.0	0.0	0.0
ec1420	-0.12716718430184623	0.09430988989823276	0.02398197016943406	-0.04303371608672395	0.09413908394832664	-0.005456232128481271	-0.10244357090814347	0.006344076006233232	0.04919437194184833	0.03352009394202983	-0.011063382984048799	0.054126338853366034	0.02722003315655183	5.4230276016041045e-05	0.020170611946118723	0.013036880796261929	0.006400846952413845	-0.04170235082312512	-0.00581820419160536	0.006178428208189702	0.005800121427754641	0.022063371788496842	-0.009004052057541054	0.0193708610699891	-0.0024994062981975227	0.010963192266488193	-0.0	0.0	0.0	0.0	0.0	0.0	0.0	0.0	0.0
ec1422	-0.1835256568401807	0.08561029451466597	0.003231589711263052	0.1012724549205369	0.01477346529574708	-0.05273104535478811	-0.04151685367728899	0.0005754548297613905	0.016598502664096876	-0.010956834712255819	-0.013588916029297684	0.03176826051327777	-0.002048078892587109	0.026176776792046885	-0.017804088167853335	0.038285074819939965	0.015340349132749644	-7.594793196710074e-05	0.026648527031143017	0.03149743498259452	-0.013390057209694712	-0.05384557813020082	-0.025818931242879442	0.0008130859042040095	0.0033520847351156207	-0.010505107144617736	-0.0	0.0	0.0	0.0	0.0	0.0	0.0	0.0	0.0
ec1424	-0.12817602398588593	0.07874653431568626	0.022309278943793642	0.05807417924368942	0.04674955446120843	-0.06659252560774609	-0.06026688491648522	-0.09475695073774017	-0.00512026846202141	0.06881663713759577	-0.012521396450223017	-0.006887014946646329	0.04897639317563633	-0.0011768015292143376	0.015797066881430993	0.05013199509217328	-0.05456774810669576	-0.008669359767279436	0.0021063252607384044	-0.025068210898648385	0.0023335975002732687	-0.03093960063227458	0.024740933005981295	-0.00722612467600872	0.00019106831795854425	-0.008786901456311608	-0.0	0.0	0.0	0.0	0.0	0.0	0.0	0.0	0.0
ec1425	-0.12981191456698854	-0.04112989353367891	0.2546468689577204	-0.1601513356165573	0.028130504126219234	-0.0009201047732878276	0.004449082775306162	-0.017049820025870657	0.0666460116969807	-0.011019834876619563	-0.01498603965681371	0.03824201666038052	-0.00731291122946327	0.003479753160425151	-0.01234679300110508	-0.017057447060171458	-0.009861954176837537	-0.006654055826065428	0.03884956221222696	-0.027651983299698406	-0.022578649803592806	0.004734078258827671	-0.008055329104965467	0.011437956387056768	-0.010800378377313886	0.004775230468959454	-0.0	0.0	0.0	0.0	0.0	0.0	0.0	0.0	0.0
ec1427	-0.14402487142966283	-0.035643964621670604	0.18459431866055484	-0.1470979255253831	-0.05272805598327922	0.014700046587951083	0.07993208884820213	-0.02639850017128997	-0.046340801756330374	-0.038381279885232246	0.04014455506031346	-0.06237537163498997	0.016466256099455713	-0.013153208258762358	0.02862100569042322	-0.02674065697534227	0.01969099422431527	0.0369608399680637	-0.02019928775074697	0.006643204912914818	-0.009664438475110998	0.0005022769164124009	0.014303118244594144	-0.014718943051075281	-0.004693702757091237	0.0016331881925992153	-0.0	0.0	0.0	0.0	0.0	0.0	0.0	0.0	0.0
ec1435	0.042273524180530715	-0.022174880548700537	0.32695737361574834	0.013198388498893661	-0.10801396271293567	0.07172021869141132	0.026924178265051283	0.01577100595565683	-0.02128876165934459	0.027034540002328362	-0.020339213636185523	0.0031550148857444242	0.003236574587068049	-0.01889913389256404	-0.021405695413195664	0.017079742372498312	-0.014873021283963785	-0.005319995352180095	-0.007256274472146764	-0.00045230713243280625	0.01582648096507127	0.0023733075540150286	-0.00044220051887635547	-0.0026696191580269854	0.012318961683798986	-0.00045407854499927017	-0.0	0.0	0.0	0.0	0.0	0.0	0.0	0.0	0.0
ec1437	0.1381112562546651	0.07346272273686173	0.06555172811886006	0.12067068112289536	0.050345499326525926	-0.062055829229979716	-0.10549522767353525	0.08530668982989391	0.07422067138700364	-0.017457063139691604	-0.05483357478583882	0.028240777357257014	-0.06350590185537701	0.02830695477751255	0.023783417053966426	-0.06884603847139678	-0.03979129109460743	-0.015416923108854914	-0.011992476199531888	-0.019295705939343325	-0.030552679260748648	-0.01670946029392519	0.022599570783077796	-0.005470470760117893	0.004288303656880707	0.003045565304015894	-0.0	0.0	0.0	0.0	0.0	0.0	0.0	0.0	0.0
eti111	0.1913333553899715	0.0629774201438852	0.08457246965280096	0.2581490189953925	0.0726100631285791	0.09159185957141187	0.13130763433723477	-0.12647027051080503	0.02073635983888255	0.03945951577459547	0.13425045687737303	0.017807346967451496	-0.044699509283606366	-0.006357184568725404	-0.010807014191423249	-0.023236033977341922	0.07336958766823903	-0.023474797018846433	-0.0054558790232306816	-0.01644565054655923	-0.0011357399088476393	-0.005679352669792167	0.0031984673926671986	0.007588752983268357	-0.0026238942914602174	0.001355082289226753	-0.0	0.0	0.0	0.0	0.0	0.0	0.0	0.0	0.0
eti121	-0.05659497328485051	0.08597843073953704	-0.09894848711987803	-0.04485419119266308	0.2440739854859272	0.13245875038803906	0.20439011641071975	0.12145195270833398	0.03724821679839923	-0.09587638452241963	-0.07231479245957784	-0.02049928817331131	-0.013727197738815403	-0.05008475370585693	-0.008944523340500422	0.055246664652460004	-0.019028562523060358	-0.008118768699471831	-0.008310330396041886	-0.01568763083175997	0.003360440305470684	-0.008346243935297652	0.005049651421486944	-0.00021638516691415964	0.005366894082878053	-0.0008516990746270357	-0.0	0.0	0.0	0.0	0.0	0.0	0.0	0.0	0.0
eti125	-0.11779239328859466	0.0691024007639994	-0.014637163009345236	0.15278182816385952	0.10516077909683502	-0.0791585055515359	0.034256217378998643	-0.08479839100138287	0.04137488280935097	0.002241987335118565	0.02100184993770487	-0.010713401731182945	-0.010536124473144367	-0.015724750074349838	-0.033418800613761006	-0.006877261826888038	-0.08646118635361444	0.07748517076592844	0.03184639688848416	0.03677884842531151	0.005317634409660708	0.04983341089027682	-0.0038294097159660362	-0.005724549796649467	-0.0010918607013673588	0.0024557713539237976	-0.0	0.0	0.0	0.0	0.0	0.0	0.0	0.0	0.0

Biplot	0	0

Site constraints	0	0
