Eigvals	15
1.286543879425741	0.7662716782490068	0.6027567443280523	0.5120009450687978	0.44909575893654186	0.28797081841096595	0.24657190167947868	0.23654375145087903	0.18216499294122387	0.11587235353042788	0.10851924167903461	0.060880369916641454	0.04899529845961088	0.0	0.0

Proportion explained	15
0.26233577285108445	0.15624843904824898	0.12290653967829163	0.10440076376179393	0.09157393299119278	0.058719370877672795	0.05027782683892611	0.048233013146554635	0.03714478376826061	0.023627226324411898	0.02212787265972637	0.012413955830772651	0.009990502223063469	0.0	0.0

Species	0	0

Site	15	15
17N1	-0.42187234911161653	-0.055112700806712066	0.18493025242319844	-0.18453909247227368	-0.24676363395804776	0.03187986204756445	0.29452226916246244	-0.06071869452197814	-0.029212700246406032	0.1130062548347251	0.018984066511434368	-0.012865520219774069	0.030161324559541958	0.0	0.0
18N1	-0.2794123933993082	0.1501921835850951	0.1447841029528615	-0.1530751702246938	-0.13123882337239817	-0.04671355334120788	0.0005434778741251179	0.08490295480127741	-0.06724160451954343	-0.24171289278422484	0.017513780983142994	0.054304445327492686	-0.06641322845583565	0.0	0.0
18N2	-0.360456305166643	0.23928416493416832	-0.0943470195103975	0.010533116959767143	-0.06967159453834254	0.13831094344085057	-0.2165496746611088	-0.16169223936440566	0.1271537908193284	0.088361719926541	-0.021234488644470948	0.10513330475762375	-0.031218903716298846	0.0	0.0
18N3	-0.31288570557312045	0.3131157760660782	-0.08899617967511246	0.06930965339337782	-0.025711467296176814	-0.014028985407663463	-0.08177022946637219	0.02026888581674024	0.019993440115933347	-0.018232869602815942	-0.09684634675343518	-0.17920586394004828	0.035538482130741414	0.0	0.0
24N1	-0.12283827962584339	-0.20807293404813718	0.3407014546725478	-0.04608121172719268	0.07088912442686944	-0.002119966474762921	-0.21786466021363624	0.2821409538937864	-0.026211580867760965	0.08679813589267671	0.03025635870202187	0.010155884019894153	0.04786668125381053	0.0	0.0
24N2	-0.23206222429911197	-0.33950363729726885	0.19521213910736185	0.3974173107509433	0.2281326424349497	0.13743481420947437	0.03926332274974135	-0.16453260659638563	-0.04871351803816342	-0.07057883555318606	0.011231006049857342	-0.018359208333202124	-0.01464833339259732	0.0	0.0
24N3	0.24930202830683482	-0.1660072056295642	0.18433214493132738	-0.024047081448719573	-0.06324250796780474	-0.3478988577944445	-0.042280186403441125	-0.1572032249302391	0.2057755755103367	-0.03053217011265067	-0.010299616350172184	-0.008034866023192352	0.01950408281005064	0.0	0.0
25N1	0.4440858661755669	-0.026693688111123617	0.08756694884729282	0.014535311022876422	-0.08147286780905828	0.1495508155826754	0.06737351259071452	0.07775906605232513	0.10744907517544357	0.0743972344677727	0.031681809480971594	-0.043159015613809804	-0.12336896599444667	0.0	0.0
25N2	0.41482232701686683	0.04204120198568481	0.0016348630191365826	0.04601370961861681	-0.0726778002448707	0.1665328598209755	0.0800822037469914	0.029126296028898685	0.02102335280492808	-0.060419920622697416	-0.13566699028109552	0.07533338996721156	0.1234888457029975	0.0	0.0
25N3	0.3034495827635242	0.19870372423424504	-0.022801635541196432	0.1515958617524019	-0.013633387099176997	0.020828589562161708	0.0512751118466604	0.10406816815482794	0.020902868990126056	-0.02104216328601326	-0.041257186781773744	-0.013525837227276582	-0.042019707180947594	0.0	0.0
26N2	0.33181317663745896	-0.00023008271137555725	-0.009746849126301185	-0.03979512521476805	-0.09403195765151394	-0.10548801636561861	-0.11192069460230666	-0.14454201022117502	-0.31747791230391337	0.07340168288790944	-0.05394373902782907	0.0018873638982009244	-0.029836307580335345	0.0	0.0
26N3	-0.10589971180057042	-0.5172700712322885	-0.5205072235236405	-0.028765288392631972	-0.1827633610216198	0.009290249259533718	-0.04227506195804984	0.07373286567807674	0.015188236655635328	-0.0335976555924653	0.017136764231595682	-0.011750199316453292	-0.0003827162779019685	0.0	0.0
27N1	0.2565376050021281	0.20099851106252278	-0.07818053250845029	-0.09789128408898524	0.058096053330372335	0.08880654750665476	-0.03654587936451172	-0.08526689881290538	-0.01802006179235828	-0.03976551639218353	0.25395955775431917	-0.03277693596724747	0.0702086298778337	0.0	0.0
27N2	-0.1513383644422863	0.21680171227012565	-0.21028819327047668	0.29240666897116113	0.15091444861104272	-0.2361985734018841	0.14591311372533397	0.1257578842159383	-0.027559729965862225	0.07289425041061855	0.0518220879970954	0.07180187311713047	0.0031733305495240593	0.0	0.0
27N3	-0.013245252483881335	-0.04824695430145	-0.11429427279815031	-0.40761737889988003	0.47317513215577545	0.009813271355691145	0.07023337497339677	-0.023801400194782187	0.016950767662276853	0.0070227455259952	-0.0733370638716619	0.001061185553447847	-0.022053214286135638	0.0	0.0

Biplot	0	0

Site constraints	0	0
