Eigvals	48
2.484933404999855	2.1189998030704933	1.7024699398511012	1.1538091943088766	1.0034787164723358	0.796169215837935	0.7022460407103192	0.6089002192304378	0.5554533623771031	0.5462075053984208	0.510627097187732	0.4950450805663117	0.4777506285769305	0.4561709730422393	0.42940998992353685	0.38072959551847707	0.3625830655034181	0.3493372780704217	0.31608524982555297	0.3002305522113313	0.2567052488751217	0.24666608245964158	0.192429550194072	0.18331995307229235	0.15875018453139508	0.14598028281972633	0.13670796998559887	0.12942921356215387	0.11968339758792707	0.11203765909673932	0.0939388379932665	0.08704537235113335	0.07396491762732668	0.049780902059644555	0.04539496638601567	0.03040322851046734	0.026090619611844196	0.018942838841832718	0.004114579270283483	0.0	0.0	0.0	0.0	0.0	0.0	0.0	0.0	0.0

Proportion explained	48
0.1391182535314211	0.11863157026399646	0.09531227043963479	0.06459566268366712	0.05617945584002143	0.04457329544526004	0.039315034574530394	0.03408909667510501	0.031096890378059308	0.03057926384018609	0.028587305327234976	0.027714950786663417	0.026746726064139772	0.025538595502670628	0.024040389865945345	0.021315032543601703	0.020299104487634077	0.019557543039500615	0.01769593818260752	0.01680831767820232	0.014371566587659847	0.01380952685821568	0.010773110819377388	0.01026311274884281	0.0088875816049484	0.00817266247660445	0.007653554815576057	0.007246055814004085	0.006700439221283711	0.006272394838399308	0.005259137751578941	0.00487320913917314	0.0041409037933190455	0.002786968914266287	0.0025414236172419417	0.001702115655728477	0.001460675536273625	0.0010605091674893755	0.00023035348993526072	0.0	0.0	0.0	0.0	0.0	0.0	0.0	0.0	0.0

Species	0	0

Site	48	48
ec1306	-0.32539113821092325	-0.3489064481101388	0.008685072854553397	-0.043524431424619994	-0.17136176994363259	-0.10759871052317578	0.10639505404403361	0.09562911301816508	0.030251103524774194	0.029302354793834796	0.010418911444859385	0.009959243418764604	0.02732068523972363	0.0306889118099981	0.031401349058870105	0.06796301507039443	0.0047276946160013395	0.0030164280849702594	0.07525770333529311	-0.030689030331897186	-0.05176035777492749	0.012110099343209375	0.003979359936151785	-0.027752032253193632	0.0464228136077688	0.07608801836172796	-0.018857735978714235	0.014787288101967158	-0.02196895131152083	0.1300907532419155	0.016295973293046048	-0.04667347336531963	0.055854469321913854	-0.003659623057620856	0.010070369393379491	0.014700252081802737	0.002127840551716875	-0.022317162044818907	-0.006127246141959108	0.0	0.0	0.0	0.0	0.0	0.0	0.0	0.0	0.0
ec1322	-0.32126698833728096	0.11933425060489869	-0.09434679191318252	0.023057228086062437	-0.14697903960578715	-0.10589507713777753	-0.07779058311469349	0.019327064291883227	-0.013143107022216043	-0.07772442740395964	0.0771024383428917	-0.01025237784400344	-0.0051079142454438795	0.03210829211043533	-0.11841050095504828	0.038037513742697315	0.012006533649722232	0.017295631271483095	-0.02120682808701248	-0.03416154070780774	-0.04244222346207241	0.021464157216091895	-0.0007877323760720222	-0.032742986097896346	0.025888686362974377	0.061903434581157143	0.007906319560508992	0.052483212583881285	0.006120067929871855	0.008607457037299824	0.03540486486350346	-0.00463013827245177	0.010761564684514951	0.07429078814031315	-0.06178466251240694	-0.030057429528417487	0.025810312219464334	0.003577242784313652	0.005546491206078336	0.0	0.0	0.0	0.0	0.0	0.0	0.0	0.0	0.0
ec1341	-0.11112765930788492	0.32018985272640915	0.13157972606807866	0.08462012414253153	-0.14544073753150485	-0.20151400136671466	0.0799103645597019	0.2418257217055305	-0.09413909764668425	0.09939556652453269	-0.022119817009915704	-0.0461790104499284	0.014374697810277942	-0.008386163013042677	0.04188596540461028	0.008057098719760947	-0.01961905737673481	-0.06477728873766339	0.0361160632178782	0.06691100964715142	0.036645238906944044	-0.031529637063683114	-0.041551868222518315	0.017304031440437344	0.0448464843384773	0.09445706986315068	0.06535849938758612	-0.07346539652308134	-0.022275999220315038	0.031227591541313122	0.029090681019485316	-0.032087656989746534	0.02554355180378936	0.026994614897669484	0.055290188569026344	0.06444974609853756	0.01409952340549779	0.014766300090869901	0.0045412186052048685	0.0	0.0	0.0	0.0	0.0	0.0	0.0	0.0	0.0
ec1350	-0.2802114702794001	-0.07793929451976483	-0.04804120783757943	0.1559751769332952	0.28185012327512143	-0.08753510205943954	-0.05994191289498572	-0.07402164751633948	0.013338055043892986	-0.00796124684904739	0.05393163018651358	-0.0020175328782733896	0.012086832281210365	0.058079938113162394	-0.0834285843435186	-0.04323102091176705	-0.013586444344047315	-0.01216214923142057	-0.020949425036365033	0.020049700165651465	0.002143218054681879	-0.015270752501285328	-0.003029105984798855	-0.0547869434918723	0.07920219644337309	0.04975115672893711	0.018410004879310583	0.04332533840128798	0.053582016969875586	-0.06443857155285784	0.05786242577258233	-0.0588964603111923	0.005367786492930745	-0.04066406759612598	0.049887768053493584	-0.05142686314763722	0.006480893023679008	-0.03309812296252024	0.007605180226327809	0.0	0.0	0.0	0.0	0.0	0.0	0.0	0.0	0.0
ec1353	-0.07378395985805618	0.07853139426155165	-0.1710312276529085	-0.0575695447161024	0.14609282376704658	-0.05040024807196532	0.008709935316505785	-0.003957014072872898	0.022091419553311016	0.023560001899604523	-0.08177103309415723	-0.0718156261418554	-0.13675905663394491	-0.134316549934147	-0.04917031239240067	0.07657745728046786	0.00853094266552316	-0.10103328775481774	0.12795626240699795	-0.004759327582127745	-0.08857302628730447	0.08011140616483557	0.08882818729352315	0.05246414192131778	-0.15416889852413623	0.09372489964665813	-0.0400912919460761	0.008869205285261432	-0.10105429517077558	-0.08068159397904126	0.03743986408382873	0.03130887535844954	0.004182543632268483	0.04681974001131077	0.01894680835174714	-0.008139349731342763	-0.024603851929938345	-0.019087687778716778	0.0015045466010200005	0.0	0.0	0.0	0.0	0.0	0.0	0.0	0.0	0.0
ec1354	-0.1217365688194999	0.3017984547507547	0.004408271518353031	-0.016200996228814955	-0.14775159300734567	-0.07471257721140862	-0.1071054071471957	-0.031565605346021056	0.006266403128369592	-0.12796348544196012	0.07512759804631552	-0.007981609407767314	-0.04849573521385046	0.017470758059361255	-0.15063338081442854	0.05692644370020315	0.062245085569188036	0.07945031170784511	-0.08244311286591477	-0.11758200623280472	-0.11485117019536514	0.06660102047073518	-0.06307945353465101	0.017706397386277984	-0.08391222685236165	-0.06624554087960452	0.01594499867034089	0.045560529367564266	-0.03908009617608735	0.002346432299516029	-0.130850758745844	-0.03647653567882476	-0.037233008137962945	-0.04796762362682783	0.04905761080512687	0.03224947797498341	-0.009105003127675836	-0.012588288845255228	-0.00896342733700962	0.0	0.0	0.0	0.0	0.0	0.0	0.0	0.0	0.0
ec1357	0.1602306417778627	-0.026577650018611555	-0.14795843610003495	0.3411993329283239	0.09419207004057274	0.08790230499640066	-0.049642719717301144	-0.061391250386129734	-0.2055713302321668	0.18447790597354155	0.03710529859233963	-0.0812955443085369	0.007477288283477123	0.12481599251263407	-0.021989378045927842	0.14981266900147058	-0.01919347746995464	0.055968049293372686	0.014336775196904348	-0.09277928028705745	-0.05353389975291668	-0.04324220020944442	-0.007636595614142615	0.18412363673935206	0.06700715134980745	-0.035095003325954	-0.07137372140902049	-0.048486356433267284	0.004599969736542007	-0.011233231515058102	-0.015143969186474088	0.015464974802859563	-0.01689483574400184	0.06922118589427735	0.010480230370301815	-0.010059630885847538	8.26449409728651e-05	0.0005402586820416512	-0.01273929634946742	0.0	0.0	0.0	0.0	0.0	0.0	0.0	0.0	0.0
ec1367	-0.034193850350883764	0.28384767465331273	-0.16270923911931226	0.09987097201358705	-0.13328507828075992	0.05368605683267481	-0.0776142855959008	0.038990560134180625	-0.04764756207907509	-0.03831618261297053	0.07059079055053596	0.01138003938612087	0.007198336272785713	0.013780488184992385	-0.058890606085977924	-0.051414992714770916	0.0752431374012841	-0.06665723594904006	0.07236556454426356	0.025498075368727523	-0.05303093911961133	-0.010893061003145436	-0.0728942890785523	-0.04950310052945592	-0.02496442141213308	-0.02616386669013797	-0.08301943076583096	-0.09459544148813824	0.04867457987015322	0.025552552751611283	-0.05218933817209969	-0.10903154763438842	0.031198311365034564	0.006985572144641606	-0.04888483849429337	-0.011078449239563868	-0.02922957139291754	-0.005611304089443076	0.01801605591573956	0.0	0.0	0.0	0.0	0.0	0.0	0.0	0.0	0.0
ec1369	-0.03676148162706689	0.08437011334743125	0.022489212680949302	0.10125448185111709	0.13123589237563704	-0.015510933672855382	-0.020208885877462165	0.018142588973230813	-0.01489498867913866	0.05033241380453002	-0.1526383155530828	-0.048374339960552314	-0.10649704025118395	-0.12506306825186259	0.02241723221013296	0.2674668869757925	0.31698342072852004	0.14234737724979904	-0.0003239385955142098	0.05375622273565461	0.2126101398681779	0.08587009832921451	-0.05597832031353785	-0.039359499391866115	0.0049292724168806595	-0.043930800016449195	-0.012924653203787967	0.04141410276557258	0.031214030461627854	0.008479574657431347	0.02354951205684067	0.00292062953685226	0.017311801400420428	-0.011874357286078377	-0.022301597756059312	0.008573089906733992	0.0032971661977812205	-0.003792122928367208	0.0026287922612400552	0.0	0.0	0.0	0.0	0.0	0.0	0.0	0.0	0.0
ec1382	-0.22428369235293427	-0.28190167254117915	-0.19777442353411961	-0.06964365195620084	-0.09491479533835916	0.02092407688838329	0.005635236358459997	-0.027324458978535172	0.012044614197023946	0.03053851495720909	0.0021698677858685064	0.016175005263148957	0.016907362776305303	0.024163076805644577	-0.044800454249040264	-0.15077706980797415	-0.005209256961795557	-0.04263763850335018	-0.019848039881054554	0.055122529201960875	0.0786729456641718	0.03550479970406488	-0.0002382424767576167	-0.06556061257323155	0.0823566147908561	-0.161146642187693	-0.10968311716056056	0.03993252915049046	-0.02709914941611618	-0.005975183422643844	0.024257724274519447	0.040417523091147295	0.006613182870903396	0.052359457544466685	0.05274472416073222	0.010079826305382572	0.014407078360694846	-0.015709325106698906	-0.00812048686931905	0.0	0.0	0.0	0.0	0.0	0.0	0.0	0.0	0.0
ec1384	-0.3489887002529221	-0.19958352655491554	-0.02147467034695412	-0.026818603573341024	-0.0643652437037851	0.06920153946306133	0.04190218139700737	-0.023765110195512685	-0.02614531601098625	0.06176218832201857	-0.0369863509745189	0.01876053605460992	0.04842009999347625	-0.03440431842276632	0.1057904651249444	-0.02572399127741367	-0.014358620727008414	-0.13927000072726206	0.017902965539635017	0.07742497524328416	-0.013046910466630639	-0.004652328535465669	-0.13381654574361795	0.015911721056218714	-0.05124830134588257	-0.0652979697760441	0.07248007307503027	0.1334371918653381	-0.08719060995359856	-0.03045615022579609	-0.011525345066386116	-0.04491189024816282	0.05218809611768345	0.024902415922080454	-0.04484303708878903	-0.021084883064881977	-0.034260222301770366	0.03224154060344187	-0.012097901565116765	0.0	0.0	0.0	0.0	0.0	0.0	0.0	0.0	0.0
ec1386	0.05681855021662838	-0.21679739565246417	0.21142582613696487	0.06690080225459284	-0.06244351804158709	-0.0694603090362408	-0.05738905026152342	-0.14966766007612287	-0.22280158649257856	-0.3486302485814605	0.1383789746249314	-0.28415334871929687	-0.2582550856244993	-0.09039790676040044	0.24031289477978574	-0.11888742308778749	-0.013460868948668258	-0.009608347096326434	0.019399678795529587	-0.023880867950130526	0.043714270608921885	0.014700676190230796	-0.007947618677618812	0.020955410976733927	0.01632072122534991	-0.004407190570103954	-0.006501236257547544	-0.028263762076120177	-0.00896704974456715	0.008067994024750582	0.013436689168515493	7.039075577775484e-05	0.0032927316797492943	-0.004161944679393991	-0.004615336238214762	0.0012955683228922567	0.008084157926318784	0.00011488418248228293	-7.636320975108822e-05	0.0	0.0	0.0	0.0	0.0	0.0	0.0	0.0	0.0
ec1398	-0.3296455882999389	-0.3549056212855417	-0.03553230236550952	-0.01925065693364736	-0.1455800696989528	-0.015220994985982353	0.018301627563546488	-0.08672790620353188	0.04590086963134071	0.012547505081366164	-0.014387220452664454	0.055818379089263154	0.05756561376522639	0.054302814048133426	0.08806702050327382	0.05609699554123259	-0.007490936205999278	0.04442403418291746	-0.07235869672656302	-0.013959004750005412	0.019136471240699702	-0.044812046128574555	-0.021940503267562753	-0.02054329281314376	-0.11609123633265378	-0.002754235843040445	0.07683433750870894	-0.07424641770683733	0.021774786972904782	-0.05950157273404191	0.027961023808329783	0.0314252496748872	-0.10826843353926935	0.03803487244695729	-0.01993398301888634	0.013752241523975221	0.012055164248441828	-0.012301188184365656	0.024009881115553237	0.0	0.0	0.0	0.0	0.0	0.0	0.0	0.0	0.0
ec1401	0.11521861787155482	-0.09078676488885991	0.23574063537938025	0.07759127115757952	-0.1569397675150048	-0.33297931010675585	0.22646493607027274	0.4278735103378277	-0.10840716702927349	0.11290771569630023	0.03639112601481838	-0.06662112557053732	0.004423903823741925	0.037030193099365886	-0.012017838281834682	-0.06466610524488879	-0.049262132739641466	0.05868518007210972	-0.04969004102049107	-0.03468146410218295	0.01291319175410251	0.07572522360142832	0.02399982859913011	0.008219818182811738	-0.03546599892975073	-0.06294363723343291	-0.03817207945002806	0.03350283603101833	0.026000843580686956	-0.06734189733779697	-0.009626963294109368	0.032394606685331	-0.04012086558384305	-0.028917567019815137	-0.027616878191422466	-0.04014036300301497	-0.005496570882284622	-0.005636254593154634	-0.002077674180473182	0.0	0.0	0.0	0.0	0.0	0.0	0.0	0.0	0.0
ec1403	-0.13992313434080086	-0.06803074527461626	-0.23219927970032522	0.08639003757451444	0.05490303237753496	0.0482064982229227	-0.02315950563019456	-0.06180337782470085	-0.0985422213234805	0.10927986318759506	-0.08381133076383485	-0.12902570712421949	-0.11844277266497923	-0.0130810247183128	-0.08866302142108973	-0.012900007370013405	-0.13544289119803243	0.11914271453402608	-0.010544773802466099	0.026258865088557053	-0.03928530852718609	-0.01676552763002224	0.0034608559633100204	-0.10008721433006887	0.007405704565219479	0.07549732605709268	0.06704621411824042	0.06058083305773218	0.08556976352714527	0.08939718611808614	-0.05590191416353993	0.043033194373679466	-0.031169043078589042	0.03055459347154969	0.006065197009589261	0.005805726785610122	-0.0175377639383869	0.01977426798694606	-0.0046295073518061265	0.0	0.0	0.0	0.0	0.0	0.0	0.0	0.0	0.0
ec1404	-0.19603328272510007	0.09593012442306235	0.03524003067968978	0.1513365870232424	0.3534214498762176	-0.15524106610826358	-0.005265797214249773	0.02101823948644519	0.004207924451310508	-0.040987105566679664	0.025596870712099522	-0.002593085401590691	0.006049711526742551	-0.02646341252332118	-0.02381991790453015	-0.03636317503509305	0.03572053094538676	-0.10798608156479182	-0.003961560426448965	0.07722617240518642	-0.023826006181492707	-0.040289551077570256	-0.02689017386112719	0.00978770926364782	0.010485571587042329	-0.013983298732884071	0.09967176612123453	-0.020580795156720223	0.05253993995506899	-0.07162045238977142	-0.044776300277944714	-0.028777304693664508	0.0069594235593450505	-0.0006195290365249166	0.047346187039383446	-0.025711570378644903	0.0070565574228359405	-0.0029620711113391954	-0.004186378579463104	0.0	0.0	0.0	0.0	0.0	0.0	0.0	0.0	0.0
ec1412	-0.343892812219703	0.09782902420952846	-0.03525329331140031	-0.04858164214639472	-0.04123886356624986	0.07789014223700655	-0.026434212681624807	0.02990217593846258	-0.020690413345529547	-0.046388400628207815	-0.0032450959144747844	0.0034844570118104097	0.02853076630010634	-0.051715259800727595	0.03003516956828404	-0.012364337704707268	0.05746588230538306	-0.0146560274830339	-0.05521322631106125	0.06393463139710909	-0.07907417495349987	-0.017036827923352777	0.04581540820028565	-0.0072860516769748885	0.11479100672405046	0.0017188596616868857	0.051672488816138964	0.0068956388235639765	0.07737872196105103	-0.0628166973431152	0.004449275757311959	0.09009385543003279	-0.022324742471037884	-0.026991437927124988	-0.018678794321075682	0.05495270085769259	-0.05104457994378442	0.00799522345996414	-0.008861234263595724	0.0	0.0	0.0	0.0	0.0	0.0	0.0	0.0	0.0
ec1417	-0.10239447082627913	0.384911238634939	0.10430297439706794	0.04266175798358187	-0.09979866059495646	0.007510649787505367	-0.0791805467876463	0.02753131572637846	-0.001194514749603873	-0.0276151983463384	-0.026126711110772746	0.02691965448500996	0.02380187362800183	-0.024705338493336247	0.06632311307843079	0.05675660899902761	0.03781621795173335	0.03143532206027268	-0.006192562097474417	0.007724091483914058	0.02539683996668219	-0.13979689570767342	0.2393277550940408	-0.056094118792423014	0.05546702311309379	-0.05802254852752429	0.07708310530684562	-0.03997615772894896	-0.12446501964542483	0.01697057491162488	-0.05595431189322839	0.03867894085211132	0.03104806244314497	-0.0005740130449336438	-0.00679635821286617	-0.050949512638984014	0.00019758540507900895	0.008278056432074138	0.0009855439431106648	0.0	0.0	0.0	0.0	0.0	0.0	0.0	0.0	0.0
ec1419	-0.11444441118366547	0.17367202554382977	0.19298430933243352	0.16767278148506917	0.32299555596191903	0.06307060599190817	0.029863557211839677	-0.029007964780885978	0.025921873481342176	0.03584822206289438	-1.3993318101427977e-05	0.09218897973406176	0.11216042372118697	0.05005460462661631	0.20272169087660974	-0.043605975635941784	-0.0735363464865457	0.058000713023602345	0.024601029080070072	-0.03784730755755243	0.025982463929240012	0.11853421018198218	0.10863909490657675	-0.033335736974691346	0.006099434630642703	-0.04477674630245623	-0.03337773901612544	0.0386064227886529	-0.04235235741738178	0.012320253612383269	-0.004373750884971281	-0.11965353140759452	-0.06700588846317106	0.026095845449762397	-0.0019417118134902114	0.04427767086382178	0.011428620541246232	0.017413585926206822	0.0022825090759001796	0.0	0.0	0.0	0.0	0.0	0.0	0.0	0.0	0.0
ec1430	-0.35410939476577663	-0.2298027958170488	-0.08284260300506478	-0.06797374424526945	-0.13039128893629984	0.07378304615047117	-0.0009841158912035994	-0.03861726544427852	0.04120552966168082	0.01756762468007246	-0.029856948661753573	0.03669282075371692	0.019793067707390814	0.030603243766463742	0.04465077713752295	-0.008568706150638953	0.014084478414245793	0.12944044563106763	-0.03378920274840026	0.005602870526697123	0.014372889658296549	-0.03729639972709707	0.003282447787279317	0.031050209799539104	-0.06866793634670744	-0.026229331074688736	0.06385808461585464	-0.12233252285707388	0.02607425070393049	-0.018731796994128077	-0.017221743390483712	-0.050695207062660834	0.01192633542903489	0.002769772335873095	-0.016597910630865513	-0.0120112198803281	0.04400545693786935	-0.014685448629458966	-0.022874675797663897	0.0	0.0	0.0	0.0	0.0	0.0	0.0	0.0	0.0
ec1433	-0.01164231786030916	-0.08718469195203486	0.11298287304361382	0.22705216826737465	0.41736682486306254	-0.2468876690357246	0.0006224798549641458	-0.02476625706778243	0.0940990404329388	-0.09689585954466391	0.10051195391296723	0.07925115679724254	0.07160947549692698	0.12838139275639462	-0.05811550247187754	-0.047384085502703205	0.0017200463585710715	0.041562626728759496	-0.036549298333709505	-0.008254397285421605	0.01605426550672591	-0.09117005422396014	-0.09597353197262308	-0.0340774387428249	-0.0926366197016913	-0.01968410532109545	-0.030122263632400944	-0.064975103766807	-0.07005635931936793	0.08456991794254698	0.020807544308767863	0.10649377603715729	0.046460633848744395	-0.007651543954922829	-0.030920338707452776	0.022390653891885475	-0.017633381041971714	0.01240291924587313	-0.0035604641222071643	0.0	0.0	0.0	0.0	0.0	0.0	0.0	0.0	0.0
ec1441	0.23988590303373544	-0.15360627818220104	0.3137593793451986	-0.010536517299963173	-0.07293154967904222	-0.1248226451687402	-0.14709166008462565	-0.14929968793634657	-0.11598692436021697	0.16427268781619733	0.16602463390804992	0.2987324953299096	-0.01711859448238151	-0.3821152840425548	-0.06736076660236993	0.009842207198537336	-0.09580366434136177	0.11741123281486661	-0.0004664194614909946	0.1020097128605916	-0.04729056182569598	-0.013575634212737808	-0.036805762931009435	-0.009455739385125185	0.03887433844839787	0.017339878449179422	-0.032463510296035294	-0.018964242081995326	-0.02397964059207402	-0.026710556145047772	0.0006515990956901204	-0.0070033640569581185	-0.0005558306558496336	-0.0016130411115777997	-0.00839550877860793	0.0019940969670083114	0.003556927218334295	-0.00046595459676937597	-0.0001378742004108647	0.0	0.0	0.0	0.0	0.0	0.0	0.0	0.0	0.0
ec1449	0.1838282559119501	-0.12419349848785811	0.2793423182321092	0.049478662245299024	-0.07274312499184174	-0.05070794620501686	-0.024911494957242132	-0.06904381328596065	-0.20531427389550452	-0.2073261214925498	-0.4755209051376919	0.277447397284903	-0.07883278774762294	0.16039213654223086	-0.1130857297464046	-0.026906507772543498	-0.033013525774922226	-0.07551984957721623	0.02781477677577305	-0.018366113028992603	-0.006423085589636553	0.031525777708095774	-0.0005231237141883942	0.016626679598281284	0.027168093526209462	0.00963432851223214	0.0027503880396319803	-0.00885870173878379	0.008861400553432753	-0.009865961157568099	-0.004457745539796102	-0.0008549401533020516	0.004979033706695864	-0.0009139919860959552	-0.007413331400835513	-0.00010654452093207385	0.002406563350438506	-0.0007418314871753662	-0.0002914338567758005	0.0	0.0	0.0	0.0	0.0	0.0	0.0	0.0	0.0
ec1450	0.20071569043442908	-0.07617461647858652	0.3399746917087431	0.05498350919755584	-0.09456198529916751	0.12287540522818999	0.48725424826064595	-0.20318688464338955	0.1125790126182762	-0.0050744899313333106	0.12277045480876043	-0.055468657344855794	-0.1243762964824152	0.057931122999074255	-0.23438002512411185	0.027132187651217606	0.06974261416987945	-0.01755796612958497	-0.01219054161565089	0.003290878876707272	0.010252126097406878	-0.09488067927756698	0.04388022992586832	-0.027692540601413147	0.005368294895159597	0.005765191456675103	0.007844973646587115	0.03926899551007119	-0.01755523057367888	-0.053304595668091106	-0.002908462564339507	-0.0299122791751388	0.003885470118802893	0.016152485219645466	0.007620800486970981	0.029049092227424522	0.013249626019663178	0.022415439111853088	0.0032237748387978077	0.0	0.0	0.0	0.0	0.0	0.0	0.0	0.0	0.0
ec1460	0.27312798229033153	-0.09469370888695142	0.07670330236024456	-0.4174730664234126	0.09665757610292382	-0.1400202988616209	-0.04929429298434606	-0.11007654494304638	-0.10914568825827153	0.0841696813754405	0.16977314590408804	0.0541662127143032	0.0612097140049991	0.04167493661443537	-0.03646665850335556	0.08206371964539914	-0.00940535374246366	-0.1775143948337342	0.002757239746015678	-0.097677191849014	0.10802266812639762	0.1135647922904597	0.08075682705273557	0.05179570582563711	-0.04612905224642038	-0.0476097704794164	0.1170687353984574	0.017716499701072048	0.08310611948306794	0.08120823744109938	-0.01724245840397761	0.010716528287825688	0.03179491826113757	0.018416551824055456	0.008211698750021517	0.0005759583607221414	0.0017915272151687884	-0.00801610447307641	0.0011620464323622579	0.0	0.0	0.0	0.0	0.0	0.0	0.0	0.0	0.0
ec1468	0.3575637543817456	-0.1495438772306208	-0.16986984040845196	0.10856691199278318	-0.008354373734341952	0.03911875995991753	0.07543625068055973	0.09658202444320506	0.13676904254498137	-0.15562906858066386	-0.005415624435976329	0.09605393500783811	0.060087643563562436	-0.13978397303175732	0.11849189480504493	0.06659149171324795	0.05842832706225577	-0.15747994357161776	-0.3412609431748177	-0.04368698670199071	0.004147440698252985	0.02391639086038512	0.0019715868145438915	-0.014936452414313742	0.024911438248544755	0.08888435469368404	-0.05532715073883154	-0.014792967598008173	0.02306399432662179	0.017100667439057093	-0.045550417446472036	-0.009346149298634376	-0.007800733130687203	0.047360780454588615	0.01899640789118745	-0.01936334065954676	-0.009502891937981076	0.01283947477412232	-0.004292006700685058	0.0	0.0	0.0	0.0	0.0	0.0	0.0	0.0	0.0
ec1490	0.11150382658789665	0.04747777974157754	-0.22371124207626475	-0.04102840839289111	0.10186846331107549	0.019284551805454218	0.04168536459198855	0.008763059169045207	0.03633915599691237	0.15285015422274612	-0.208005884434635	-0.12417520680775533	-0.19063616927403043	-0.13238347253044724	-0.062207491424463475	-0.07184281169123063	-0.18834304091490064	0.03462761597397843	-0.1774187675387389	-0.022807391214262288	-0.006824714068126562	-0.03224726840219789	0.02498684511287729	-0.02580019713405771	-0.05556910787572233	-0.08943800031678834	0.0071254139927048685	-0.026568058511003207	-0.010973660124820159	0.07104173633413573	0.03466459895824442	-0.042437878535140416	0.026916033254400198	-0.030660819222104233	0.0032599243409736586	-0.005886125107042595	0.0029076376767441458	0.007877534117460363	0.011297756830259442	0.0	0.0	0.0	0.0	0.0	0.0	0.0	0.0	0.0
ec1492	0.25434792217894914	-0.14307551227467236	-0.20807872598793373	-0.034277591565246235	0.047379100792703674	-0.08160520785398753	0.1265955133265853	0.09898314030673884	0.23933109827749238	-0.15195347420017863	-0.05947750968861084	0.07870264794665745	-0.02681142663325849	-0.1252614215550586	0.11932642312022525	0.0634686993758813	0.003015011547350465	0.07457907140152953	0.19053148793706032	-0.033563194737370995	-0.18442120340124823	-0.05076924015386897	0.0038400419592337716	0.08336899022313365	0.03213995216503509	-0.12288434522317435	0.034452540986314444	0.007250655285576401	0.09026057554022601	0.008525680039905201	0.025578698729864614	0.003775234737342449	0.027745770779084248	0.009581928189078487	0.017800250032425812	0.00680535072904684	0.00456153934381622	0.01182350346987708	0.007410975461012712	0.0	0.0	0.0	0.0	0.0	0.0	0.0	0.0	0.0
ec1497	-0.06640762342257293	0.27539243074912134	0.2713847085555162	0.028443680731981197	0.017574041324315705	0.2702076719300942	0.30001880665236463	-0.09343908641319415	0.04890129837970048	0.07144024351710483	0.013430684638193071	0.020196398110394566	0.005529571603416035	-0.006257718559419202	0.06458082823835082	-0.041926193428815435	-0.020644123887208043	0.01721417933290956	0.01660509695354215	-0.014483017514035074	-0.021802593384644013	0.09173648321861094	-0.03532107368357174	0.005165886738529022	0.016800502326373905	0.015654964609134292	-0.00019931236304219255	-0.06748576048431379	0.05082917959225128	0.03327525203265305	-0.0170456629730237	0.0426129606997211	0.05851207994301437	-0.005792226874925797	-0.021393840586123324	-0.040396097189960345	-0.015543857887821762	-0.04298962040731934	-0.0025441792925905826	0.0	0.0	0.0	0.0	0.0	0.0	0.0	0.0	0.0
ec1498	0.23993320926203468	-0.1479953800749984	0.3110577810232126	0.0059293626057135345	-0.06439380553290541	0.051527398371123176	-0.28983300930816824	0.06146078340088613	0.31044189212594975	0.07656758117701361	0.037876905812073425	-0.08347059795872624	-0.18582204333174104	0.2266517273536013	0.03501757563364983	0.12490126347568296	-0.11153428150158429	-0.06043482755343006	-0.018679649427361823	0.24990772620876617	-0.035964525102712364	0.08631415966751636	-0.0010786422900162618	0.013751851811226384	0.022633468066111228	-0.0036527443901791137	-0.012872361218784354	-0.01099721669700181	-0.001138737451365322	-0.012990225422707613	-0.03982309438750757	0.010211775015617397	0.008602917150772939	-0.0028543382403809626	-0.009759725907423904	0.003278857498144754	0.010259785607827025	-0.003115684202001168	0.0018472135348693388	0.0	0.0	0.0	0.0	0.0	0.0	0.0	0.0	0.0
ec1500	0.1404597719591063	0.25504104814425477	-0.2574710336400081	-0.18187851867822968	-0.09567505315931579	-0.11466524327896961	-0.0496018648344436	-0.07274213490939725	0.03278641684098467	-0.06499380761494986	0.07134134045503082	0.011563012485390626	0.03181603677039047	0.11350765903539148	-0.0713347089325141	-0.04216021597134467	0.009783974076432222	0.10347656660007445	0.012852901713373076	0.009144673595981966	0.06688225098643746	0.020904378773968207	-0.03444875979276921	0.05975812594781097	0.04947404666184184	0.004440619123881012	-0.007592493166610677	0.007174408883970688	0.01197657858559229	-0.02515335941795979	0.021904260608482225	-0.0011289435943703664	0.0148419215711901	0.008679072376313511	0.0012864748061153786	-0.03377880932790431	0.009774035612805546	0.0655176424347348	0.011060846567032222	0.0	0.0	0.0	0.0	0.0	0.0	0.0	0.0	0.0
ec1505	0.1403575078956232	0.00658104100039795	0.0946975626934406	-0.3821143822529339	0.12420957619645552	0.13169562516082375	0.02178535825698632	0.061481977085538715	-0.19630752125879744	-0.04492981734625874	0.010003986360447794	-0.01691666051085365	0.0918095804747835	0.10831239114753792	0.026026382536126023	-0.08174560565768134	0.1769054733386003	0.16079252482443343	-0.12705129492438882	0.22081412813791654	-0.14903458413834966	-0.0334649021224423	0.04651528743736523	0.06362520606277786	-0.06643255275053692	0.027569613040360187	-0.034589871854338775	0.03337514764832639	-0.008881656958569378	0.04766209529564234	0.05827548939204122	-0.020097516564621585	0.0012810150571029256	0.0045140414571390565	0.027546665153025826	-0.007122678759892216	-0.00559061712757951	-0.005166279793587494	0.0020876070930139624	0.0	0.0	0.0	0.0	0.0	0.0	0.0	0.0	0.0
ec1508	0.38740046903731695	-0.1299343991790524	-0.2402303749507239	0.21463822838299174	-0.07069410915752111	0.14663098389279647	-0.013959473964941668	0.04222260246093743	-0.13801409441822488	0.019739321870377784	0.07714489598106684	0.025944551414479045	0.06476016616118854	0.01702076346175057	-0.01349579750036865	-0.02778242030324969	0.08161032234469613	-0.10232732522639584	0.16314214645111638	0.08093177895597209	-0.03714624236055992	0.062026491574045786	0.06733538170809704	-0.19893533293940383	-0.09832370247184542	-0.018745503788928915	-0.011656391604274719	-0.042792177353205126	0.046453596783343154	0.002937638247403201	-0.0013577017815091371	0.029260538018349217	-0.021980272134793435	-0.017093585023590183	0.01577092292426578	-0.0023479359908032678	0.012828680610628241	0.02334186565894586	-0.007041070449619309	0.0	0.0	0.0	0.0	0.0	0.0	0.0	0.0	0.0
ec1514	0.33736009648345006	-0.11996592096297257	-0.29374669332767184	0.07809937870524018	-0.05597540100726445	0.05652047216865263	0.04352027227377115	0.0498186917129288	0.11387332043310835	-0.08735456699182784	0.02003962013557977	0.06819800460095607	0.026949783237344656	0.014855972124417844	-0.019438663321904002	-0.17166730655827245	-0.05799594374052567	0.1893418279407773	0.09510218735365242	0.06400778137871932	0.2143782904752617	0.049878947304844885	0.01689300970374241	0.07679226856465317	-0.006917413461744693	0.08064089443951801	0.06271898343004483	0.009135091396912853	-0.03382050206805854	-0.012499452972114264	-0.054966310693090055	-0.016711689935205977	-0.005504612127996953	0.013066418086724972	0.012419470722295246	0.001711122895596488	-0.05534634029402254	-0.021526896217128735	-0.0009415830557670023	0.0	0.0	0.0	0.0	0.0	0.0	0.0	0.0	0.0
ec1524	0.4057275833302839	-0.15315764591399117	-0.23625752763916652	0.2944345510658561	-0.07192864669092423	0.1870491687969687	-0.000317495870306263	0.010998208658519117	-0.14898154662998553	0.05387741113063663	0.06346380252152287	0.0032978947612644005	0.09172716177273159	0.06773702503459514	0.07079427288029246	0.07926143239481563	-0.0263698887168324	-0.04423773273849536	-0.04973300175055341	-0.024238592897503162	-0.045365710630097054	-0.03657731054187724	-0.04536236047140138	0.04025085698249152	0.028127832230003973	-0.0009328070784367453	0.09659940794705361	0.08309470876593385	-0.07154639739230598	-0.0025498883449309264	0.0347583586791354	0.006001441666171839	0.01451931758323218	-0.07284864220452254	-0.02160313401784848	0.011542740440731903	0.013468985044591557	-0.0209416370007387	0.015383780294950751	0.0	0.0	0.0	0.0	0.0	0.0	0.0	0.0	0.0
ec1526	-0.051784259457966206	0.3946378593059011	0.09760588034280625	0.07026923905785917	-0.13902436644884447	-0.06411410391843467	-0.03520439505121135	-0.0903047624120024	0.024823571749062846	-0.011399056709939284	-0.018402692312324925	0.03752455778033593	0.055843182467457855	0.00789023558618853	0.12973752747429315	0.026131318663122096	-0.10725960236449869	-0.05182419267691204	0.033115573221141205	0.04454925263934285	0.09622603206151047	-0.2194612198654839	0.03875584195379592	0.04344540340023248	-0.11251236645875276	0.018281756689936316	-0.11309798000887172	0.13563323182275183	0.11872704816312532	0.017322195319084834	-0.012208705035417055	0.012694331482144588	-0.004009644102866753	-0.008001983771568669	-0.0022871157805955293	0.0069203872826425865	0.002649356691411558	-0.019704946396741512	-0.001625082025228183	0.0	0.0	0.0	0.0	0.0	0.0	0.0	0.0	0.0
ec1530	0.18128849219350698	-0.08828509703593708	0.1437182435935949	0.029330211470096988	-0.061211245586643155	-0.05512016964199131	-0.1976680169083775	-0.05294347600520521	0.16085058040586503	0.29746123793020823	-0.06045680133431923	0.014388192508099239	-0.11951050049959677	0.035542871017080056	0.09042397688128799	-0.29104863059724917	0.27693779587367334	-0.03267976060819718	0.01745403165765516	-0.18575224318913694	-0.0502631630190419	-0.05340380527455482	0.005917035094270572	0.015378401581389676	0.013171666360785844	0.0542598830672144	0.011067119350620824	0.03019020848041855	0.005245581765123082	0.007753743296056613	-0.0012062437422834702	0.009085307061916563	-0.011572855167301856	-0.002737606174948763	-0.005752983925148911	0.0015390348480405415	0.0015920494027599726	0.0027171437535745578	0.0006811649575272885	0.0	0.0	0.0	0.0	0.0	0.0	0.0	0.0	0.0
eti122	-0.21588456820726018	-0.17748229759457518	-0.10365582710703217	-0.0823955139797326	0.25265978646181025	0.07130937236466439	-0.006424113666559556	0.12049228524665943	0.017603773840615674	-0.08844034994616039	0.051882313826032346	0.00505667947899307	-0.009603752145795001	-0.05552464661232487	-0.12640723612937166	-0.04947216653049508	-0.021149452921418198	-0.023003091633291565	0.02066359821169263	-0.031730303095146975	-0.021487218787971385	0.04825336668414095	0.11155616415620029	0.05956037410079506	0.053822399159877875	0.044888615469740274	-0.04507144272146548	0.032006634415879684	0.009177768569819356	0.0075855688849194615	-0.040164061469338375	-1.9447477328045598e-05	-0.011628877151490538	-0.031463575268108654	-0.10229885696117547	0.028896465961865028	0.032133043643476765	-0.0014729088436655664	0.0015211835688099802	0.0	0.0	0.0	0.0	0.0	0.0	0.0	0.0	0.0
eti124	-0.3511097443172167	-0.30543499180390266	-0.07144131817063096	-0.006386070091720343	-0.10827720580823985	-0.01663307606773529	0.004118711021269865	-0.11452770591239057	0.026421373016943268	0.06314284457385114	0.004188463543160332	0.016276927052872533	0.029437630780075108	0.04231240304284419	0.035485842185472086	0.1005895045929214	-0.02972853057156141	-0.012127721353222322	-0.0020148892828276833	-0.054607744975265465	0.041228309740566814	0.03448975900689881	0.07577585724361391	0.054535884286787926	-0.0282797372229084	0.06198995357720929	-0.08675674138245708	-0.058000040075328246	0.014077506940744588	-0.022391229786373264	0.03804979686670857	-0.020343301372989158	0.024902816366064544	-0.10438240960532941	0.028789722783685533	-0.01171890500726734	-0.02992807463653176	0.04977681067946262	-0.005725397973430078	0.0	0.0	0.0	0.0	0.0	0.0	0.0	0.0	0.0
eti126	-0.4047494671247528	-0.211997352068511	0.021714975858775406	-0.07499185568027826	-0.03064150193987369	0.16394942259249795	-0.03259826504397094	0.07501209120457422	-0.027597970276870585	-0.013205895960614283	0.022646715435253123	0.03180662771423474	0.023780142795235028	-0.039523707005956435	-0.04675402201208097	0.006665288776279198	0.022872817715848506	-0.054106247023159755	0.043638278938543294	-0.028878681654107643	0.04898461540218212	-0.020453664833383726	-0.01878541377712206	0.03878849773484232	0.03380417144499045	-0.027171937133809113	-0.062267074082188546	0.00047598203994782024	-0.04990575953483648	0.03665492802939326	-0.07168910039434406	0.06557304842014576	-0.003741648541607069	-0.007009831574645303	0.05939819680964416	-0.0006081791880239466	0.000608214214241339	-0.01066085264167292	0.02849964840513674	0.0	0.0	0.0	0.0	0.0	0.0	0.0	0.0	0.0
eti149	0.22939318072809828	-0.14012968191220967	0.29716307738951075	0.022642836706132975	-0.06496907430828798	-0.042528260242238894	-0.11452109466637046	-0.11340026242279314	0.10086792365903764	-0.03741196611935683	-0.19287585202177474	-0.3595028277851172	0.43520282225429396	-0.14676594201034904	-0.1266599284285872	-0.024071901626195245	-0.011590711330986828	0.0011169649134360146	0.03313728271130274	-0.0022748424511419532	-0.01096125189352471	0.01787237831469913	-0.006567015320692524	0.006213216153201119	0.009930583488384994	0.001156342312721608	-0.0033791572199897662	-0.0148800696888787	-0.0007631879416251509	-0.006290122019642145	-0.007417113555470914	-0.004823868172342743	0.002729231599540551	0.0021293393482670906	-0.006216596181175158	0.0016423816845639668	0.0034059823178488138	-0.0017120744494473533	0.0004027830943566481	0.0	0.0	0.0	0.0	0.0	0.0	0.0	0.0	0.0
eti153	0.2757151309661883	-0.0889513666663568	-0.07997704163863399	-0.42076791813910003	0.13903960229641127	-0.1318320091583815	0.10291254165379232	-0.04663890794148202	-0.005740221736882354	0.016593344797913613	-0.04177396616571433	-0.04167173858580657	0.006672244351556393	0.08644563080232034	0.13846517712584105	0.1431929610150257	-0.037742938590106884	0.04803664294499325	0.09742355101385558	-0.06605528163890446	-0.03299596883140195	-0.09418062097142026	-0.0886962553689514	-0.144454458430878	0.08229272331498684	0.05526577884729096	-0.041701042145936305	0.0048268705348609815	-0.06100284612649171	-0.011530200179237097	-0.05841549076728444	-0.01098753374920172	-0.0668529974531415	-0.012991682072721784	-0.003989145816979996	-0.025191557843967382	-0.005262283934784185	-0.010118254412017958	-0.004677851795697045	0.0	0.0	0.0	0.0	0.0	0.0	0.0	0.0	0.0
eti154	0.15895142713559263	0.2141055885230535	-0.3529318941678958	0.017733475559074476	-0.11444841521453043	-0.025642334379783124	-0.031758772294417835	-0.004304743620708266	0.09084912965088762	-0.08062204549393233	0.007015662037216452	0.03880632449292677	0.005154419038076494	-0.02479185424198907	-0.03610207619224213	-0.019275162856935254	-0.0014536524083972452	-0.001829387906847829	-0.005291933183195764	0.0036873349988115877	0.0251754429430995	0.0023483629432510455	-0.007463510223396312	-0.00862971689474983	-0.015160139034744882	0.037701417367604316	-0.003728034399268959	0.024857303613681436	-0.04397120933241048	-0.013950674358484053	0.04445164160743998	0.02290426297092947	0.02215352498069643	-0.0265120189077493	0.0072990112331199454	0.01622082237278306	0.07126049574156039	-0.023739388754773962	-0.015133104017254498	0.0	0.0	0.0	0.0	0.0	0.0	0.0	0.0	0.0
eti156	0.08184721418573598	-0.05142914985410558	0.3345022395305668	-0.10618727572543915	0.04667430645593716	0.357445696270465	-0.22209538484516816	0.30238237245751864	0.03709312138229447	-0.11069454356530717	0.08179460802663298	0.01547763841830001	-0.04430845141950765	-0.02371395081227683	-0.12446652208894425	0.05724118004008499	-0.06128100117438005	0.018424704758043742	0.03435270467068664	-0.1711472238212004	0.06927268581347903	-0.11358204638966582	-0.03371051402658597	-0.04591790998149207	-0.021685634077500755	-0.009933121404075134	0.022674445041231783	0.001981824349936973	0.013635901836623927	-0.007277405309517477	0.10232177788846211	-0.033539062109920914	-0.0169348721980937	0.016385702671497096	0.01634523363926421	-0.006818645512211738	-0.02570273504137694	0.003772699921560854	-0.01005521188398659	0.0	0.0	0.0	0.0	0.0	0.0	0.0	0.0	0.0
eti161	-0.02895913676092443	0.2347327430863502	0.03420949615286415	-0.24792302967542168	0.17366258820260563	0.2374226604813217	0.028312797074740284	0.10383323228073704	-0.07306678765572586	0.0718701459728269	-0.05218856406015638	-0.012248940761387432	0.014184339521177213	-0.04298051895519388	0.075365083972436	-0.07075026379373792	-0.06481746055276594	-0.020073283303803147	0.021725530970402362	-0.031925698843194	0.046542118393283184	0.008172758118803674	-0.11404160238876164	0.01753235694517927	-0.02444961628158763	0.047093593170966494	-0.019115912952357567	-0.02475183015162615	0.009556994404689724	-0.07744257271739749	-0.0661461339138466	0.04908339143547713	0.03504609280837141	-0.012207756047585486	0.004059963093280911	0.008905339935325803	0.0540431086182148	0.027351101147533193	0.001721909426845522	0.0	0.0	0.0	0.0	0.0	0.0	0.0	0.0	0.0
eti165	0.1842682749464422	0.18932332226484797	-0.2706981047721117	-0.24472895477558584	0.008822297012689813	-0.09996874222184572	-0.014966242171462916	-0.06012927786993333	-0.0443222684350835	0.06626813181403032	-3.2445341554664006e-05	-0.04852661323766682	-0.011680148861278156	0.06411963030160102	-0.016507106778871957	-0.001435164001123748	-0.022948041382462477	-0.08088729137159519	-0.065500908520303	-0.013163102933201774	0.039161493270027915	-0.05645856221934213	0.01923430362096574	-0.0348399051393271	0.049031240528193	-0.05064173782991455	-0.025223225969815098	-0.07362547967989347	-0.00942324454061758	-0.08821078694703055	0.04007230753077706	-0.029861334113456973	0.029198261318498862	0.0012014502637077136	-0.037867956247811446	0.05180825377619596	-0.041273564950617986	-0.029801666555655696	-0.0016047183276128953	0.0	0.0	0.0	0.0	0.0	0.0	0.0	0.0	0.0
eti166	-0.06585393361479634	0.4387019659789339	0.10440847798081046	0.03425555669084003	-0.11645475284874136	0.028023692313503427	-0.0223857159018728	-0.11261499143598298	0.06235825876808489	-0.034919095805817146	0.022879046124665976	0.03947358674745092	0.05067610102806907	0.05362207319218378	0.09058164119010487	0.003542833248302479	-0.09438695994736397	0.09122352348440947	-0.036887849894043756	-0.11183727623865918	-0.07978855299040018	0.19207148312188724	-0.0321354703075742	-0.06818090823017417	0.010678840777377156	0.0015289036158799545	0.00540908858497581	0.02335612103599159	-0.004289707637607098	-0.014176104989228217	0.08107201598207102	0.05568601163227416	0.019128167665711543	0.007865904097031808	0.01695240107852021	-0.0010970384054215566	-0.010948005836556423	0.0005599371044706162	0.0038606296032051247	0.0	0.0	0.0	0.0	0.0	0.0	0.0	0.0	0.0
eti167	-0.06136384828454941	0.3420594492725232	-0.04284796808556099	-0.03413595220795112	-0.02783007352233003	0.025380234408241897	0.08790307919842981	-0.04700296039484767	0.07043879874011465	0.0006637915523336529	-0.004494677945879648	0.00854719495567294	-0.03030290293941093	-0.07186075287321149	-0.0632960740343229	-0.03234753558899087	0.020787899587874543	-0.1666226162744683	0.05131447426346257	0.09293670265341057	0.03127798357786538	0.01811301520641359	-0.06804786414398921	0.09585940609527205	0.04316268852927199	-0.023545969217805347	0.015187982466936086	-0.04110031391062695	-0.036739550563902705	0.10844225243175248	0.06580697399713586	0.00899420594641812	-0.161345907132098	-0.03421731693172423	-0.013752584908020792	-0.028321730581766857	-0.0016212433051283634	0.0028656449380994116	-0.008897369711466652	0.0	0.0	0.0	0.0	0.0	0.0	0.0	0.0	0.0

Biplot	0	0

Site constraints	0	0
