Eigvals	71
1.7552112644066185	1.6324873324411127	1.053177874071838	0.7052034270568953	0.5289224342001496	0.4838852295957895	0.3659973157135231	0.3110442938166188	0.24913414095999442	0.19368223094193204	0.1653575776082094	0.15708920971445106	0.14324131688643116	0.12784697411150492	0.12103118869084424	0.09325412801658582	0.08469340332449408	0.07640113675877101	0.07062822905115192	0.0640185529410617	0.059501218805815145	0.0529447893345379	0.05100309256820289	0.04333600145696896	0.029445417748177785	0.02871522107382264	0.02814378932966634	0.02528843703518273	0.02425782528492365	0.023286491372941504	0.016990055911622337	0.015210713095750172	0.013053648255735795	0.012449764478637868	0.008493467525999165	0.007301218136133533	0.006787283110277306	0.005422539807098337	0.0026916815681100603	0.0019733783939772653	0.00043812950331911793	0.0	0.0	0.0	0.0	0.0	0.0	0.0	0.0	0.0	0.0	0.0	0.0	0.0	0.0	0.0	0.0	0.0	0.0	0.0	0.0	0.0	0.0	0.0	0.0	0.0	0.0	0.0	0.0	0.0	0.0

Proportion explained	71
0.1985748431521088	0.1846905398575427	0.11915068880656282	0.0797827946742891	0.05983934329776186	0.05474408438410415	0.041406901286310846	0.0351898219379731	0.028185651475801748	0.021912130699347422	0.018707636911539312	0.017772199741711174	0.01620552614402269	0.01446389579789212	0.013692795732440068	0.010550253533406152	0.009581740740973043	0.0086435998082799	0.007990485128686269	0.0072427031246258475	0.00673163705778659	0.005989879082380201	0.005770206306434177	0.0049027942485695	0.003331290841999838	0.003248680450293354	0.0031840318400268657	0.0028609931577217003	0.002744395474691445	0.0026345041566879757	0.0019221604579529286	0.0017208555052439466	0.0014768171829286033	0.0014084971300944713	0.0009609036906238158	0.0008260192237839775	0.0007678754725334539	0.0006134760034397591	0.0003045218863631069	0.00022325705914169396	4.956753592355598e-05	0.0	0.0	0.0	0.0	0.0	0.0	0.0	0.0	0.0	0.0	0.0	0.0	0.0	0.0	0.0	0.0	0.0	0.0	0.0	0.0	0.0	0.0	0.0	0.0	0.0	0.0	0.0	0.0	0.0	0.0

Species	0	0

Site	71	71
SRR21280467	-0.26209176044104965	0.043737866610060426	0.12181857467058897	0.09749627093618216	-0.02060279215116689	-0.04481073535859946	0.008276067907729707	-0.0032172984252676214	0.01832375448157145	-0.0061087347069497784	0.03325768784737443	0.016382843504657244	-0.012527053774619878	0.014060300073233988	-0.009535847486733766	-0.006214835996855986	0.01811163986772965	0.030408393987853645	0.005396316960568013	0.021253691327803335	-0.055050275192977345	0.00020128329630682236	-0.0118250506437515	0.0056550647730044794	0.01692604999668754	-0.02359141062587291	0.02382852339606144	0.009435982694254452	-0.015885026668729995	-0.016434124365331947	0.012124219530203092	0.004168444491991844	0.03456865758183908	0.015033171890105492	-0.002891012150198958	0.004207125157695879	-0.003823322441991364	0.006975438637621197	0.017072134675250043	-0.006126409552814968	0.004247895170427148	0.0	0.0	0.0	0.0	0.0	0.0	0.0	0.0	0.0	0.0	0.0	0.0	0.0	0.0	0.0	0.0	0.0	0.0	0.0	0.0	0.0	0.0	0.0	0.0	0.0	0.0	0.0	0.0	0.0	0.0
SRR21280470	-0.22942493065493585	0.027665434913144483	0.15105191466786572	-0.10074310482054055	-0.027773645126577158	0.21238493987069224	0.07155362411724518	0.062428289493847704	-0.04358644840958408	0.08307437834559428	0.0030455765665160965	-0.022196742781742374	-0.03268317359555884	0.02999213703775373	-0.004825354277176334	0.009246457664427384	-0.019208463525065455	-0.010322575786508609	-0.03884892420002332	0.027890441123830382	-0.05538150751285728	-0.01331522228242888	2.720326218799587e-05	0.005410782214372423	-0.010648059102116783	0.005778416696046884	-0.04053613114741397	-0.0025523139625994663	-0.0036851819338743564	-0.006799995650437209	0.0068633805941308345	0.026409849406289137	0.0102949705062691	0.005177035853008296	-0.0020931079375125523	0.0024321530521780182	-0.00922595046041189	-0.008880264822464607	0.0064384770113579464	-0.001037857071806868	0.0015022408874192509	0.0	0.0	0.0	0.0	0.0	0.0	0.0	0.0	0.0	0.0	0.0	0.0	0.0	0.0	0.0	0.0	0.0	0.0	0.0	0.0	0.0	0.0	0.0	0.0	0.0	0.0	0.0	0.0	0.0	0.0
SRR21280471	0.1428510934837994	0.07631794084586617	-0.039105851526076534	-0.06867597643561878	0.05741828359707899	0.16030830938264973	0.044925007932523874	-0.03502414185733276	0.19855783135947322	-0.09739045887829063	-0.11647149066487934	0.1275645108896228	-0.016676951003981966	0.05909224858741573	-0.01928576796488293	-0.024340567157163203	-0.05364256521660522	-0.0035634366820056183	0.017825619862282423	-0.06455421468627974	0.00017384237332016404	-0.005624296858651071	-0.01148998980011784	0.03189061877203277	-0.027980125552137372	-0.01792577053982708	0.010617410577322768	0.01178204611014858	0.011808267746628439	0.027740110880776134	0.0010133408136096238	0.001146986573000827	0.0005679724366981117	0.008728698302309962	-0.0015346467110087135	-0.008209669188749647	0.00020422230102390873	-0.008167433198322258	0.001848101519458681	0.005700761359231854	0.0008839742943357529	0.0	0.0	0.0	0.0	0.0	0.0	0.0	0.0	0.0	0.0	0.0	0.0	0.0	0.0	0.0	0.0	0.0	0.0	0.0	0.0	0.0	0.0	0.0	0.0	0.0	0.0	0.0	0.0	0.0	0.0
SRR21280472	-0.296751175712268	0.02506725797845193	0.03931306860638004	-0.05226221406962367	0.12126311229607278	0.06057471330514827	0.06761753705317082	-0.04279772356842262	0.12419940104512595	0.037267872330950205	-0.05175963873830258	0.043879674681569114	0.0675377418392741	0.03433083070307233	-0.06279207856420685	-0.020680859312739296	-0.03900177796397288	-0.016006717654379637	0.010118646198122595	-0.007010748122961525	0.02545214856532683	0.03678887043476314	-0.023986271988900142	0.01353042408969277	0.04640972287878719	0.007225040788817118	0.0038900962105717324	-0.03606336540689644	-0.03392035541578247	-0.042673520021102015	0.010805660788011418	-0.03240525727731239	0.015251796723618729	0.0035148694654680013	-0.009086151201905064	0.001873176763737068	0.00956753966076217	0.014853126164027777	-0.0036579772986187796	0.0024769080083049968	-0.00033698703280697374	0.0	0.0	0.0	0.0	0.0	0.0	0.0	0.0	0.0	0.0	0.0	0.0	0.0	0.0	0.0	0.0	0.0	0.0	0.0	0.0	0.0	0.0	0.0	0.0	0.0	0.0	0.0	0.0	0.0	0.0
SRR21280473	-0.05604966474987294	0.1812377533594638	-0.1292202852162664	-0.002221897235872045	0.010179714390419599	0.01245591219785559	0.014139677642600443	0.037846051948283936	-0.009819745353001912	0.0035243305018313256	-0.0033685478539451546	-0.011299309949688757	-0.0006284166691249051	-0.021785768463098258	-0.023404397067898614	0.006671198532462107	-0.05895267797304827	0.014304286086623626	0.0015826887073593279	0.005494984919395522	-0.007936187130033325	0.0035858965070232414	-0.0003945153353805166	0.006042649113758587	0.00416398949732659	-0.0022359649692119373	0.015334140256033864	0.014400728168047588	-0.04174747137117132	0.05627817979274833	0.03142733300424099	0.04526987070822399	0.0020469283592021146	0.02969850421830645	-0.006940321606468555	0.01070976519174296	-0.015096631031639251	0.021586778826432215	-0.00758291859216246	-0.005667521488748216	-0.004615991955817292	0.0	0.0	0.0	0.0	0.0	0.0	0.0	0.0	0.0	0.0	0.0	0.0	0.0	0.0	0.0	0.0	0.0	0.0	0.0	0.0	0.0	0.0	0.0	0.0	0.0	0.0	0.0	0.0	0.0	0.0
SRR21280476	0.13885498172355182	0.14242748348055828	0.15347660907340932	0.11731376320665632	-0.07960722926726836	0.19330083714359472	0.06132972909194615	0.0853755604835669	-0.09418850820509045	0.08983389116311517	-0.0018006809366402214	0.0034700854807645674	0.05446479570376216	-0.10938168707644923	0.003888316354211428	-0.04560282307671395	0.03653611095068415	-0.040768093848250794	0.014346852750819204	0.02833528895958277	-0.038123915978468696	0.003043826526620777	-0.020572587703508543	0.027536404997520747	0.024670036314699925	-0.016359478496792045	0.010567274840679482	0.008398414776053444	0.002818169608904916	0.03764674043099065	-0.013539303093790154	-0.01581856909248762	0.003488367284888789	-0.018369815184456306	-0.009286090503240684	-0.0029004929116701415	0.007404687047747089	0.012374086774243944	-0.004118921660236555	0.0092544657585924	-0.000512036068009657	0.0	0.0	0.0	0.0	0.0	0.0	0.0	0.0	0.0	0.0	0.0	0.0	0.0	0.0	0.0	0.0	0.0	0.0	0.0	0.0	0.0	0.0	0.0	0.0	0.0	0.0	0.0	0.0	0.0	0.0
SRR21280531	0.03372577715444347	0.0949621175208455	0.03321305864524176	-0.0871402117254704	0.06441894809577914	-0.08279995627810786	-0.19369833407682732	-0.04676516585843315	-0.030258030955036295	-0.04073285938601292	-0.1159779795112126	-0.06648423264579502	-0.039924500747632284	0.015664951006903936	-0.013663067392564114	-0.03610598489478674	-0.02008173132084313	-0.027098440095959363	-0.0035115400980590015	0.0685363915220434	-0.01638586856926579	-0.019766636112242653	-0.039388604030798614	0.02679009027046225	0.03633884174388978	-0.020702726947933105	-0.014480775961917148	-0.04767506405697573	0.006149920196843192	0.02151024444017465	-0.004607513864268227	0.020431617281623647	-0.025528055238127192	0.003649908402267089	-0.00023308028677595957	-0.006542870831860487	-0.004599549210512634	0.0008920731744149788	0.003839884207360705	0.0010312136930781472	0.0016249412944896856	0.0	0.0	0.0	0.0	0.0	0.0	0.0	0.0	0.0	0.0	0.0	0.0	0.0	0.0	0.0	0.0	0.0	0.0	0.0	0.0	0.0	0.0	0.0	0.0	0.0	0.0	0.0	0.0	0.0	0.0
SRR21280536	0.06573607656348791	-0.21142028705879287	0.17554197176948014	0.07421675843845721	0.03274300869365311	0.17690846664292464	0.04896635572854324	-0.14411214099301176	0.08039446216905122	-0.08293135874226053	-0.019841015864005628	-0.13043431507794018	0.08049894227215192	0.018244706247441796	0.022649973955858396	-0.020504585758328694	0.011986151836954801	-0.12322122388861584	0.02975094373134354	-0.004565792735728465	0.012890279539813154	0.021245650696374352	0.010276070885080625	-0.0305678996658583	-0.007490715530355506	-0.008333752317464867	-0.001406056314986475	0.0025139293518169187	-0.01797951695187276	-0.011303684176676364	0.001661594423940997	0.011514854558675297	-0.0074242268871255335	-0.004233485542639664	-0.0022469422042498454	0.004622045499221662	-0.0030606076221833256	-0.00045141167603183856	-0.0020540223020712014	-0.0019471626743955506	-0.0006388546631188305	0.0	0.0	0.0	0.0	0.0	0.0	0.0	0.0	0.0	0.0	0.0	0.0	0.0	0.0	0.0	0.0	0.0	0.0	0.0	0.0	0.0	0.0	0.0	0.0	0.0	0.0	0.0	0.0	0.0	0.0
SRR21280678	0.048679133731133924	0.1277962873087425	0.04553306511916519	-0.22173269739637383	-0.05238949997690395	0.032235719076715706	-0.12062883099217211	-0.03265372637739303	0.038729016967265696	0.03842632232337052	0.01201470360275072	-0.0136710197770328	-0.07936796440571478	-0.012503976230791648	-0.005099955238152801	-0.005879015045951163	0.009141249410466314	-0.020492956376876367	-0.027493721832216145	-0.0031021132855305893	0.04587188636117027	0.016074090765800766	0.0217283648678811	0.00072988875142444	-0.02529233119517663	0.01459107080626106	-0.011643897409946652	0.045509621946523554	-0.014782870294186441	-0.014340236223824318	-0.006319965713539662	-0.010275479081428278	-0.001888793703435081	0.006228559448890463	-0.003921123090402182	0.01069965760714449	0.005675096702195016	0.0009913902336653507	0.005477590446333549	0.002145330687569298	-0.0017300889197638598	0.0	0.0	0.0	0.0	0.0	0.0	0.0	0.0	0.0	0.0	0.0	0.0	0.0	0.0	0.0	0.0	0.0	0.0	0.0	0.0	0.0	0.0	0.0	0.0	0.0	0.0	0.0	0.0	0.0	0.0
SRR21280682	-0.010780818334765336	0.17320975427752996	-0.08178104674429411	0.055526372738440244	0.02413313601276524	-0.008320478132001029	0.013041992415961585	0.026717399956855778	-0.08346877002212172	-0.043350919902942944	0.02766688118836237	0.010119572634812633	-0.02222821245822363	0.017497358519483485	-0.04043312416554906	0.009074971811881395	0.020265794766689844	-0.01326696132244103	0.008130744747001135	-0.01300744214406159	0.028897895601920628	-0.0009762909975564395	-0.011212721611709175	0.06486683034953958	0.005137905003715999	0.0035000386277922965	0.014542862466415766	0.026229984342825946	-0.010104894112713335	-0.02185706723529156	0.007334235412781699	0.012446146780791308	0.02879790742161746	-0.02713321434718521	-0.011492516790064022	-0.002557437821141891	0.0008738803764512838	-0.016430362073749726	-0.00617554564761141	0.0038509481973665123	-0.0034897054405706954	0.0	0.0	0.0	0.0	0.0	0.0	0.0	0.0	0.0	0.0	0.0	0.0	0.0	0.0	0.0	0.0	0.0	0.0	0.0	0.0	0.0	0.0	0.0	0.0	0.0	0.0	0.0	0.0	0.0	0.0
SRR21280683	0.06433437137396218	-0.11252169347515557	-0.17902820525074914	-0.03889512182578918	0.0069933204966025125	0.004051942017885931	-0.058447260583916215	0.03905273777313925	0.015792056891086127	-0.004168749042928756	0.015620253728872642	-0.013610870142947151	-0.018903760898480965	-0.061276629583126054	-0.007217296059223623	-0.01139366273970273	-0.02616161660358619	-0.012026525892733016	-0.00883882087224819	-0.004810050318456347	0.038326670131971975	0.028191417217524523	0.006415363305677083	0.009253901517718818	-0.005449407253923346	0.021357243741483435	-0.012945998427862144	0.03115266502450807	-0.03213102832049791	0.01860961296253916	-0.03813141603560764	-0.004806204312266051	-0.012071544428687492	0.03061829734142167	0.002305044113075648	0.017707085695302525	0.02095130302972025	-0.003659544313168231	0.006576806458197601	0.0014666910299346166	0.00020782078230046936	0.0	0.0	0.0	0.0	0.0	0.0	0.0	0.0	0.0	0.0	0.0	0.0	0.0	0.0	0.0	0.0	0.0	0.0	0.0	0.0	0.0	0.0	0.0	0.0	0.0	0.0	0.0	0.0	0.0	0.0
SRR21280684	-0.21978219593550144	-0.24424202536369352	-0.09902216794795028	-0.020471258508459756	-0.04047442509276042	0.03371926914937264	0.04820782500069985	-0.02315783200202644	-0.003120725004991293	0.025481433585083178	-0.004114776873192494	0.012067437109194083	0.014994249641020859	0.007335646149847277	-0.03608291782982192	0.01900896056270943	-0.02163340470652175	0.021102557877774264	-0.0013153496716195293	0.027390121675566967	0.0010826796042381645	0.00285115548103364	0.003569698365273098	-0.029306201498639054	0.010086673654507692	0.010882687489898586	0.01795912367682956	0.008420807781449305	-0.008826282664866394	0.016792236056808543	-0.007660165035539505	-0.001816034950339857	0.013484813867153497	-0.01730658599945447	0.014617594046713114	0.0005498904267882685	0.006981540193927117	0.0008757439488588484	0.0008733790967739576	0.0016335577674389328	-0.004266652345759501	0.0	0.0	0.0	0.0	0.0	0.0	0.0	0.0	0.0	0.0	0.0	0.0	0.0	0.0	0.0	0.0	0.0	0.0	0.0	0.0	0.0	0.0	0.0	0.0	0.0	0.0	0.0	0.0	0.0	0.0
SRR21280685	0.0002494920662416574	-0.2850199687174209	0.1849483740610246	0.012465376506890797	-0.07330494741563079	0.15351630986220904	-0.02123809432171273	0.0688155999252213	-0.048809217641486935	0.08423896265750436	-0.032144895607844504	-0.03534920752250045	-0.0364592203848574	-0.035048317711038064	0.02950951015029606	-0.007886368241226077	-0.03221169112287772	0.008573091935614199	-0.03995470945996882	-0.04078157808454938	-0.03150778762814703	0.02919514352957077	-0.03359779478645055	0.020244660423718124	-0.0061965043464478975	0.014384347533610396	-0.036992535372584	-0.00942120120693564	-0.017460788569898703	-0.009434948783617954	-0.000747340687821157	-0.015318715320465469	-0.002060282090045894	0.015400965256732242	0.015011402411935373	-0.0008652272948804893	-0.004421452938477584	-0.007830440853822737	-0.0026444895348233777	-0.0018894745519315611	0.001263799487618191	0.0	0.0	0.0	0.0	0.0	0.0	0.0	0.0	0.0	0.0	0.0	0.0	0.0	0.0	0.0	0.0	0.0	0.0	0.0	0.0	0.0	0.0	0.0	0.0	0.0	0.0	0.0	0.0	0.0	0.0
SRR21280718	0.021816121350297518	0.16533849488524524	-0.013893887335375686	0.19716341158897124	-0.06903707199676247	-0.04137504588061591	0.02496279708030924	0.026812710481797144	0.02651660708736467	0.04383152442931321	-0.022095224080913037	-0.025826014872508872	0.03390004289199353	-0.012959756553896523	0.08353702047973732	-0.0625552646919499	-0.006335921679639374	0.01027493454505699	0.00016248748751746117	-0.01210286704674761	0.07080777351570938	-0.03631465804232347	0.0022286468093419927	-0.03540809924253531	-0.01506820210469246	-0.01849982577061783	-0.003924787447735199	-0.012998265284542003	-0.03165004907935414	0.014908416406448157	-0.024333673466025753	0.011040897522117654	0.02482265763754039	0.014330404887060407	-0.001233861905747229	-0.006645340450540456	-0.001957410737950374	-0.009061886624113896	-0.0066257586654449125	0.0049294759733130395	0.003995648118982047	0.0	0.0	0.0	0.0	0.0	0.0	0.0	0.0	0.0	0.0	0.0	0.0	0.0	0.0	0.0	0.0	0.0	0.0	0.0	0.0	0.0	0.0	0.0	0.0	0.0	0.0	0.0	0.0	0.0	0.0
SRR21280719	-0.0848746385208827	0.16700652488453885	-0.09933877213152979	-0.09583179856481619	-0.032134143362397484	-0.015538562186606826	-0.01791439404001142	-0.051646305647175414	-0.027548271194768895	0.0008890968113931557	-0.060498197825339696	0.052385166056332706	-0.021786429407742912	0.009598551479965188	-0.02249787357244021	-0.05203982493672847	0.0351072801964135	-0.009725258844210735	0.0381545912241145	-0.013169006513863485	-0.03954157482219675	0.02341904283049618	-0.012800317525927215	-0.04273193388243218	-0.0072809911201035865	-0.018847647239753053	-0.029188683401051026	0.0126745624750913	0.03364784819010754	-0.006794296199231697	-0.01854716395222734	0.01883050838615225	0.004316557894023326	-0.003620034845868625	-0.007231576658042521	0.020178955948685677	0.006650674972547788	0.004695828095224258	0.0009054662327284916	-0.004281697151325728	-0.0029391925954253863	0.0	0.0	0.0	0.0	0.0	0.0	0.0	0.0	0.0	0.0	0.0	0.0	0.0	0.0	0.0	0.0	0.0	0.0	0.0	0.0	0.0	0.0	0.0	0.0	0.0	0.0	0.0	0.0	0.0	0.0
SRR21280730	0.11120979843398013	-0.074031313715805	-0.11839050626991629	0.15313209403228112	-0.08846893667050036	0.023560249446072854	0.03912052459909742	0.006376296930550084	0.025705313126102823	-0.10125024839068453	0.044069772113704324	0.07951606664230416	-0.015309265143013244	-0.024023220033538156	-0.02387186899704943	-0.02144809318293791	0.03649612545572226	0.036194600379101306	-0.010810508859620628	0.0522053584029272	-0.005045229963674741	-0.0173753815238246	0.021723833437558182	0.0009118614587907029	-0.02434965343914415	-0.042385451381665475	-0.004334637544781729	-0.016707278035434682	-0.02215637002090234	-0.01829217509026014	0.01843600587145383	0.00861614775503551	-0.0030784860748117354	0.0003230762391277808	0.008162812879401599	0.016765008704048488	0.003138483415778009	-0.003313385552647051	0.0032996479210925943	0.005966519048089458	0.0007746564083060736	0.0	0.0	0.0	0.0	0.0	0.0	0.0	0.0	0.0	0.0	0.0	0.0	0.0	0.0	0.0	0.0	0.0	0.0	0.0	0.0	0.0	0.0	0.0	0.0	0.0	0.0	0.0	0.0	0.0	0.0
SRR21280741	0.07243370676118972	0.12387158647849568	-0.09113016322415722	-0.027006323398666692	0.21564962462801207	0.026425244055344157	0.07142646434494182	-0.0368607002435204	0.048226270375540184	0.05288543262682715	0.010369936827593403	0.057104673774690404	-0.08402758997306685	-0.18444878874719617	0.06259585277136674	0.03330479003343189	0.00032126759138734196	-0.051373271367162424	0.06436968626154257	-0.029351871711787606	-0.01834846558818502	-0.05408297374634306	0.0334807040989551	-0.03024360507397872	0.04011871699886026	0.015988598777410233	0.0040310945876273025	-0.028198594935737363	0.006056062346884299	-0.020479332934275913	0.016542955945752766	0.0014258649693992904	-0.002300592810797444	0.003417176498061916	0.00859533957198458	0.007550599347846342	-0.004785889623292796	-0.009968348568315348	0.0013480171243317677	-0.0033083367398743617	-0.001118775713334225	0.0	0.0	0.0	0.0	0.0	0.0	0.0	0.0	0.0	0.0	0.0	0.0	0.0	0.0	0.0	0.0	0.0	0.0	0.0	0.0	0.0	0.0	0.0	0.0	0.0	0.0	0.0	0.0	0.0	0.0
SRR21280788	-0.05460125958522918	0.17148477637725903	-0.15429314796830415	-0.009798598875110361	0.026446281570112588	0.01423086682545305	0.01655555912244421	0.042407924412486704	-0.006134147598583939	0.0036214741397936527	0.023341623117719243	-0.013129911090578265	-0.00852019265911447	0.012850345327387951	0.0010800283035350099	-0.005733043241713287	0.023963263672411167	-0.006838614316491007	-0.004991867257794737	-0.004024599638571245	0.009261635018864223	0.0021050388740057493	0.014942695055035862	-0.008744335585683863	-0.014214942520220925	0.022354133422607236	-0.017526259565306318	-0.013516885390798808	0.004262334657153613	0.0051751937277812275	0.005011996992352896	-0.001788979562048289	-0.008479734479744825	-0.003376554254712544	-0.0012215727207956274	0.0006354865321114917	0.02643554915980141	0.017725472899381402	-0.005496230590200036	-0.0002900606352268193	0.004348725743149985	0.0	0.0	0.0	0.0	0.0	0.0	0.0	0.0	0.0	0.0	0.0	0.0	0.0	0.0	0.0	0.0	0.0	0.0	0.0	0.0	0.0	0.0	0.0	0.0	0.0	0.0	0.0	0.0	0.0	0.0
SRR21280789	-0.21735320293748545	0.003541788769684455	0.16610355108914188	0.06082354936997642	0.04672153239035858	-0.07291402483347055	-0.0186571136327578	0.01869750421213408	0.06424862978755248	-0.06772384958773027	0.01434988947969214	-0.012997902702100104	-0.045230134984171534	-0.02441045367661364	0.018223071146046696	0.03989110010037036	0.033844835128383315	-0.06094275094476243	0.008991432027903977	-0.02233031737280744	-0.036770294293322764	0.0647083374906364	0.031247830615215744	0.008669765593560346	-0.019212888944024575	-0.008701774251237283	-0.012135817165004531	0.02158364167610236	-0.0076973708588497815	0.02049342294396419	0.0001049657783765056	0.02610414177608006	0.008920596238956765	-0.029847546893499024	0.007095203323026044	-0.020852552286115038	0.0032744680379296837	-0.009620306899224709	0.0005879732139377746	-0.0033264318429880205	-0.0007002191682572657	0.0	0.0	0.0	0.0	0.0	0.0	0.0	0.0	0.0	0.0	0.0	0.0	0.0	0.0	0.0	0.0	0.0	0.0	0.0	0.0	0.0	0.0	0.0	0.0	0.0	0.0	0.0	0.0	0.0	0.0
SRR21280792	-0.14234813388686848	-0.22607038818164635	0.019980568818539844	0.1346905580935481	-0.08867028425441775	-0.024641680095014346	0.039513816427618115	-0.046818742082225494	0.001958305748981684	-0.034556556336786906	0.07081542864982276	-0.021586275554450123	-0.049965068819189135	0.05546186013892778	0.024759784430872532	-0.001968474664206823	0.031070605794162175	-0.00011095400656602237	0.034886196002030086	-0.02842610037814208	-0.007061564398705178	0.0008374615974274377	-0.034751892082732425	-0.01894801744827036	0.0007161613030479562	0.04366716008355241	-0.011929642780931518	-0.018579430962801218	0.016229807873559758	0.01166193923394182	-0.004370351745248876	-0.008154288295375501	-0.0011378908404117984	0.01120361429370376	0.0030159929066909054	-0.0023726333917363862	0.002808198214252631	0.0030469656520126787	-0.00495856607145954	0.0020740175434833838	-0.0006107316903164537	0.0	0.0	0.0	0.0	0.0	0.0	0.0	0.0	0.0	0.0	0.0	0.0	0.0	0.0	0.0	0.0	0.0	0.0	0.0	0.0	0.0	0.0	0.0	0.0	0.0	0.0	0.0	0.0	0.0	0.0
SRR21280795	-0.18783792160811183	-0.0337449756139055	0.10486385718343733	-0.19681568014980816	0.08942608775150404	-0.1311042840280128	0.17673691990311433	0.11346676108692562	0.032713876328168134	-0.05183321712796543	-0.03557291565095184	-0.04848105832038063	0.00837830685834983	-0.019861453461620493	0.04187165976400754	-0.027577893453172526	0.008633297341960323	0.05421068163890612	0.027439689951720365	0.016474380761996046	-0.009397471414911679	-0.013181840716639314	-0.013239955404165652	-0.0017592280092540125	-0.013943168986215075	-0.021487241974347496	0.016930674324808746	0.016130693965801638	-0.0036607353176032883	0.028594673352080477	-0.011417546069275628	-0.028170622119208365	0.00012639274527255005	-0.005339387232899126	-0.0037313191488469164	-0.0035598295162400173	0.005955778279683643	-0.0026343812905356223	-0.0029987590572648336	-0.0008349405140977518	0.0004980907211826428	0.0	0.0	0.0	0.0	0.0	0.0	0.0	0.0	0.0	0.0	0.0	0.0	0.0	0.0	0.0	0.0	0.0	0.0	0.0	0.0	0.0	0.0	0.0	0.0	0.0	0.0	0.0	0.0	0.0	0.0
SRR21280798	-0.2729741329702079	0.039780347435050135	0.07674876518699972	0.04630482862626666	0.03710180059106177	-0.016017380268210965	0.021628414414128758	0.0018667072540577022	-0.03875568501752349	-0.010975041756828792	0.04079921491119176	-0.012982253922198024	-0.048293711183720486	0.10582722219867237	0.03337117236398464	-0.04877794857094312	0.038156913191226084	-0.015789865028329308	0.02625307442513343	-0.029200258971863992	0.016884726600171908	-0.024660886336906464	0.010203637192641581	0.01279865082503189	0.004115009657018611	0.04563321363343793	0.009900016164856798	-0.017990953080419862	-0.025877288249885236	0.022473002002647804	0.00166932444021623	0.0017968037658645292	-0.013450949186306294	-0.018775449281598605	-0.0010293545898107806	0.022019952358197502	-0.015082295384871054	0.0003794016330826906	0.010634682579271545	0.0021533054217904237	-0.001418934902752274	0.0	0.0	0.0	0.0	0.0	0.0	0.0	0.0	0.0	0.0	0.0	0.0	0.0	0.0	0.0	0.0	0.0	0.0	0.0	0.0	0.0	0.0	0.0	0.0	0.0	0.0	0.0	0.0	0.0	0.0
SRR21280800	-0.02503660594036183	0.17079849903826846	-0.14528317237059932	0.0018279349962096402	0.0713103159830228	0.028467728116975025	0.003271174498788988	-0.021915717442815928	-0.047968896171657546	-0.03981105907407441	0.010604172603428375	-0.09673341345772542	0.021401141933978074	0.029334837961999673	-0.0011623625489007416	-0.05394838415780399	0.002681706503106514	-0.05678331990479811	-0.012474950553098715	0.05153776206841887	-0.0015370346065977922	-0.016276682495491086	0.02952047964420849	0.003072067783826853	-0.03085820725104982	-0.010880952705668172	0.012057091342205716	-0.0040166993385937644	0.03350623403747459	0.011901348639750346	0.021777638832312818	-0.037146175262496646	-0.0037212327783995454	0.015382079532334047	0.016078650913837745	-0.007239708671836286	0.002573248885141232	0.0016744496426528504	0.006162515985996189	-0.004599659008121024	-0.00023380657242522233	0.0	0.0	0.0	0.0	0.0	0.0	0.0	0.0	0.0	0.0	0.0	0.0	0.0	0.0	0.0	0.0	0.0	0.0	0.0	0.0	0.0	0.0	0.0	0.0	0.0	0.0	0.0	0.0	0.0	0.0
SRR21280801	0.016192132200352167	-0.2337743299301864	0.03213248949400343	0.04891698951470597	0.14861083064961836	0.0015756708748801641	0.05033053698907173	-0.1925204260726325	-0.13923339223776346	-0.058245702883524354	0.03164906949717732	0.03626632058414794	-0.1196698343163774	-0.0600742502786118	0.013586557941121347	0.06437326337623296	-0.021005179888077652	0.022147525003575398	0.01748321076560071	0.010187947212272518	0.03371339228325809	0.005723894968862901	-0.04809802364255322	0.0091944860598947	-0.040810753302978335	-0.01740997613312042	-0.0016454469052806417	-0.012686337069126146	-0.015554011567816106	0.016858803853935855	-0.0022327360953596866	-0.008629772812830486	0.005296979071140373	-0.002976435323349004	-0.0034791127788804115	-0.00754221812843728	-0.0037515609794566648	0.009221407316559722	0.0016442467610501721	0.008080465564831678	0.00237697487091827	0.0	0.0	0.0	0.0	0.0	0.0	0.0	0.0	0.0	0.0	0.0	0.0	0.0	0.0	0.0	0.0	0.0	0.0	0.0	0.0	0.0	0.0	0.0	0.0	0.0	0.0	0.0	0.0	0.0	0.0
SRR21280847	0.009879059775367093	-0.006330292356168763	0.2838378742222158	-0.06508368567071064	0.11227981350644009	0.178056360164658	-0.09934521546873884	0.010554937091625114	-0.16420032658108263	-0.07050538036657418	0.008318118113887784	-0.07189022095309862	0.03368784295554206	-0.047426612702339575	-0.06306217732207552	-0.040724866709321274	-0.026521395690893932	0.08194197191292617	0.022213708484686335	-0.06196451135743562	0.04043456376992432	0.004053140889381776	0.04666383412774652	-0.041740897617854884	0.0027608074688392674	-0.00032393211557697955	0.04246326489808525	0.005819355643519951	0.016425831941758576	-0.020121090825169233	0.004695977005642416	0.016862140414655467	-0.006448574702746659	-0.0011823810377805386	-0.010755059790422872	-0.005626397139262172	0.009257853434809593	0.0022983500289510163	0.0034607939106293087	0.0018912228519927436	0.00039205478243659503	0.0	0.0	0.0	0.0	0.0	0.0	0.0	0.0	0.0	0.0	0.0	0.0	0.0	0.0	0.0	0.0	0.0	0.0	0.0	0.0	0.0	0.0	0.0	0.0	0.0	0.0	0.0	0.0	0.0	0.0
SRR21280848	0.24053108047630342	-0.11813931654122774	0.036148914278443585	0.060441697938195996	-0.03890822664736642	0.16756197195956632	-0.022057308048918655	0.10826608089027123	0.03837268578395274	-0.11009059629145627	-0.0394359539666355	0.024313424433517864	0.010658501939580423	0.024894490456291128	-0.0023756934097246734	0.07266342093182286	0.04290028935393533	-0.01612380205715536	-0.02754376210501889	-0.010261019774678196	-0.006180193741018731	-0.07231660110588375	-0.017689154460049178	0.005659432242168563	0.03484893690337382	0.03853903190603846	0.023179961538097614	0.029956706388571733	0.038889049821796084	0.009092633626736873	-0.015124294976213397	0.003998467552330629	0.012268511895732444	0.012372009781047837	0.012680084736138507	-0.0008768603948035284	-0.008232928904468511	0.009560748670676123	0.002964092203860398	0.0006512002906318158	0.0017854024704535133	0.0	0.0	0.0	0.0	0.0	0.0	0.0	0.0	0.0	0.0	0.0	0.0	0.0	0.0	0.0	0.0	0.0	0.0	0.0	0.0	0.0	0.0	0.0	0.0	0.0	0.0	0.0	0.0	0.0	0.0
SRR21280897	0.15690426883646155	0.11446983241150596	0.21112437117550184	-0.1733420812997562	-0.096101675503152	-0.13108889119129716	0.14351999862697187	-0.018872240478589968	0.005485892686115911	-0.05125924539657567	0.010661706474221912	0.005349308030226968	-0.05578351523814899	-0.010245314336002414	-0.025908845333064076	0.0026724871564533037	0.052448172065772035	-0.0005798037834359167	-0.03606488655717784	0.026537431769870553	0.04862003102278551	0.08092283844982898	0.009347807839588954	-0.031232012782107858	0.05100648192897202	-0.0016050014706871952	0.03290302217743085	-0.004275616674719738	0.01554107005839172	0.006326334142727191	-0.006287394858810786	-0.0013391851787488622	-0.0034923627925389925	0.017946798618964258	0.012735556418645301	0.01052466755398026	-0.01715119203713946	-0.008393716121670967	-0.006496395000501986	-0.0032640023576404934	0.002718874212025493	0.0	0.0	0.0	0.0	0.0	0.0	0.0	0.0	0.0	0.0	0.0	0.0	0.0	0.0	0.0	0.0	0.0	0.0	0.0	0.0	0.0	0.0	0.0	0.0	0.0	0.0	0.0	0.0	0.0	0.0
SRR21280898	-0.10764059567713277	0.15856362045314656	-0.09900743644564919	-0.07073871288534354	-0.01799880109544781	-0.012427118389465294	-0.01247717502522728	-0.02637817889914144	-0.019971543753896016	0.005728839190265662	-0.05556394408149739	0.013068096399959197	0.01705645460315492	-0.022713312355601385	-0.047176121283976906	-0.01462997654286872	0.020093321520456748	-0.0066665598453716736	0.011288152831038166	0.04257559046335578	-0.027684182549524466	-0.011467924025620649	-0.030527944595701746	-0.027701171557241194	-0.03385343109076258	0.052397833524051654	0.03502815395355712	0.018487569748704174	-0.03762979696497836	-0.03477340655355404	-0.004077890684463692	0.01359166210456757	-0.014787157546969706	0.010922984065498723	0.011169797706423542	-0.01606242366661409	-0.006690968007458544	-0.01009140061976702	-0.006055078017901131	0.004612884716498442	0.004072319756255281	0.0	0.0	0.0	0.0	0.0	0.0	0.0	0.0	0.0	0.0	0.0	0.0	0.0	0.0	0.0	0.0	0.0	0.0	0.0	0.0	0.0	0.0	0.0	0.0	0.0	0.0	0.0	0.0	0.0	0.0
SRR21280902	0.11742639999510979	-0.12233951607138857	-0.15696353837890153	-0.048610777913720565	0.029917693496253218	-0.027776345752513018	-0.09719783971914037	0.06341220800850936	0.008321395276646458	0.03178314983745373	0.004821527092314883	-0.02216835240064835	0.04242064890450425	-0.008207203824998054	-0.05362903766044419	0.013257979829635785	-0.042018857745286485	-0.0010351866284069632	0.004736471397805559	-0.017481448440949142	-0.007548991986336883	-0.009988253412776439	-0.01445097260304064	-0.03158534068049515	-0.025562565728928274	-0.00813805293367024	-0.004393479736307755	-0.00728248337077754	0.016449130027761882	0.006484796751125068	0.013397694072438711	-0.010072267920700076	0.005000637000456257	-0.02182689939897316	0.009201337910706103	0.012699868116707312	-0.028499112328773717	-0.00217743943039363	-0.01481752957006992	0.0010618008050902212	0.0031720467152844697	0.0	0.0	0.0	0.0	0.0	0.0	0.0	0.0	0.0	0.0	0.0	0.0	0.0	0.0	0.0	0.0	0.0	0.0	0.0	0.0	0.0	0.0	0.0	0.0	0.0	0.0	0.0	0.0	0.0	0.0
SRR21280903	0.047886914005676184	0.1981681087747034	-0.04889476923812515	-0.11651954006886733	-0.10284527615347937	0.0877510839378713	0.014196290724458677	-0.03863642402955693	0.021596466013714576	0.05477605662380299	0.04246421713302421	-0.05735070962127279	-0.06864049780475541	0.047706893333867254	0.003444362513457123	0.03443050810610833	-0.023256911531743654	0.024375100877107973	-0.01632290931278971	-0.028867251044637787	0.014300678282119885	0.008343208358877193	-0.028845735837704282	-0.016228166221328298	-0.01786911070938049	0.007989784062730683	0.011742529450698466	-0.036482163131936245	0.008944067543210234	0.00962259608497404	0.01775444449231299	-0.009497233077423468	0.006985133055077534	-0.0046797720948766495	0.005020189959341517	-0.020546776208070563	-0.0015292521321261725	0.004234808643064308	0.0024624643460869713	0.0031110259654813658	-0.0006822710941704485	0.0	0.0	0.0	0.0	0.0	0.0	0.0	0.0	0.0	0.0	0.0	0.0	0.0	0.0	0.0	0.0	0.0	0.0	0.0	0.0	0.0	0.0	0.0	0.0	0.0	0.0	0.0	0.0	0.0	0.0
SRR21280909	0.17316812022350642	0.09839490870275663	0.21565843785348135	-0.1036025069154144	-0.066856458880993	-0.061170019655810016	-0.0954482282423595	-0.04513239880545234	-0.03675364443131167	0.04333895462565679	0.1432969524169952	0.16646813334665483	0.07290395705082772	-0.0018521586528774249	-0.04220133710242282	-0.043573015596932815	-0.019963312471182	-0.08089661438907243	-0.012380344482986015	-0.006539941992518744	-0.01342530506191925	0.016876561446187197	-0.011545048452839891	-0.01896100403718234	-0.01894425155135532	-0.006903416762102595	0.016441093325792307	-0.021621099438314976	0.00015770075578631532	0.02770822840929029	-0.013850883857418863	-0.005878851814623623	0.012777489352280427	0.0014552535632186467	0.01647240672022152	-0.004753871367526052	0.0006240532127265363	0.0016908783718266867	0.0014746564433704649	-0.0002921637420949319	-0.0007138717682557917	0.0	0.0	0.0	0.0	0.0	0.0	0.0	0.0	0.0	0.0	0.0	0.0	0.0	0.0	0.0	0.0	0.0	0.0	0.0	0.0	0.0	0.0	0.0	0.0	0.0	0.0	0.0	0.0	0.0	0.0
SRR21280910	0.015957728411081253	0.15229989883507522	-0.03865248762688422	0.14193908430522995	-0.04813358197957794	-0.030424675645308555	0.02175326884359582	0.00691392289366015	0.008028509939168331	-0.02541324473213972	0.07153183762168572	-0.03462402860939667	-0.03387114333495455	0.01890920762029248	0.02835336551107548	-0.031830799139947755	-0.04144893367143129	0.02549231455610401	0.05863530980043889	-0.03749348255248659	-0.04716718819858193	0.017798702234108725	-0.11018004575816455	-0.030702482934153383	0.0168126893196702	-0.021291081940408654	-0.005792197540609479	0.037366178207277015	0.01885290807914802	-0.02760931681957503	-0.007779325617392041	-0.0004528838993070559	-0.018449051193748667	0.00874271468595589	0.007151963314264304	0.007539257100896505	0.005486028624978995	-0.001158483159426002	-0.004082843031586325	-0.0018304852466976714	-0.0020469785585309386	0.0	0.0	0.0	0.0	0.0	0.0	0.0	0.0	0.0	0.0	0.0	0.0	0.0	0.0	0.0	0.0	0.0	0.0	0.0	0.0	0.0	0.0	0.0	0.0	0.0	0.0	0.0	0.0	0.0	0.0
SRR21280949	0.05929912180027563	0.12704551278234538	-0.042832636839859904	0.013883202824021905	0.10132166210693105	-0.038464859578397105	-0.10092506207576799	0.10734914948712038	-0.03259002399963728	-0.034154327518811915	0.0022452875141382167	-0.022147179960288997	-0.030042436438488404	0.04137952030375968	0.01367061365941424	0.03201895726484889	0.049876643848764314	-0.004565195516723792	-0.011236898176057728	-0.04231076313568059	0.030094566181419858	0.021254547564019663	-0.007008851617121229	0.018848045454918458	0.03112764789126421	0.0005245166509066038	-0.009474639544481364	-0.003170754252188481	-0.02581655935420291	-0.003915935858576254	-0.006209514942550249	-0.011975073707318677	0.019258955069804826	-0.005456902677147237	0.017462810511029526	0.003240833267097985	-0.008509180769252033	0.015511709875555576	-0.0027551436534123987	0.0033761727666826876	0.0011424665445500795	0.0	0.0	0.0	0.0	0.0	0.0	0.0	0.0	0.0	0.0	0.0	0.0	0.0	0.0	0.0	0.0	0.0	0.0	0.0	0.0	0.0	0.0	0.0	0.0	0.0	0.0	0.0	0.0	0.0	0.0
SRR21280952	-0.056867283771312976	0.17500596398939725	-0.15382095868120343	-0.00541702618316343	0.022686117155929723	0.023462747639638702	0.01771867264588284	0.047052210973138144	0.0017670632626089532	0.020090075657465335	-0.0032129077395809604	-0.016566402615895575	0.02405110956930394	0.005614483612203179	-0.0008980418020495359	0.008813125495043251	-0.018198765818514737	0.019329114772916274	-0.01483956823534089	0.0055114112403127245	0.01294721421427208	-0.0029784591778164345	-0.0035721832031922547	-0.02915310754216273	0.00773272521959547	0.004698215209401829	-0.00125814759067887	-0.016374407375105975	-0.0013186397881312293	-0.0009407955287241001	-0.01609909599023525	-0.0057538073254560194	0.019437005918040456	-0.005009163799534295	0.0002745240582312551	-0.01627224413080435	0.009253719528625234	-0.012962108074470468	0.009142765827597708	-0.013878945640803369	-0.0010779068880210436	0.0	0.0	0.0	0.0	0.0	0.0	0.0	0.0	0.0	0.0	0.0	0.0	0.0	0.0	0.0	0.0	0.0	0.0	0.0	0.0	0.0	0.0	0.0	0.0	0.0	0.0	0.0	0.0	0.0	0.0
SRR21280954	-0.01047409527993578	0.1686480371833409	0.009501138777128984	-0.03590504310331697	-0.019084096048399363	-0.022348941918594264	-0.05381078550909071	-0.16820591906945978	-0.16341225963082287	-0.10359346120726308	-0.06159525726881511	0.046811219355959596	0.08518769311684725	0.03207241157457511	0.0306508482421402	0.005477506183950972	-0.013344173486763172	0.057118127771307176	0.020895720739930568	-0.043177777823037305	-0.04474055263475291	-0.00935909896938862	0.03633562129604872	0.02585114593266854	0.029323933388287753	0.006401550102721863	-0.035267568298369543	-0.0122682379035299	-0.014116186429756008	0.012115553085550616	-0.016600318936844584	-0.01146673301368623	0.007167647686552334	0.0032631283883189865	0.013532177901003849	0.0018172295408830576	0.00280847987543438	-0.01008873273126525	-0.007648054625349046	-0.0059838515816640495	2.096609942622856e-05	0.0	0.0	0.0	0.0	0.0	0.0	0.0	0.0	0.0	0.0	0.0	0.0	0.0	0.0	0.0	0.0	0.0	0.0	0.0	0.0	0.0	0.0	0.0	0.0	0.0	0.0	0.0	0.0	0.0	0.0
SRR21280955	0.1583379114229678	0.11961186299808435	0.056728382330283184	0.1383415609061654	0.2540531363920469	-0.012756882148111614	0.07603022321164904	-0.1850290137928399	0.09580998866141308	0.009469411855477207	0.026069284471373213	-0.03846957367032417	0.03420037724247387	-0.04648657930910799	-0.0074369432769789395	-0.043517764203871684	0.021166845337818162	0.06899995033626256	-0.15701200919367825	0.007630490493207495	-0.02368116350185534	0.0076999912070883515	-0.022018962257276748	0.004486055873067533	-0.006830444244914942	0.02087945127716251	-0.01866567491260293	0.013669272144773535	0.018428966935603662	0.0022943410172119373	-0.006293048306891621	0.0056511421029428995	0.005285877330172937	-0.012183025413019433	-0.000492088946273122	0.007480708075244519	-0.004669794690645327	0.0034402574717114923	-0.002138235428965085	-0.0010016473432408791	-0.0013248877631395362	0.0	0.0	0.0	0.0	0.0	0.0	0.0	0.0	0.0	0.0	0.0	0.0	0.0	0.0	0.0	0.0	0.0	0.0	0.0	0.0	0.0	0.0	0.0	0.0	0.0	0.0	0.0	0.0	0.0	0.0
SRR21280956	0.24212536869440413	0.0901427725682924	0.1600634461125747	0.07354223878635101	0.1965645839885262	0.060671794261137155	-0.017598622264020345	-0.015371185139041675	0.08074231627706219	0.15173629792403465	0.06134378511276994	0.0006962331374870783	0.06348515362502154	0.059384711216628305	-0.06348244256367687	0.05651627751991087	0.06892546783225319	0.07238350787190014	0.1179492764125683	0.048372212118779775	0.030759058763622903	0.0175554402835245	0.006580083941852213	0.03688280752027	-0.011110018183430577	0.007382019577444722	-0.02421232199866228	0.006259500744906784	0.008761372937321238	0.017320025463518136	-0.003546555230161695	0.008567476610811914	-0.015197778399066043	0.01138308709809138	0.007906994915391732	-0.0007734440189971828	-0.0008794393558972223	-0.00742182949658492	8.816488467412194e-05	-0.003649528986153238	0.0014010764143236108	0.0	0.0	0.0	0.0	0.0	0.0	0.0	0.0	0.0	0.0	0.0	0.0	0.0	0.0	0.0	0.0	0.0	0.0	0.0	0.0	0.0	0.0	0.0	0.0	0.0	0.0	0.0	0.0	0.0	0.0
SRR21280958	-0.33537495544284834	0.03858929708939325	-0.0036292542006483965	-0.061830623204544716	0.04551636464329661	0.012916718724589025	0.02515871320385565	0.025620008153085825	-0.014507951751503271	0.021793410867256884	0.013989966665268822	0.026787312076055655	-0.0299499154542828	0.017146266060717084	-0.017383004414562815	-0.010697049708710778	0.008467386202841518	0.0032418604514358367	-0.0033020440814683816	0.010694271752206063	-0.00233777677089432	-0.009088640450870355	0.017756574930304702	-0.011373523882295854	-0.01139682939662287	-0.011245388745165903	0.006284730145378958	0.008215561544990185	0.022187798206206907	0.010751552769056198	-0.0022668674088398596	0.0029550401507809727	0.00022903734955731026	0.0009327063671220286	0.006651164489389445	-0.013860581390077694	0.00446556904048041	0.0025525725082207406	-0.0030321941506263697	-0.0032054696758961813	-0.0014595049017222075	0.0	0.0	0.0	0.0	0.0	0.0	0.0	0.0	0.0	0.0	0.0	0.0	0.0	0.0	0.0	0.0	0.0	0.0	0.0	0.0	0.0	0.0	0.0	0.0	0.0	0.0	0.0	0.0	0.0	0.0
SRR21280960	0.20071879264556647	0.04400415746295476	0.10682625550858857	0.06068579939231386	0.010874827780978428	0.15712395857202427	-0.04508525477979634	0.14137928809860098	0.008703928426905313	-0.10325917394860619	-0.005532480618363196	0.037703835246717554	-0.030150688740067027	0.01768170179236001	-0.00045261035873671415	0.0635725807293455	0.02932177419039676	0.017381950250443673	-0.020559681616216845	0.047114445534297514	0.007622514661066223	-0.009348686849248469	-0.02845715740971595	-0.03794860355251155	-0.02575491454574279	-0.033383504325890836	-0.0004883247935660948	-0.03587330266509519	-0.03314577767203516	-0.016016388138513287	-0.007881696312347258	-0.014738982448851105	-0.012475882473719477	-0.01137510101564562	-0.004255802879735582	0.009669496080565871	0.010322293905368228	0.0003587285736070292	-0.002272510097800297	-0.013978013319670975	-0.0029649760103507596	0.0	0.0	0.0	0.0	0.0	0.0	0.0	0.0	0.0	0.0	0.0	0.0	0.0	0.0	0.0	0.0	0.0	0.0	0.0	0.0	0.0	0.0	0.0	0.0	0.0	0.0	0.0	0.0	0.0	0.0
SRR21280962	-0.05148092692158918	0.17563945109837514	-0.14973958523334327	-0.0035890064900276665	0.028898927458213496	0.02537437441437207	0.014104563761932195	0.0410064919771172	-0.0003324672603337521	0.02478686235559445	0.003265766502317889	-0.025853617248631593	0.028477108085623832	0.0190579062452824	-0.003737037738055072	0.0009160927488401863	-0.0037519075739156703	0.006173185633552943	-0.00936802342148924	0.0058501242565972425	-0.0020045227572737536	-0.013784537957699648	0.0038950999786437736	-0.019636371249401992	-0.001317517811374229	0.0015163041296852352	0.012291712774378408	-0.003592382561653227	-0.008073653516740411	0.011506891818778649	-0.014537570543412419	-0.019693916565270177	-0.014300776267680983	-0.026433458693804146	-0.013168978209281385	0.02202995661474337	-0.019684559752118313	-0.0128852010002819	0.0030649329288001672	0.007080262730645047	-0.003446887844544221	0.0	0.0	0.0	0.0	0.0	0.0	0.0	0.0	0.0	0.0	0.0	0.0	0.0	0.0	0.0	0.0	0.0	0.0	0.0	0.0	0.0	0.0	0.0	0.0	0.0	0.0	0.0	0.0	0.0	0.0
SRR21281007	-0.007922180598497919	0.17478160552879737	-0.051559421644874516	0.12023466108173729	-0.027636722526283995	-0.035938970453775726	0.008111889808563968	0.03313576718718388	0.014926827070829313	-0.030088693212782666	0.03649380629755233	-0.028092239655961873	-0.006884788962747752	0.0020197893680483484	-0.010775413797861969	0.017644721677326898	0.041903649151849805	-0.01621215132347794	-0.013399522359095433	-0.02754024102166816	-0.011769789533244713	-0.0005685124071575401	0.03725376342820958	-0.014253633778156543	-0.006985736493449275	-0.0011726278557274694	-0.014806528976295518	-0.02518813294442278	0.00865695856427179	0.001537641176386971	-0.013832044874308726	0.0012960886995201245	0.008140100967501236	0.03752127910540611	-0.04003698248197426	-0.012094306219137872	-0.008567178839754466	-0.0029147451847965646	-0.0028638980228983084	0.0016748225235890433	0.0010043912120914452	0.0	0.0	0.0	0.0	0.0	0.0	0.0	0.0	0.0	0.0	0.0	0.0	0.0	0.0	0.0	0.0	0.0	0.0	0.0	0.0	0.0	0.0	0.0	0.0	0.0	0.0	0.0	0.0	0.0	0.0
SRR21281018	-0.01414451342787452	0.16812335692539337	-0.06318376740482845	0.10278004828902879	-0.029184103385319776	-0.019543061028329808	0.011313825484828248	0.04540683351528143	-0.03513167432448665	0.022139887022791065	-0.03470610768337098	-0.002525239389580511	-0.01765607011379109	-0.027285824255782656	0.007682186327226895	-0.025688110751256082	0.025433485616150997	-0.0024273532256317	-0.019787680026857272	-0.06016433400906961	0.009607849119976027	0.02879500977412155	0.02046505627765746	0.06096530281589403	-0.01820199885747002	-0.02352643915818219	0.004900883786415439	-0.004873008074839968	0.0011969849103043457	-0.012243014605561223	0.03512368059047548	-0.011930644757939113	-0.028157101855942054	0.008310436745216261	0.023454001609400137	0.001531282150453089	-0.0008849631325886289	-0.003963894968823567	0.003342975244205488	-0.002116283362817376	-0.0008051015053652038	0.0	0.0	0.0	0.0	0.0	0.0	0.0	0.0	0.0	0.0	0.0	0.0	0.0	0.0	0.0	0.0	0.0	0.0	0.0	0.0	0.0	0.0	0.0	0.0	0.0	0.0	0.0	0.0	0.0	0.0
SRR21281022	-0.04232383884721603	0.15615045862205765	0.049136554057543295	0.11638248939934258	-0.08538820392240046	-0.08664140906038721	-0.012820913153939142	-0.022727914315597345	-0.07094355599939656	0.0163876902883974	-0.12261585467869686	0.04034753876416763	-0.0007905985047201574	-0.043852488607293634	-0.04609298723394073	0.045772296351647375	-0.01335627748453051	-0.0468208372380808	0.006578377207986994	0.028267453225148106	0.05595797110878523	0.016543919491066345	-0.04682714078910735	0.023828542235887356	-0.02558790690106534	0.035817995363800065	-0.006922262183058206	0.003286415958491712	0.021760895532803477	-0.017605816456006108	-0.009794180719459892	-0.0018177395935197107	0.0014419931470620996	-0.010994639052048678	-0.02204744643647427	0.0007846855400630095	-0.007331878289371911	0.002077449073331259	0.00035005167008280206	-0.011410899047996326	0.0001704816281172628	0.0	0.0	0.0	0.0	0.0	0.0	0.0	0.0	0.0	0.0	0.0	0.0	0.0	0.0	0.0	0.0	0.0	0.0	0.0	0.0	0.0	0.0	0.0	0.0	0.0	0.0	0.0	0.0	0.0	0.0
SRR21281023	0.04557235584449866	0.18083613844191368	0.13008517502311123	-0.02541507833248126	-0.19843740920227113	-0.012601723567409136	-0.031439805557196374	-0.1423661651446707	0.037163153896092226	0.01599577574720755	-0.008606416169553132	-0.008953697649743143	-0.02156423677618886	0.019366741390412376	-0.01558765524155664	0.062176672177749456	-0.008652163712419279	0.012139563851215425	-0.0015717734513392724	0.022033981772732733	-0.024855102304289934	-0.05821547584472608	0.06554970086724192	-0.023701364012825556	0.015589622794833436	-0.010115177256980171	-0.038272300246459334	0.033778623131046695	-0.032817958190032366	-0.008861775701908228	9.515143901468677e-05	-0.021606277297108345	-0.00472513721414298	-0.008023012687020041	0.005312034824868255	-0.003346916134274307	0.0009543053488721143	0.00726066073956472	-0.005825270718016938	0.003350316684884763	-0.0002923342985968882	0.0	0.0	0.0	0.0	0.0	0.0	0.0	0.0	0.0	0.0	0.0	0.0	0.0	0.0	0.0	0.0	0.0	0.0	0.0	0.0	0.0	0.0	0.0	0.0	0.0	0.0	0.0	0.0	0.0	0.0
SRR21281024	-0.1730734988381629	-0.028479965285265488	0.20734410947904086	0.0410090488286515	0.050609376580548	-0.11962402822220207	-0.12415576500174175	0.07773834266281834	0.051342076512927694	0.0032461202451181006	0.023391349897474118	0.00711731882411237	-0.009144227073596875	-0.024097091544613116	-0.06354998684024543	0.023071558017876997	-0.0609676549284925	0.001283849389619686	-0.006826624564989885	-0.04140741859607058	-0.014841489376320011	-0.031984586450780055	0.020362397006276747	-0.014033250501769014	-0.027866679468284063	0.010259408695999077	-0.008004233895014777	-0.006285430814167709	0.025402625058819128	0.00492824388662841	0.009390700871104697	-0.018143885094557662	0.011625665273618701	0.006918987722182898	-0.00885079450476239	0.014500843825890938	-0.001428600580291672	-0.0013421473569567538	-0.0031813197014739633	-0.0008409172577191039	9.835282674155232e-05	0.0	0.0	0.0	0.0	0.0	0.0	0.0	0.0	0.0	0.0	0.0	0.0	0.0	0.0	0.0	0.0	0.0	0.0	0.0	0.0	0.0	0.0	0.0	0.0	0.0	0.0	0.0	0.0	0.0	0.0
SRR21281045	0.08944338354791605	0.11598981846891156	0.08670326623551952	-0.29014647301726204	-0.06911047390817956	-0.056216686791612985	0.11939029739895413	0.0020420617311138587	0.00918062484855397	-0.03126481535118131	-0.017101190400062794	-0.018113762238462196	0.05670141249655452	-0.046407178793561085	0.09985405037138959	0.03110229148680357	0.003415130627382765	0.01630386988194717	0.025953873708804445	0.0006308550437714959	-0.0069009359136023565	-0.0239436392976741	-0.01963317198826777	0.026801468473225905	-0.020640182293335127	0.018140582056430352	-0.009736034349627968	0.013177914966205555	0.0019892824328646415	0.007212485154067979	0.009609946818929226	-0.014148898225753647	-0.0007674357579464712	-0.0062118543763731325	-0.009484144551929058	0.000868138879468791	-0.0016841362881132266	0.010671387692508727	0.008305258188983115	-0.0030473449818142055	0.0010720958952582	0.0	0.0	0.0	0.0	0.0	0.0	0.0	0.0	0.0	0.0	0.0	0.0	0.0	0.0	0.0	0.0	0.0	0.0	0.0	0.0	0.0	0.0	0.0	0.0	0.0	0.0	0.0	0.0	0.0	0.0
SRR21281047	-0.13377480123654265	-0.2893746601444441	-0.03977933099654998	-0.08125976534743565	0.032309050630463534	-0.0012921547766488342	-0.07716015368535528	0.018513662045028977	0.03771833165743194	0.007256453527726511	0.0014550600030050394	-0.007338210909976919	-0.0011065429372572903	-0.02104219793238714	-0.007688079724447495	-0.025137525737958334	-0.003719406763228149	0.018447216364666445	-0.012974562787891908	0.024529159558790686	0.002803625805713607	-0.025377846919189255	-0.01679905268816274	0.010487822673366093	0.017750706005320447	0.0038636726809226055	0.014598852776897512	-0.0042818580337025255	-0.011844442388377226	0.014147895831978452	-0.012516222219993456	0.005629989221047795	0.0032382777242771234	-0.006253645745016868	0.007793488318910081	-0.003845727101318938	0.0028525865715561902	-0.028752997526800838	0.00012067285105410939	-0.0024978800468487797	0.0007617053036314503	0.0	0.0	0.0	0.0	0.0	0.0	0.0	0.0	0.0	0.0	0.0	0.0	0.0	0.0	0.0	0.0	0.0	0.0	0.0	0.0	0.0	0.0	0.0	0.0	0.0	0.0	0.0	0.0	0.0	0.0
SRR21281049	-0.18240138914609672	-0.00417815678497299	0.03518648709985045	-0.13651053648235018	0.13519675101561976	-0.025434999995248758	-0.13193180450200673	0.058264988359000965	-0.018468361912512363	-0.006535957471501188	0.018961669652601536	0.05739233491189726	0.0822125581482932	0.026417370988232918	0.11724469896432285	0.04677233255831715	0.033784914723610254	-0.014825240416308004	-0.03483130676240015	0.019002332660236584	0.008716012239561529	0.013053341773875285	-0.012058177733818983	-0.01233981855309967	-0.00582848109421602	-0.01494414900750742	0.0001545579407060913	0.02032615666048637	0.006824901560511996	-0.02664675792392583	0.01636885674723425	0.005422055137921612	-0.010091469814037137	0.004027531867243447	0.0013026370726722009	-0.0012402347951050803	-0.005503166933264546	0.004947144238652293	-0.002869409707586687	0.00759760906764029	-0.0004406059072978936	0.0	0.0	0.0	0.0	0.0	0.0	0.0	0.0	0.0	0.0	0.0	0.0	0.0	0.0	0.0	0.0	0.0	0.0	0.0	0.0	0.0	0.0	0.0	0.0	0.0	0.0	0.0	0.0	0.0	0.0
SRR21281050	0.019528189351398235	-0.07412973759882174	-0.23267134509088744	0.011639468327659669	-0.042812070475227164	0.03304636583914946	0.03585216397173361	-0.0007731322346104272	-0.017457626031398634	-0.007287517256714059	0.015382596578244085	-0.021961308357442828	0.008506583220911749	-0.01894004613485349	-0.03022267454757141	-0.007573215885065649	0.011159449601463037	-0.0034250687430432388	0.0025883446623436047	0.00987466354310261	0.002130111117737478	0.0011055553285780324	-0.00012137901357572082	0.010170382809941595	0.009114335048677567	0.005686979842521224	0.004361748966572835	0.010702119776807554	-0.008876216237640564	-0.010670739199518709	0.007286146491280471	-0.001288674478922398	0.00395750749878578	0.0064970192281918245	0.01067666511252396	-0.021256505203148642	-0.004718575937707128	0.001085428145426622	-0.007099354768115815	-0.000227463873640106	-0.004130388510614138	0.0	0.0	0.0	0.0	0.0	0.0	0.0	0.0	0.0	0.0	0.0	0.0	0.0	0.0	0.0	0.0	0.0	0.0	0.0	0.0	0.0	0.0	0.0	0.0	0.0	0.0	0.0	0.0	0.0	0.0
SRR21281052	0.04403014381155984	-0.06703473712298996	-0.22785089174021908	-0.016725741728989534	-0.06797220136587945	0.024292810802841354	0.023867290440475995	-0.03731323350204576	-0.0145032498508701	-0.0010908990011368517	-0.00856486889946984	-0.009867666075108176	-0.004153793689812712	0.008991238120695626	-0.02620838878301471	-0.02426730153858539	0.021361549815895088	-0.0096397275366502	0.011420238751540983	-0.0039428476690435066	-0.014124411790526531	0.0029196171112306018	0.009933170907485824	0.006065800593496614	-0.005513283728939729	0.017439320374836337	0.005028564126070588	-0.011395937087113311	0.015946012637043552	0.006534580835070336	0.0014460696089113481	0.008977919659547477	0.005224143300321967	-0.023503992567669545	-0.0012342712473279575	0.01833801107388012	0.014884310979690389	0.0024374982163095256	-0.00013634802635486743	0.0027745741083873604	0.008073547181847877	0.0	0.0	0.0	0.0	0.0	0.0	0.0	0.0	0.0	0.0	0.0	0.0	0.0	0.0	0.0	0.0	0.0	0.0	0.0	0.0	0.0	0.0	0.0	0.0	0.0	0.0	0.0	0.0	0.0	0.0
SRR21281054	-0.06255083024431723	0.17098794268443046	-0.15498513396088398	-0.01598689139508931	0.017921521611442073	0.018475669092045812	0.01595395482113376	0.04628153432066333	-0.005714761595297883	0.011487833784077183	0.011847620965662631	0.0012138845374809152	0.007183417370874048	-0.016462544881763713	-0.010483766200504627	-0.005412979549399211	-0.01590385995682132	0.0019252380839770193	0.003062566837600005	0.0023222988519541713	0.008431130891237027	0.010920944619187002	0.00882728665288917	0.011722806962184768	0.011850576590161283	-0.035265876057063765	-0.019836706981572503	0.012192687370341264	0.017538396596884716	-0.031002221384014827	-0.016997971614602876	0.006332974300454345	5.730281689971431e-05	-0.0040551951536704645	0.002459969631519435	-0.01086605273242281	-0.009826386317458621	0.003896424670516746	-3.1426578350246465e-05	0.007860375558035438	0.0038727622345907558	0.0	0.0	0.0	0.0	0.0	0.0	0.0	0.0	0.0	0.0	0.0	0.0	0.0	0.0	0.0	0.0	0.0	0.0	0.0	0.0	0.0	0.0	0.0	0.0	0.0	0.0	0.0	0.0	0.0	0.0
SRR21281056	-0.13014890390886794	-0.2847562748608565	-0.04329646052257106	-0.08556846681256697	0.0365673323855374	-0.007541997250650261	-0.07622460327807042	0.018062141214255232	0.027937587227922504	-0.002960476176349708	0.023087061934370663	0.0010687072118285104	-0.027894578556241615	-0.01707221870565888	0.00017527037264530778	-0.04178786336744624	0.035147216395710966	-0.005375634078653934	-0.007026575568145453	0.01442434711968169	-0.0014549191905628947	-0.019444906263548296	0.0037760391522498535	0.02964392198251836	0.006913836073955705	0.004279205476579327	0.0023526406728275203	0.005119103966908338	0.005112067891933313	0.001178800592827181	0.019141982632027404	0.00908316601775975	0.006175541927439124	-0.0012041494501681804	-0.0013498553638196771	0.006199219613308037	0.018804400289457134	0.00838872845118569	-0.01885914670908816	-0.010292191014655956	0.0021865386224212582	0.0	0.0	0.0	0.0	0.0	0.0	0.0	0.0	0.0	0.0	0.0	0.0	0.0	0.0	0.0	0.0	0.0	0.0	0.0	0.0	0.0	0.0	0.0	0.0	0.0	0.0	0.0	0.0	0.0	0.0
SRR21281057	-0.17336187224178523	-0.21751854545176044	-0.10771628910461496	-0.04818288084733443	-0.04819135426099269	0.030253893656920095	0.021026429310789994	-0.060213142841943686	-0.04419998571947241	-0.002697734901394796	0.023564646810149217	0.05857350190477411	0.12158614718482225	-0.0056514503668126026	0.06219272004213918	0.052487415264054156	-0.02603910402372079	0.01618618295860751	-0.0018806141646065182	0.017374637655910873	0.012018604782030639	0.022035713090689933	-0.0071784694323800795	-0.011355945263391265	-0.003421739317607283	0.006396306543164873	0.011249701273293375	-0.006029467502490616	0.006576365599883168	-0.00421207038484781	0.007022656259709311	0.017774538708089076	-0.013807551274789276	0.008244037860225728	-0.005664040308267077	0.0033885909691459	-0.0045159744848618346	0.0039310613017736395	0.005101974831598765	0.0017084589439512628	0.0005889355442843237	0.0	0.0	0.0	0.0	0.0	0.0	0.0	0.0	0.0	0.0	0.0	0.0	0.0	0.0	0.0	0.0	0.0	0.0	0.0	0.0	0.0	0.0	0.0	0.0	0.0	0.0	0.0	0.0	0.0	0.0
SRR21281058	0.035702137112107776	-0.07073992335056183	-0.23417302219036765	-0.0060500751476592896	-0.042092300623721116	0.03185876145638358	0.01935212481551357	-0.01114259472047697	-0.03849471035675836	-0.014557729955575046	0.05312611178948688	0.014929107974514477	0.08931136489893302	0.004422259628583966	0.05390044544610461	0.013256785066281432	0.03411982505834661	-0.0041537792981996636	-0.01887782940770859	-0.019367885472411348	0.013339361772864652	0.00797952223052169	-0.00012981223260559257	0.016903121896498532	-0.006654478081171171	0.010439677837877923	-0.01085622220804124	-0.014462565772493082	0.015077833400491271	-0.003814625811569248	0.003712476888484292	-7.229230916277367e-05	-0.0007803580442199933	0.012984227607248714	-0.005350149890525912	-0.0024277984917535165	0.0005380014918771685	-0.009631947875795927	-0.0004665086757988862	-0.004439830290341663	-0.004276853980134381	0.0	0.0	0.0	0.0	0.0	0.0	0.0	0.0	0.0	0.0	0.0	0.0	0.0	0.0	0.0	0.0	0.0	0.0	0.0	0.0	0.0	0.0	0.0	0.0	0.0	0.0	0.0	0.0	0.0	0.0
SRR21281068	0.3364446652420155	-0.1454616997372412	0.12225168125932061	-0.038219169335636335	0.01651021781404942	0.009610757652205872	0.15769438500482366	0.0897565727708628	-0.09062228121022559	0.04081793512980152	-0.08627537527635365	0.07381125305193201	-0.05998036815996726	0.08589716261020755	0.04470839770061284	-0.052094407961084714	-0.0328267295206817	0.011209121692356144	-0.0021089291495360258	0.036919451543003974	0.0003047691826515498	0.02890047845431938	0.04171980887486377	-0.011229324999523078	-0.0036130256326553536	0.01789836615181538	-0.01507477705989844	-0.00976787005004747	0.016713219373829528	-0.015981465804174737	0.017474275708792626	0.010248665727257593	0.007598778336739543	0.004731414942724624	-0.004000999583301368	0.005185565274979567	0.003872728429478936	-0.006929103722075132	-0.006136036447047645	0.006344185279093024	-0.002415037276569315	0.0	0.0	0.0	0.0	0.0	0.0	0.0	0.0	0.0	0.0	0.0	0.0	0.0	0.0	0.0	0.0	0.0	0.0	0.0	0.0	0.0	0.0	0.0	0.0	0.0	0.0	0.0	0.0	0.0	0.0
SRR21281069	0.28599939347089115	-0.15651627461131865	0.010999821806487285	-0.037189862585537053	0.15512655633647576	-0.18106843479436896	0.16080574119796506	0.03425517469238319	-0.10545449425555314	0.05250091175873403	0.04428372081249859	0.024262173003637456	0.020616215069575637	0.0784985782769186	-0.06936778220567653	0.012766533492222195	-0.017141636398996456	-0.06706710367663313	-0.048805464135743715	-0.05236183204009496	0.002280057168663352	-0.07107057108267992	-0.021618653630873993	-0.008727997436347284	0.020657395439964657	-0.019711908722649996	-0.010110673873762995	0.020970403041211012	-0.02558836916697477	-0.0051394350125080306	0.002988935159143929	0.010996933307038707	-0.025556875190311516	-0.0004897199194811301	-0.009443868680360906	-0.009343771267901538	0.013001396500810862	-0.0014351138254098514	0.00629350982260607	-0.003743525654332653	0.0020862342974325965	0.0	0.0	0.0	0.0	0.0	0.0	0.0	0.0	0.0	0.0	0.0	0.0	0.0	0.0	0.0	0.0	0.0	0.0	0.0	0.0	0.0	0.0	0.0	0.0	0.0	0.0	0.0	0.0	0.0	0.0
SRR21281071	0.2108651553189805	-0.13290319917698032	-0.02712529677217974	0.12547864401038145	0.09778138770295068	-0.05750288454132514	-0.05286821466504332	-0.046834246526826724	-0.05820310693098155	0.007444445491992137	0.005512839967612995	-0.049524039236022534	-0.022595996810249357	0.048910115955633396	0.033332635166062836	-0.0038885347906179907	-0.07682090234232695	-0.03382706064200281	0.03510708474555204	0.06964805074856036	-0.006350978747474321	5.830086096123894e-05	0.016457395987806944	0.014436529976043644	0.002435084501088239	-0.005919637918639296	0.018047158121808175	0.03479526839534709	0.01284573834804344	-0.010664032427234365	0.006053370050705548	-0.02586977731069613	0.033502812985566385	0.01756072092815212	-0.0005858670501785958	0.008008557257987173	-0.0023148647203300437	-0.003984268572185676	0.002254261436676622	-0.00017817444522635358	-0.0011712422542897905	0.0	0.0	0.0	0.0	0.0	0.0	0.0	0.0	0.0	0.0	0.0	0.0	0.0	0.0	0.0	0.0	0.0	0.0	0.0	0.0	0.0	0.0	0.0	0.0	0.0	0.0	0.0	0.0	0.0	0.0
SRR21281079	0.22215680100056284	-0.12530265306692223	-0.039224944324720894	0.10127163641125864	0.019483983146516205	-0.07576765537740315	-0.060036157892993526	-0.023283881361577028	0.015614262793123317	0.11556932257413113	-0.07851604953235897	0.0017433068329429323	-0.0156860229416788	0.03676789450246686	0.06187954966226658	0.0026451609125217896	0.017946700106991488	0.017849283986869476	-0.003167886387474329	-0.0393512373294478	-0.0804442761322141	0.02362372117171352	0.03772191943104896	0.009403862005867986	-0.026537110468562043	-0.0030582470307556234	0.07685846322740013	-0.0054802940722230315	-0.0193091277355165	-0.018783361473715364	-0.0325708245915864	-0.0024492826213782146	-0.012408131121750631	-0.005273780364198069	-0.003047694480417907	-0.003134951716373681	-0.005457284844021262	0.012619979703745446	0.0006988230008564404	-0.006139009096596617	0.0004533033545909828	0.0	0.0	0.0	0.0	0.0	0.0	0.0	0.0	0.0	0.0	0.0	0.0	0.0	0.0	0.0	0.0	0.0	0.0	0.0	0.0	0.0	0.0	0.0	0.0	0.0	0.0	0.0	0.0	0.0	0.0
SRR21281083	0.19224030669528894	-0.14891652992678686	-0.001628977589777239	0.0018418734677128905	-0.010279321669483785	-0.18048109257984918	0.06774012330774941	0.12175766697543874	0.03203662847299972	-0.0516584865541153	-0.020295081132649093	-0.09141154778302645	0.07592694940528742	-0.02863613529314236	-0.02679182900338935	0.05283421411314608	-0.05345941692270553	-0.0010357970993781335	0.023400809421934482	-0.01230936463119568	-0.023368707454756214	0.046847532308310666	0.017358589294408464	-0.00630608003716448	-0.006055127422238734	8.923105595241157e-05	-0.031387762067747	-0.013572534203159447	-0.009292980661468362	-8.301672520611777e-05	0.001395800699135678	0.011559504423498308	0.005568028883379176	-0.009941527849937288	0.0063245410106229204	0.0004145969637415812	0.0007418116964348911	0.002046617646945452	0.0013089399786855044	0.004054360554422128	0.0005985995682190084	0.0	0.0	0.0	0.0	0.0	0.0	0.0	0.0	0.0	0.0	0.0	0.0	0.0	0.0	0.0	0.0	0.0	0.0	0.0	0.0	0.0	0.0	0.0	0.0	0.0	0.0	0.0	0.0	0.0	0.0
SRR21281084	0.1514424247114775	-0.11489891368357595	-0.16905975411398763	-0.05108875189927645	0.06797569597328929	-0.014982202423349793	-0.04992118857514688	-0.02567836453727932	0.017100714588342333	0.06274311774062884	-0.03573306200873049	-0.004097202278569618	-0.05973247211140747	0.0393113629181052	0.04215198678864943	0.04273151284637599	0.017618326624225016	0.005766334788602251	-0.0056943929522605035	0.012819523173741817	-0.008794898813632454	0.017944834692959787	0.018186512269920106	-0.035753563269510014	0.011820962111275495	-0.005503223343926404	-0.0014941329551054414	-0.010198674874808562	0.012691954329868133	0.009109590332201085	-0.00825018387296802	0.011752932840912665	0.012140354212470459	-0.006677840831210844	-0.006934405916262465	-0.009976847054593233	0.01224688097184045	0.007552848458254265	-0.0022462586134061667	0.004295004722017323	-0.002653369311724535	0.0	0.0	0.0	0.0	0.0	0.0	0.0	0.0	0.0	0.0	0.0	0.0	0.0	0.0	0.0	0.0	0.0	0.0	0.0	0.0	0.0	0.0	0.0	0.0	0.0	0.0	0.0	0.0	0.0	0.0
SRR21281085	0.17629394978104487	-0.12421880323736526	-0.03877611881826056	0.12191291865765311	-0.036169884359634946	-0.02020624847583473	-0.05110005312913742	0.06480204250245207	0.053025572681902874	-0.07593248548591276	0.060550026900630056	0.08129546048510422	-0.02136961046570379	-0.025658763063988337	0.010940498755482668	-0.10084911631987538	-0.04727504599776494	0.035541918076308375	0.017100318268289946	0.03492085739424278	0.002016599847783941	0.02242489455616361	0.031736727581557614	-0.011325589046875802	0.022086899644014026	0.046029331231018634	-0.027505984024189665	0.016021733070947328	-0.009182782758294414	-0.001182268359895087	0.012671212757213564	-0.013077633857507721	-0.023613083846040318	-0.021936196977902084	-0.013551550025294574	-0.0268375441873734	-0.016644768596483787	0.010809716264786853	0.0059063401455618355	-0.006763141633506815	0.0009187228668235951	0.0	0.0	0.0	0.0	0.0	0.0	0.0	0.0	0.0	0.0	0.0	0.0	0.0	0.0	0.0	0.0	0.0	0.0	0.0	0.0	0.0	0.0	0.0	0.0	0.0	0.0	0.0	0.0	0.0	0.0
SRR21281109	0.14346811386457148	0.12639468162161635	0.1011331523077199	-0.043134031539285765	-0.09863640382458412	-0.015359188488239146	-0.11236669920220199	-0.01739518755182055	0.07805278405740511	0.010847917048867959	0.09779806467105334	-0.015692939840739467	-0.0022484312676948376	0.011858160176285864	0.11701847047192	-0.0029631072328137665	-0.05637979239922267	0.007263791547718259	-0.00853810996609888	0.00832219592525917	0.010252046632430251	-0.0029326328447682316	-0.011054782370339373	0.04008698143538297	0.018505479630895535	-0.0023017813274041165	0.020773186343927653	-0.008612726906938808	0.004802503471943897	-0.009230495684950556	0.0132333768728634	0.015461839456322513	0.002818553229125724	-0.012070260902539634	-0.018435057594325396	0.005379337388694992	0.012588484451389501	-0.011847295257869489	-0.003389366478298583	-0.00010747501631892624	0.00288777043497318	0.0	0.0	0.0	0.0	0.0	0.0	0.0	0.0	0.0	0.0	0.0	0.0	0.0	0.0	0.0	0.0	0.0	0.0	0.0	0.0	0.0	0.0	0.0	0.0	0.0	0.0	0.0	0.0	0.0	0.0
SRR21281157	0.12325260811546276	-0.04641283444347323	-0.1323607385433859	-0.09867978617509392	-0.17259688295508566	0.09688151602590625	0.03225676683309487	-0.08574809186641304	0.025455184472258165	0.04956097290890643	0.04360349506247864	-0.048937506193596166	-0.031488958057068195	0.020170730665676345	-0.03339115793448339	0.03117884597908672	-0.0317453467262851	0.011339305820824309	-0.002936823798619015	-0.019643467437123033	0.02576289430968584	0.0025824456476920108	0.0037286644840182695	0.009671747975469078	0.027969051086793914	-0.03681088879610484	0.017089730776981924	0.008516664173072501	0.006180446521178331	0.005590591779533002	0.004554626175572012	0.0018172373228257169	-0.013696239569873236	-0.014769059212726534	-0.0071522863548857205	-0.0014772542376226543	-0.005821100167443642	-0.0014295871568497087	-0.00045000501465543606	-0.0077470107606666064	0.0010830844555446853	0.0	0.0	0.0	0.0	0.0	0.0	0.0	0.0	0.0	0.0	0.0	0.0	0.0	0.0	0.0	0.0	0.0	0.0	0.0	0.0	0.0	0.0	0.0	0.0	0.0	0.0	0.0	0.0	0.0	0.0
SRR21281184	0.1447104034156683	-0.13998124538867449	0.009204458520007867	0.05166947718063087	-0.08325127297298701	-0.09448527807851786	-0.13418531738464354	-0.030428943670683755	0.013799336724778262	0.0559597172062252	-0.10776286578580101	0.0008057547352001814	0.0315222464804352	-0.02216914285329498	-0.012576592952813074	-0.01950787461371089	0.09452375138145497	0.022348888779550498	0.0030726168070174835	-0.02847369660582557	0.009133072742633358	0.003004514153163133	-0.04274864616789058	-0.05473970188190184	0.016925940883547683	-0.005951687252646634	-0.01026052849447965	0.016803653238870384	-0.008464780915439325	0.022414704889161276	0.05870581666733805	-0.01119075620608956	0.010474072769012802	0.0003670910383130535	-0.009759076827378569	-0.005564663195041147	0.007265977164759475	-0.009693393260656054	0.011652111718345083	0.005981244747137607	-0.0011647735834395964	0.0	0.0	0.0	0.0	0.0	0.0	0.0	0.0	0.0	0.0	0.0	0.0	0.0	0.0	0.0	0.0	0.0	0.0	0.0	0.0	0.0	0.0	0.0	0.0	0.0	0.0	0.0	0.0	0.0	0.0
SRR21281185	0.21842584135366463	-0.14187508986773184	0.11368808174292136	-0.15668753938162197	-0.14876446547715724	-0.13396764999138694	0.028005482486276233	-0.02234660252114933	0.05674771818899423	-0.017721515038487127	0.02639651513953844	-0.060161945837277554	0.01428371480043548	-0.03659246744934073	-0.05748833853608806	-0.043143992580934945	0.041256652250290786	0.02036995697964271	0.02466551776954265	-0.0022096410896116927	-0.010126855676819984	-0.056611175741845994	-0.007381617908369209	0.04376862637813755	-0.028196730414711216	0.007814645429155935	0.0053742592888483065	-0.03335657993992647	0.0030713995495711566	-0.0382864253774396	-0.0086227217505089	0.018193445189008447	0.013815692533847243	0.005726127864864776	0.004089494002806978	-0.0012286296017508518	-0.0012118945372470266	0.008283639175721827	0.0011544661329533398	0.00390934303584953	-0.005848464464618333	0.0	0.0	0.0	0.0	0.0	0.0	0.0	0.0	0.0	0.0	0.0	0.0	0.0	0.0	0.0	0.0	0.0	0.0	0.0	0.0	0.0	0.0	0.0	0.0	0.0	0.0	0.0	0.0	0.0	0.0
SRR21281188	-0.26706496390267676	0.042020641011182906	0.12984217856623223	0.09410742163964801	-0.027235519120912422	-0.050403518579869265	0.004507095376861061	-0.00043639668273069584	0.017405275609671984	-0.017736760624506267	0.015073119704042967	0.007443869280601422	-0.015396269475368058	0.01378032140900925	-0.02786802859312376	0.04164566544961202	0.00029044502169324026	-0.00397031235399589	-0.016140300707843384	0.024409910545680598	-0.038955082837779514	-0.010005742955042493	0.008550480933314165	0.00659559199836088	0.011250123281639728	0.004441224013408806	0.019296887609460668	0.0004149473572687924	0.009418010793616326	0.004065215281214249	0.004298140239949094	-0.01505978378581752	-0.035957390184230484	0.011988058001091925	-0.0164670053474776	-0.005498079140740026	0.009677869073479912	-0.010869599188470877	-0.012796913690738706	0.011192970581175082	-0.0016418114770385148	0.0	0.0	0.0	0.0	0.0	0.0	0.0	0.0	0.0	0.0	0.0	0.0	0.0	0.0	0.0	0.0	0.0	0.0	0.0	0.0	0.0	0.0	0.0	0.0	0.0	0.0	0.0	0.0	0.0	0.0
SRR21281190	-0.15758930723029588	-0.23614432019090129	0.03768283202763008	0.15503440521869657	-0.1274497942866294	-0.04269872005966473	0.03576699185892012	-0.027377052673248168	0.003795308739643459	0.0388885407919554	-0.055352066436381464	0.022995164323192027	0.017815196968172096	-0.037661087031359806	-0.019172552114932805	0.04439695632984932	-0.004541371249070733	0.004934892982736282	-0.024934187736257947	-0.008410369941490917	0.022489253595312036	0.00533031745751277	0.02506526426532294	0.027475064256856183	0.007268555252728272	-0.013228547237345028	0.015910384812298065	-0.0035192005047723716	0.015960426581174223	0.014796652722248135	0.002311904982091743	-0.00916850383564182	-0.009194265820732652	0.003825926144420908	-0.005645533439194779	0.006615461505017702	0.0037815988281029384	-0.002809420257107084	0.000386191391732214	-0.004455679042067433	-0.0003103547607362471	0.0	0.0	0.0	0.0	0.0	0.0	0.0	0.0	0.0	0.0	0.0	0.0	0.0	0.0	0.0	0.0	0.0	0.0	0.0	0.0	0.0	0.0	0.0	0.0	0.0	0.0	0.0	0.0	0.0	0.0
SRR21281191	-0.24385690027506668	0.03361230407041534	0.18280816837242866	0.1889888765462283	-0.06244912429272918	-0.07455067019347979	0.031633807313108185	-0.0005457928278828426	0.02826808084109212	0.060996129595228515	-0.05822161232302756	0.018247479851202075	0.007520117481326088	0.01289790467043727	0.05651446317890964	-0.02123050003577286	-0.0339768043133759	0.005598544457709831	-0.0033012620719073383	0.0013560852970122615	0.08745528308627014	-0.05309354831379887	0.006754833035121796	-0.014249133581641366	-0.004579304744036645	-0.013566953955081739	-0.006206444967060855	0.008341927020307628	0.021897737548734388	-0.009348580948818753	-0.0064181484525591085	0.02174381614850919	-0.008450632280383317	-0.012055365382078234	0.026034390639448356	-0.0017623991032145766	0.0013618744966294196	0.01152162985728532	-0.0014288317630434364	-0.002192440366256051	-0.0013413877616959393	0.0	0.0	0.0	0.0	0.0	0.0	0.0	0.0	0.0	0.0	0.0	0.0	0.0	0.0	0.0	0.0	0.0	0.0	0.0	0.0	0.0	0.0	0.0	0.0	0.0	0.0	0.0	0.0	0.0	0.0
SRR21281194	-0.02552314697663815	0.1763840328172971	-0.04301918008710471	0.12038502075883593	-0.0406575199065739	-0.042599804362834864	0.00657213553748826	0.03333748560871715	0.02438727552032037	-0.02505849170645363	0.005542659272886256	-0.016778973821175658	0.014547037390451772	-0.015230675371999078	-0.032916758860886734	0.0563504353835937	-0.056451989296845737	0.004550990536014347	-0.014781894227557634	0.01974457147386591	-0.018174450723396286	0.025405831519358126	0.012694139158729183	0.0016032724295939208	0.013616855687536024	0.022140279751350942	0.009762636301924072	-0.01634401798592284	0.016644549808435282	-0.00273809478496581	-0.002234365423575143	0.01313729236350225	-0.006351734425353465	-0.0033889359063911657	0.016950525200295385	0.005261160020066228	0.01825029645759792	0.0005217292088043389	0.015799799111732044	0.009879371362856664	-0.0002556627089616072	0.0	0.0	0.0	0.0	0.0	0.0	0.0	0.0	0.0	0.0	0.0	0.0	0.0	0.0	0.0	0.0	0.0	0.0	0.0	0.0	0.0	0.0	0.0	0.0	0.0	0.0	0.0	0.0	0.0	0.0
SRR21281219	-0.13358705417078234	-0.28555742611876744	-0.0436970236869826	-0.0818051477657628	0.032845465399389644	-0.004557419675488159	-0.07457222016014854	0.025064619529112837	0.02962603205403823	0.007556252741068183	0.01410602424555084	0.007650750566107828	-0.019428061256723715	-0.021109724595524296	-0.004964038272991779	-0.029212387335103084	0.013939712202216445	0.0013458799619956504	0.000577163143321331	-0.0017498120059964881	0.017581599301273464	-0.0024615127680271557	0.006501331753675518	0.02543693097640018	0.018540951175894344	-0.029600752171292613	-0.020990884748367286	-0.010130447832976251	0.012919765804269566	-0.007270942900913234	-0.03709101915988785	-0.0022797506446255557	-0.008385840846761361	0.004743526187970132	-0.006411086465335872	-0.006433353017657536	-0.012206759929868237	0.00729551791055848	0.0073452869683147525	0.00566703397379346	-0.003915257573491366	0.0	0.0	0.0	0.0	0.0	0.0	0.0	0.0	0.0	0.0	0.0	0.0	0.0	0.0	0.0	0.0	0.0	0.0	0.0	0.0	0.0	0.0	0.0	0.0	0.0	0.0	0.0	0.0	0.0	0.0
SRR21281221	-0.20882582435108796	-0.23807322162978878	-0.10654508591927883	-0.022563397483931092	-0.0361503421121029	0.03639071794092986	0.04937615471152045	-0.020110710883013343	-0.013922684246050358	0.0159689465598776	0.016947408651533248	0.018457372520458183	-0.003276324553977008	0.008126301549488013	-0.026026276560962087	-0.008355056429739967	0.03457983938964078	-0.0010797922165120628	0.010318528119741923	-0.00872741615333689	-0.0014028463994651239	0.00366518706006606	0.02261805369115142	-0.0014060070669776863	-0.0034758855480296357	-0.025496635807576117	-0.016043931241502017	0.012390741841509052	0.01025189589656931	-0.009831825003537149	-0.0027165795540181953	-0.006953528378187548	0.0020629011089324228	0.0028029599746098527	-0.007762959571358746	0.0029672429112711824	-0.01576655864388929	0.0005125127628893553	0.004003811639428303	-0.002244976306876011	0.004705407071236973	0.0	0.0	0.0	0.0	0.0	0.0	0.0	0.0	0.0	0.0	0.0	0.0	0.0	0.0	0.0	0.0	0.0	0.0	0.0	0.0	0.0	0.0	0.0	0.0	0.0	0.0	0.0	0.0	0.0	0.0

Biplot	0	0

Site constraints	0	0
