Eigvals	46
5.121753472518555	0.6256146384715147	0.5512575612145452	0.4128786036102915	0.3317427055573059	0.28370125688496534	0.2772431045553305	0.2545343183043935	0.2236671437932214	0.2183288705526928	0.205982044513566	0.19666101463292954	0.18847572243834113	0.17927495978700603	0.17481165905223495	0.16815875027897245	0.16072401705524733	0.15781376842416817	0.15413711232407135	0.1470155029364638	0.1426209141561138	0.1388575581598695	0.1361254478823119	0.1315866096480845	0.1180412711842963	0.1172411170472637	0.11249561934588168	0.10477470589615118	0.09985067941832085	0.09959012650734597	0.0873293619164616	0.0858837994261262	0.06553655007295264	0.05444455618872019	0.032191185975894494	0.028394934425808337	0.012702889795871364	0.00815645655748714	0.003571066534574091	0.0	0.0	0.0	0.0	0.0	0.0	0.0

Proportion explained	46
0.4410297100197066	0.053871129110300245	0.04746830624963094	0.03555261529095953	0.028566074102966597	0.024429266993726682	0.02387316114746045	0.021917727433423177	0.019259782044830368	0.018800108007040614	0.017736933620198802	0.016934307893013877	0.016229479544211927	0.015437209922909149	0.015052879001995286	0.014480002848778819	0.013839804476224	0.013589205513049197	0.01327261187331852	0.012659376320310594	0.012280962125669447	0.011956902833743318	0.01172164320832043	0.011330807819423173	0.010164430576383847	0.010095530003773306	0.009686899348984968	0.009022058247574545	0.00859805463605769	0.008575618652875637	0.007519854942038805	0.007395378820853206	0.005643294982753892	0.004688173094800571	0.002771954857319182	0.002445062958035114	0.0010938347253817656	0.0007023453373221402	0.0003075014146336549	0.0	0.0	0.0	0.0	0.0	0.0	0.0

Species	0	0

Site	46	46
ec1058	-0.3454069596144375	-0.029756312538517325	-0.030341842401602228	0.0002982970058329604	-0.00379527671039219	-0.0198377876297153	0.015334927894197898	0.0002569760461374415	5.256654370186677e-05	0.15841727977254788	0.10015109193034795	0.21205322152368017	0.025989618294199227	0.1179292797233437	0.11482591048459997	0.019929701134704086	0.06638097585070539	0.00168943735349111	-0.004334593164122956	-0.055380285284522775	0.09599162265114251	0.10716034808228991	-0.0345362037805228	-0.009734262726670181	0.06008807643849721	-0.06692394523547206	-0.002548648299981581	0.08305464608254906	-0.0109299185186642	0.07235156610767703	0.0034767376516434308	0.011281807413022007	0.0035470589809297954	-0.0016803154119108667	0.004993435004761859	0.0005935867090668569	-0.0031849832950546523	0.002258281161228633	-0.0009260520922846906	0.0	0.0	0.0	0.0	0.0	0.0	0.0
ec1059	-0.3526523976440478	-0.12175749102766648	0.17523445950114075	0.06292098860361435	-0.01909839465570065	-0.04386902182924181	-0.13017793926382254	-0.03230974551483818	0.13625183514829448	-0.08256490452224044	-0.035571319155693684	0.017970410234915038	0.003118265169720586	0.0665360111821523	0.008996846942435788	0.02392144149395116	0.005469094115663283	0.08224403543144375	-0.04780136021715351	0.06562068051645063	0.04419479050255296	0.0030369243050848488	-0.13912237144861603	0.0018554382510357031	-0.1461502308120462	0.0682738639264354	-0.12160193986040453	0.014662031212004645	0.03854196792972063	0.03352534700948028	0.03626802761589866	-0.00983471111510795	-0.005227376622428428	0.00224134129095938	-0.00023976222306171542	-0.004544228473999235	0.0009742251898456134	-0.000802912285736074	8.32585218692962e-05	0.0	0.0	0.0	0.0	0.0	0.0	0.0
ec1065	-0.29597041816033093	0.1255817223641687	-0.02615725754958037	0.14750138395050727	-0.007522662158806777	-0.1648764229811912	0.13422925204174252	0.008189959947963442	-0.21098041422823935	-0.03777265856875266	0.023965733283416363	0.04674137581910519	0.08906282875677304	-0.041572659614437804	0.10879140575747362	-0.06942033501933714	-0.17506944099459218	0.07496889521341307	-0.017726492915986616	0.024251299722647012	0.03422166365718688	-0.0690007665300707	-0.043927380227261	0.004662405418643189	0.026328041292595045	0.03349160162872597	-0.05377475904764957	-0.013352455214426968	0.0036694977181616077	-0.027129527635202672	-0.00856608345058343	-0.030753767350736514	0.0016958866131066585	-0.006990464447168242	0.001352375819607426	-0.00043459539088568994	0.0008206064756131096	0.00015382051199746725	0.0008492811272844908	0.0	0.0	0.0	0.0	0.0	0.0	0.0
ec1073	-0.3242438641624147	-0.01636305682337242	-0.019779905337076523	-0.04151167606006034	-0.06696921861508787	-0.054765110392574874	-0.18317934438570668	-0.13556323293597072	0.041594322838019185	-0.05463628077071571	0.19468520346154408	0.11407241231799065	0.019962819745238364	0.006304313851974541	-0.135244645970896	0.03164329990329784	-0.08892103676588681	0.08520910250342212	0.009010604533744863	-0.09784892773490156	-0.04534919544469799	-0.09875133248880773	0.05318996865959772	0.016965700942115473	-0.0034800886381189554	-0.04271083131873025	0.06560716017104343	-0.011080972436030498	0.019331543861125174	-0.04287090358736269	0.009334850104252852	0.011683936619295923	0.006236549544297135	0.005603023539724342	0.003570963753892465	0.0017491054758158604	-0.00024676894926461637	-0.001917497412180464	0.00025955436451321963	0.0	0.0	0.0	0.0	0.0	0.0	0.0
ec1075	-0.3248724297966031	-0.04990395269472248	0.07015590372398596	-0.016366960219558243	0.008694660717451537	-0.10169918869102686	0.03925659249795698	-0.10091867211937498	0.1655909532280774	0.09492048418668114	0.005972757353071378	0.0038943837049174347	-0.06151762029925979	-0.007082361384671408	0.1692846050961325	-0.10511556823090326	0.051775728099620576	-0.012395129605329716	0.10228615730740748	0.0960500799534043	-0.06115067611808855	-0.05429465063788986	-0.029516758220129034	-0.025021855474919814	0.00861075132711131	-0.0018545606366069437	0.10774917166452538	-0.07776636069727352	0.016734022868104836	-0.0785202176850455	0.0018316513004481842	-0.028464228587253025	-0.0049428549510189285	0.0008957152777694026	-0.0037353990187435496	-0.006354670026189984	-0.005148955105134792	-0.0019904222702071405	-0.0006334236895440771	0.0	0.0	0.0	0.0	0.0	0.0	0.0
ec1078	-0.3312065215787439	0.015129495912262115	-0.10300399602647071	-0.06396741421712786	0.009116721695481346	0.12034075483257432	0.021296868503319508	-0.0734553490584034	0.09954567377791179	-0.11233435446046312	0.06262561897812842	0.06359689041734373	0.10649146608070471	-0.16184033778736692	0.012561320652155513	0.06802543602474487	-0.05000622688218855	-0.05493316485888343	0.0371316750919963	0.1132112315893508	-0.08635705201077674	0.1048762912699725	-0.05870502185474282	0.04014149325128823	0.07965047958159592	0.029146611839804264	-0.04340233017573501	-0.013399176057052703	-0.05937358553353592	0.032772901281150034	-0.04865353237174493	0.03874493027356019	0.003708675540353392	-0.01499018014694612	-0.0057335741096254415	0.0032479604522432687	0.0025684232577869687	-0.0013294050242604913	0.0004467047411809908	0.0	0.0	0.0	0.0	0.0	0.0	0.0
ec1084	-0.35636445534682987	0.03396014948891665	-0.14900739617029043	-0.02480643707574642	0.0057148251054531946	0.14394987073647472	-0.07095749543135764	0.13572071441753394	-0.006551121245305507	-0.08953984826150772	-0.026255281890872558	0.008918439025794412	0.005422052500554581	0.027652949770061618	0.07687535852164186	-0.008402367400503227	0.018304866324420264	0.06320629756491845	-0.02827280178387894	0.061092923558758616	0.029445311397632613	-0.06443509302324871	0.049450835813428184	-0.018937031202250966	0.00587954090620073	0.1468124318286071	0.13768347130722963	0.13836281664924432	0.002680941035835044	-0.018329680315633683	0.006627441571230847	0.02991143757614199	-0.004366669402512986	0.008113237219343464	0.0028440001658033044	0.0029689813985964344	-0.00011386892706520305	0.0008009408022592733	0.0005999798088688826	0.0	0.0	0.0	0.0	0.0	0.0	0.0
ec1091	-0.32996684915585583	-0.11248679869825241	0.14652558392263498	0.014530198913184052	-0.018296267682199767	-0.0751074897974208	-0.10854595691486324	0.03564991659785399	-0.05782116536609503	0.010764649176123882	0.10463975037565898	-0.17621832348016364	0.08816742088121543	-0.11167509254640211	-0.0727103492948175	-0.11938852132533	0.0700649070741317	-0.04843393570612238	-0.005812030933681801	-0.027940880632764047	0.14375380358059334	0.08418712020487623	-0.07084366462738706	0.04114388597370221	0.02122711285788674	0.008448581239981294	0.0704571007434521	0.01634547653198162	-0.011181151122330832	-0.029527675340317104	-0.03363969368536154	0.002543020940653076	0.007851991047190273	-0.012104280863612508	-5.870740729723713e-05	0.004827616094000651	-0.0013973892079618625	0.001959448858091601	-0.0005483403377144584	0.0	0.0	0.0	0.0	0.0	0.0	0.0
ec1092	-0.3324664058005576	0.11706886017624428	-0.2168763341586956	-0.02861345131473854	0.029689790701113602	0.0039418467137316065	-0.02897527825909983	0.07204234298075686	0.05978386206117552	0.054478161874980585	-0.016393063879704465	-0.06041515718332078	-0.08398489226332137	-0.018612488286522528	0.03011379514154579	-0.03706043694779573	-0.027589608144421032	-0.027916866283387076	-0.016940206756497784	-0.07019632482712473	0.028398607323803463	-0.09592005784824502	-0.0680355326009973	0.0015409832997187835	-0.07673621922190281	-0.07694642647177609	-0.05105454177874524	-0.004451525825147765	-0.16819269342126172	-0.024289594658400162	-0.019811451424208253	0.10894145569350513	-0.017310459714015444	-0.00020195526375979303	0.008188834450366896	-0.0064598167270716236	0.003787504339580277	0.0035953251233116464	0.0019651566536804345	0.0	0.0	0.0	0.0	0.0	0.0	0.0
ec1094	-0.34814448797942166	-0.10407123815497359	0.09085439813515293	0.04526120702309785	0.05669127516563194	0.007185266475999978	0.21563901744181552	0.1292660337184576	0.07141015024669434	0.07616403584011133	0.11823230998532938	0.05667243641456333	0.0719573939196634	-0.03777362649731772	-0.10902559282115307	-0.02978164548656622	0.08660517504506379	-0.09548212543726985	-0.0851641587175021	0.05542823804601468	-0.02698316452247119	-0.13619558504780432	0.08788757700564885	0.025962079133340532	-0.03951078427884503	0.019310370060829352	-0.056762422149081664	0.012542080650224462	0.023124545377420244	0.01507327918055785	0.011053433169054824	0.002225756483066222	0.010549119148006764	-0.00056368775570738	0.002064197422376446	0.002235904810759561	0.00011805366561805522	0.002639274780897643	-0.0006403710831016556	0.0	0.0	0.0	0.0	0.0	0.0	0.0
ec1098	-0.34932882613213984	-0.10095216343004883	0.09959426822851618	0.006735638666009749	-0.003303745265691068	-0.005861170694436841	-0.03041716364469939	-0.0342872862728791	0.06397675449956598	-0.05223113847982517	-0.18219404833894975	0.0681563046383017	-0.0571684886183414	-0.05154139082633201	0.021183895002962423	-0.12478050533822244	-0.1195645970464675	-0.04224791078106027	-0.09779912525561743	0.0026358377115443914	0.04566500230647674	0.08128946866727758	0.16887143052086076	0.09886092411994561	-0.010367248586612528	-0.07315081270928374	0.013407407480152685	0.009798230124201763	0.00245937718193924	0.01636747789391497	0.021580440993543927	0.011840780497429728	-0.006116181454549704	0.0038707498081115093	0.0017774399883436329	-0.002120817579852545	0.0026246483900847282	0.0005686418814909943	0.0006444508944539671	0.0	0.0	0.0	0.0	0.0	0.0	0.0
ec1100	-0.3316549796973025	0.019810117546902897	-0.09682646648877485	-0.037981873594399335	0.015422116321413633	0.1373207898390758	-0.029301468085142474	0.1275091221231345	-0.1278540985168066	-0.06958360483081276	-0.057150270292866165	0.0667048094890496	0.024607369205052854	-0.07678816262573154	-0.0009340582591222911	0.00166234298519466	0.09279466396322027	0.04734260831470191	0.01482674971433556	0.037243606735524536	-0.035993768487181124	-0.012245206954204758	-0.07415858676588538	0.013313440315627777	-0.08246598487289913	-0.1849899398555786	0.044645488878481375	-0.0475085042518104	0.07939658833954126	0.0012783158988856772	0.001034484130218911	-0.061613824320437154	-0.014159589893668353	0.0028333835961034423	-0.0038126740246450298	-0.0015319155606249647	-0.0033736586737329525	-0.0008779268790998375	-0.0003477953746344359	0.0	0.0	0.0	0.0	0.0	0.0	0.0
ec1108	-0.35953062728374485	-0.08867638997774832	0.0470019412102752	-0.029658053557341073	0.006106416127837639	0.13441146863649622	0.0533958264579879	-0.10567577816633181	-0.09619999345225122	-0.02246925228072628	-0.05394655451367839	0.03648559183813239	-0.04733698985419647	0.0635092275782029	0.006952885743727868	0.14010014741786547	0.07288460666000164	-0.03006133177742224	-0.05027383623963143	-0.032466659881691624	0.11932833533387847	-0.04260040041782584	-0.008815258286268154	0.10783232213949424	0.051552862473640625	0.06907001052644536	0.0006528841769900107	-0.13076014136989436	-0.04596365300635312	-0.09018247082917608	0.015975891991110363	-0.015809637005516443	-0.0025497872230008634	0.0017562136846606454	-0.0011019431403111004	-0.002856959087081268	-0.0012420531633286608	-0.0018523793381391275	-0.0001838502164628219	0.0	0.0	0.0	0.0	0.0	0.0	0.0
ec1113	-0.3170006540438466	0.11102926857446328	-0.23063237757162924	-0.0012589559657418857	-0.0020339284905569605	-0.07075426376163714	-0.03293754981149257	0.009093628984884666	0.004349734555795032	0.07247680320814193	-0.10639946379409698	0.06600416063173009	0.10825559614001892	-0.004705535784284166	-0.0621466962906491	0.0034992313429289003	-0.01242835860014265	-0.13920090811413213	-0.03180732785131735	-0.09660956514526681	-0.04271111833402649	0.10092613582435635	-0.009796353084082835	-0.11506572153114936	-0.07745220361695228	0.09675883043128448	0.01909681339478598	-0.051765610104458584	0.04383812869190982	-0.0678225362730583	0.044139086966945386	-0.015809233608799867	0.005966699283231592	-0.000640295721380355	0.0020483830098101596	-0.003983055746487074	-0.004166671578003941	0.001333945369644463	-0.0011491963955550539	0.0	0.0	0.0	0.0	0.0	0.0	0.0
ec1116	-0.27333115614247955	0.12460117642020137	-0.05454110430074615	0.018605158907366522	0.050882782115921434	-0.021899488552539998	0.10964720491322458	-0.05854917512725861	-0.05755676538896849	0.09497251762663741	0.0974500962346596	-0.0644253424038211	-0.2454881525256339	-0.01716517749030008	-0.08694791772371101	0.08106464410762733	-0.07442548927870808	0.005017273491627006	-0.08992630388367659	0.08879660017524688	-0.028297375535773817	0.10098295523714455	-0.045058992560329976	0.020191623136069457	-0.05125406051911472	0.007286186985224551	0.056705237949838096	0.049749811574336826	0.04151528163332124	-0.005100347388708624	0.00020334924172055863	-0.013471682245600513	-0.010115049919576362	-0.002028351203126016	-0.008387646817712919	-0.00431832459494005	0.001778614645286045	-0.0032064510746960114	-0.0006234005617351797	0.0	0.0	0.0	0.0	0.0	0.0	0.0
ec1122	-0.33153113873496837	-0.14390215168460133	0.20754904678242286	0.028498702166291263	0.02188108598899332	-0.031583972452651966	0.05227687116907896	0.07694312950812343	0.005634956848158207	-0.026502841369912725	-0.13984308846639162	0.07991148362587036	-0.0952696093666829	-0.033574199530156806	-0.14749687280000404	0.013886596127962243	-0.013911449971195594	0.05839618373420398	0.025942735399270774	-0.016303603104396828	0.0006114197117382803	-0.018832551697085326	-0.05604666823898753	-0.18595717896613642	0.11799629357792067	-0.0033169970667278506	0.019208233010065624	0.0032287173942673573	-0.04681785975569365	0.006600515247909358	-0.05237236774615196	0.005531694046599031	-0.0005732281757215897	-0.002941517228612698	0.0019032383425744296	-0.001383373652882673	0.00022200544094698552	0.0003722018146895873	0.0010035697486129114	0.0	0.0	0.0	0.0	0.0	0.0	0.0
ec1124	-0.2930524166090209	0.13070607315238558	-0.22417014163517868	-0.06121118442703039	0.046524878252197956	0.03186420147408475	-0.040478444872849066	0.12541618658406167	0.14345627218635343	0.00595592025020022	0.041106780768274676	-0.08234572053006839	-0.08173990709502083	-0.00459662537153447	-0.012671670068723136	-0.019199586409441374	-0.037517581597796605	0.04653239231762896	0.07164245200156222	-0.03741186301508812	0.10975178802918593	-0.004327939920911559	0.05622788799381167	-0.0022792587878357915	0.09711764691332828	0.020401979780390992	-0.10109643582890286	-0.06285213275808542	0.09077759932872463	0.035148266923468785	-0.011560592305376623	-0.090246302482622	0.0075975795810906575	-0.006667683871023292	-0.007891218527516827	-0.0016633530208996503	-0.003362784177945006	-0.0028056635096796114	-0.0012474123719851996	0.0	0.0	0.0	0.0	0.0	0.0	0.0
ec1129	-0.26536434900310574	0.22873050322967844	-0.14727775042192867	0.10625750741911259	-0.041614871932598815	-0.2193062786517178	0.015300270881833816	-0.05383227607838334	0.04201156012022741	-0.07673612126452943	-0.09576668746082487	-0.08333539009811507	0.07338960137144185	0.11863849727436569	-0.07341341177758011	0.033054898318310495	0.14310647264259455	0.05971709415797022	-0.07111299935184666	0.06236966812933815	-0.051383868602729824	0.005883106596156438	0.02762453191270376	0.055146184807963725	0.07465660580130423	-0.045411534710932525	0.028077593344109125	-0.0036070363746253786	-0.03622970390039421	0.04670709813819322	-0.01024444687619281	-0.0027405033617600746	0.004506857008218417	0.002124333289828637	-0.0009689230237865329	0.005580769043099733	0.0030567863130367763	0.0012692651322629787	8.258361318023905e-05	0.0	0.0	0.0	0.0	0.0	0.0	0.0
ec1132	-0.3615074051481165	-0.05229803532465938	0.0004877561978245943	-0.015612461718425808	-0.03482752132244106	0.1132184768634876	-0.08369678515078544	-0.013235911308097823	-0.17145170976523155	0.019158414610997074	0.05608367833950357	-0.02033823987409423	-0.03619177211674934	0.17104459627912244	-0.06170767121645075	-0.1626232160504412	0.01972665793004615	0.0011355600020631137	0.09448512526245172	0.0958660782639328	-0.0887740740564677	0.06272198439601014	0.07109789172717222	-0.03182376594722488	-0.006164690768492244	0.028485319503322688	-0.08490006467136361	-0.04630433476107425	-0.041163663840365496	0.0002268569780216335	0.003917816923772998	0.031733527666203826	0.006866916103186726	0.0008085608542168905	-0.002494815195986948	0.0016984035861567267	0.00172268481697081	0.000354164365270819	0.0002073710660057076	0.0	0.0	0.0	0.0	0.0	0.0	0.0
ec1133	-0.36437759308041767	-0.07058694309419275	0.022356318728222996	0.012767680997422561	0.041134778754942654	0.05793217071278099	0.22126703847641965	-0.04750876378718095	0.03301021582012275	-0.008277294401251752	-0.07983565535832164	-0.07519499205653826	0.0528195799136335	0.058147421964151236	-0.0560156481240736	-0.00019861690619853273	-0.039913997528790865	0.04917526754518967	0.20056926894312324	-0.1387376995542458	-0.04188584998506461	0.02169610957944829	-0.032708016367891946	0.10757869798999624	-0.05010250525376442	0.010932785598452323	0.026249292439132134	0.07723425130653244	0.0177173346939763	0.016663479473753896	0.0137674388724011	0.003911569966451578	0.005888350409617316	0.0033619411789871556	0.00223284052943699	0.003950896731701182	-0.0008823970395857763	0.0007203819368682661	-0.0004121680744556868	0.0	0.0	0.0	0.0	0.0	0.0	0.0
ec1138	-0.3269567855988193	-0.12684205611001434	0.1713074458856345	0.059032726018421314	0.0011415005964591088	-0.11788416433620226	-0.14749353760180434	0.22997781014499358	-0.04750496210505949	0.051471629011990386	0.005563964231093857	-0.07085024536346907	-0.014482879806628093	0.012703896378377698	0.1006527746344187	0.18119461072693974	-0.04897581822929409	-0.05688257464291031	0.0375452785026474	-0.033783019906425044	-0.13295385863124046	0.015517652572716738	0.045811182151712794	0.061223325697543574	0.022434028246119647	0.002077132855164937	-0.0028863706530432584	-0.018082851417937626	-0.008154018281586512	0.010095296082905922	0.0019621619832944502	0.0017508745092553268	0.001057127460449973	-0.001907564642936914	-0.0015456923142598948	0.001043397683510513	-0.0005313489053132585	0.00030464678197637536	-0.00033971568289568573	0.0	0.0	0.0	0.0	0.0	0.0	0.0
ec1140	-0.28331120913949587	0.005557145659120899	-0.019555689785198924	-0.08683776564062516	-0.0801543899899485	0.012637954414165403	-0.11008794788892304	-0.20791128260167036	-0.10606956956108392	0.09306542710176359	-0.10205658633391378	-0.05131800013201667	-0.028068142531190998	-0.07336425229450139	0.02628606805857183	0.017303003652150574	0.0334962316787235	-0.11891762970927293	0.013391379634269786	-0.009375754139281116	-0.01886976562570417	-0.1389143857421042	-0.0063513881520552195	-0.015808514318716483	0.025297238119543125	0.009522266140203097	-0.05457775333588839	0.09223918772556183	0.06287832706964208	0.09034465108682971	-0.04871157652431115	-0.022077506947079384	0.013706784979843137	0.0008572465414097661	-0.00176067831908077	0.005470987365191306	-0.0008730892537163222	-0.0019189922016694075	-2.7171395970273048e-05	0.0	0.0	0.0	0.0	0.0	0.0	0.0
ec1149	-0.3626872554332429	-0.09094298785284055	0.06040419284776858	-0.003674709315532687	-0.009265345352672842	0.11579751380886986	0.10485244137321659	-0.09773071662233586	0.020065221046997653	-0.08536793939208721	0.07881126682621561	-0.18592242379064924	0.06838927053311475	0.03978640215154176	0.11853525100784143	0.051387451903998634	-0.022157828435581308	0.020478020049985873	-0.10816074285856749	-0.0649543327742426	-0.012547146328171941	0.02509240565473821	0.06599711647396275	-0.17443863317621214	-0.012341407862334664	-0.07077928276812456	0.0019025749250988655	-0.0189737149072916	0.005646681870899549	0.020498918604566877	0.018875490408521618	-0.0005319670699936973	-0.0021388568143646896	0.009578362807238745	0.0012582983193910615	0.0006416414644905479	-0.00045223321319496024	-2.4264667589934658e-06	-0.00013833499373710182	0.0	0.0	0.0	0.0	0.0	0.0	0.0
ec1249	0.2145923312861849	0.20830245369469047	0.1685905293455343	-0.12229980773893265	-0.07985756849447546	0.051430358974130445	0.010200809464044043	0.016805492034647016	0.025910182064415692	0.12334918423862579	-0.04241967194769779	-0.0027171349010038878	0.05914836491147609	-0.01965403781315584	0.012399146216234022	0.013626731250655099	0.022261091801772947	0.12383768037244568	-0.045064068423656754	-0.014267992377923743	-0.026466609797759215	0.04210414349599102	0.043429704532917376	0.0179043669293786	-0.021980382485537475	0.009042538374493354	-0.05666348361030936	0.014024011079618223	0.03589250548927	-0.09905214419169393	-0.13913505866712106	0.0358181759950789	-0.006871296197005991	0.04952274066995122	0.017042667583531623	0.003240290453431832	-0.017369146770105794	-0.007959989001840735	-0.002208530752440402	0.0	0.0	0.0	0.0	0.0	0.0	0.0
ec1265	0.2036611228026102	0.17929498177838255	0.14877077764264363	-0.1847344585686123	-0.14581212157398388	0.05709717341863062	-0.00226515664830899	0.025447421568132924	0.011425156513100816	0.1584390589564474	-0.04267959491123908	-0.03792196124673697	0.10064766547412153	-0.014762164102216282	-0.05151368739479365	0.034763253214902534	-0.07486341723654963	0.055349397762656675	0.016653728934905986	0.07687221444138397	0.04114899896930494	-0.02487776306168504	0.0007379830553840879	-0.010825452848040963	0.008606875914321431	-0.008820138541450482	0.037756188630546396	-0.02469341574180957	-0.05162654540604752	0.05197238548954531	0.13213768189119784	-0.012702537249704531	-0.05597430060572674	-0.05451221255215765	-0.013018638369520344	0.006281154045856017	0.0013486840959635374	0.0006997959157484056	-0.0026613829457267494	0.0	0.0	0.0	0.0	0.0	0.0	0.0
ec1314	0.4042655610665803	-0.08246280775686599	-0.03351048937242893	-0.05305294565742059	-0.06905000039773228	0.002455154584738487	0.02647708908332291	0.03414166486115885	0.00623470113373159	-0.05609520215594977	0.018836586042240394	0.004473745941357423	-0.032629486993743476	0.05498059881877631	0.011812148274398838	-0.05341316053980415	-0.008724386733887085	-0.039415936710422976	-0.0499503605121405	-0.0512012687452069	-0.04536823250537065	-0.0125696247694932	-0.05244179509831681	0.022398754350667665	0.01821643297522926	0.016364628377471192	0.01689812167117625	-0.010450675057624181	0.02162545092193695	0.02333693086248512	-0.022465968761186835	-0.013571090311674439	-0.043581965959237995	-0.07762565022601521	0.020426689013662565	-0.01657376993466895	0.026965720705889405	-0.015080696890611336	0.005496411321049001	0.0	0.0	0.0	0.0	0.0	0.0	0.0
ec1346	0.30652427038651386	0.13083729095698868	0.06213015309324287	0.14203789939477382	-0.1963897507246847	0.033801356230493095	0.04211800942512999	0.020929199229088456	-0.001656839855257476	-0.05645474150047413	0.031299005468831305	0.024447431429507685	-0.06892669140007067	-0.028344956536008416	0.022581592686800316	-0.03273324630209464	0.037006763926781386	-0.011667246998548302	-0.0007508647998500985	-0.06667460998070475	-0.012554362396852571	0.005186398211493689	-0.0064515181719536985	0.015152766277089983	-0.009513036733325804	0.05160794814543052	0.03296236627983171	-0.0792554395034245	0.06086212560888575	0.09212295706131028	-0.029607895981054178	0.0913885399559546	-0.04126685457513918	-0.021550668289558927	0.009564867252828107	-0.021444893734091364	-0.03597347250290073	0.018449799704961543	-0.0025928779853013327	0.0	0.0	0.0	0.0	0.0	0.0	0.0
ec1349	0.32760698049681514	0.08771247887221248	0.0786584209655776	-0.16731682729978928	0.07334093126160442	-0.01227767544083922	0.011421371878357333	0.02988737595777232	-0.0012498291061260717	-0.057556891818270374	0.010809006064690721	0.0010844969148557323	-0.004416281405314443	0.059665779551729435	0.003948719401303651	-0.026631520965421325	-0.02407652576102332	-0.048507051670587956	-0.02712790995603084	-0.004092728262704533	-0.013391141713618401	-0.007663532150896026	-0.040037310698758766	0.012903014355291665	0.001746580733535568	0.0013792144108709346	0.0277428719023446	-0.017627538331692984	0.0021083346437812795	0.034817445376549926	-0.004277458321957293	-0.007215950202299045	0.08017511896407596	-0.018374367475333338	0.082585028645881	-0.016483105974049103	-0.01417845972047341	-0.015589617923151939	0.006675740550906466	0.0	0.0	0.0	0.0	0.0	0.0	0.0
ec1361	0.4099735266756405	-0.09081829770472798	-0.0626631346800314	0.03554017691423589	-0.03571685232007138	0.022954013543896413	0.002443880718339125	0.003014939916395378	0.013788624346731584	0.018521938216212466	-0.010960862490449549	-0.013959419014544526	-0.00867421294086173	0.01743635247664817	-0.011546650236594755	0.0017420424057420542	-0.036029463681301145	-0.014489315902459925	-0.010173185302085294	0.025467148701607954	0.001464307042539162	-0.009145557274846543	-0.03243716211107895	0.0030587189496631153	0.022332546292243693	-0.017077644796336167	0.006957417183531496	-0.0036571325510593874	0.00913479734080064	-0.0031588687794965	0.039227639065784733	0.000632617102596981	0.037701721201185964	0.004137184393433555	0.016463160542678195	0.05948647203968066	-0.032850204819056025	0.01789073987224857	0.030141223858107868	0.0	0.0	0.0	0.0	0.0	0.0	0.0
ec1362	0.413291113430332	-0.09045332865664571	-0.05691829339975816	0.013027222865650827	-0.006889269115664311	0.01404111718795658	0.0010836475725846573	0.005803416241622143	0.009589895639028753	0.0027647834355995216	-0.014119247251119516	-0.0062179462174471	0.0004986293605642821	0.03241802664013696	-0.004153386049307232	-0.008356232929305575	-0.03687068496571297	-0.017947333509476672	-0.018278066493229838	0.01590298188608659	-0.0031833663670783044	-0.013660634307045567	-0.032409764140351176	0.003996327382782372	0.013560465733572105	-0.012508925926648252	0.011211892305938375	-0.006577245995073559	0.0029265120270334883	-0.00032375831222442595	-0.002675599482631866	-0.0035825722834703314	0.02736348005691185	-0.008440309578704494	0.05165506752091614	0.04972962143610585	0.01354036371244684	-0.006561659134562037	-0.04222059280808175	0.0	0.0	0.0	0.0	0.0	0.0	0.0
ec1377	0.17645263821333257	0.30857993401193995	0.18276186321177854	0.15687921820962863	0.11702860855650828	0.043966706726948745	-0.03207503141224704	-0.010302308899617713	-0.005936387274667096	-0.0523530810986624	0.029790578461073552	0.03305600036650836	-0.036846034801201716	-0.04155763177902753	0.013826206581564693	-0.02206687959042249	0.03153900086418203	-0.0560799784801125	0.04655137219034458	-0.04307019278347208	0.01422549979755179	-0.008038832956060882	-0.0031482329100368626	-0.017651515796359738	0.0011918935963328007	0.018171351492504303	0.01930553209935657	-0.02990075844684217	-0.006812752867370424	0.06130496656400339	0.06172711824343158	0.027361565169035543	-0.014345432978327643	0.09207541966697763	-0.019895816294054857	0.047864979721560716	0.01667866520146106	-0.025760487554940526	-0.0009928495049815406	0.0	0.0	0.0	0.0	0.0	0.0	0.0
ec1378	0.41813216095313477	-0.14800343486391382	-0.09699227693607945	0.043292700469376506	-0.010745865595583222	-0.024926079206086582	0.005606582641284185	-0.0019387135101222625	-0.005566291339622905	-0.0005867908867422975	-0.003021672513895474	0.0007193498059866669	0.011191080849024886	0.010546816286734388	-0.007967194722596257	0.015627892191427264	-0.015438581304848108	-0.001231332752383076	0.012200866407110586	0.01720860465408355	0.024830436091433768	-0.005325710478652069	0.016551896758085795	-0.006416075803245393	-0.02732223669212418	-0.0019448544672062544	0.014977477141630951	-0.005759527232374807	-0.019014271043409706	0.01909624641196656	-0.029607891773957368	0.0026005020250604444	-0.00303276509397251	0.003019371090205192	-0.06552715171812071	-0.02454507307359721	-0.020333484404546767	-0.020855043295349374	-0.010058654353341875	0.0	0.0	0.0	0.0	0.0	0.0	0.0
ec1393	0.25648939140560506	0.18905697243565142	0.09022906699736334	0.14621911150495795	-0.24338589176704772	0.02633416273612447	0.023734157890547922	0.02009306643019122	0.03638994474695457	-0.09750071356049032	0.019728510096026743	0.019160105959877296	-0.04119455220855141	0.015892756042894605	0.004161287848786583	0.054518834148019786	0.01774183090665013	-0.1027066485955546	0.09106229993284248	0.032131740967959156	0.05843869364622656	0.010535618541445383	0.04140990915276547	-0.035398732142911615	-0.027005828705575358	-0.06015346168014767	-0.036622497597917324	0.08477483442128773	-0.02036978341910329	-0.11264538053638097	0.0023626197340856237	-0.041985040520835765	0.06249402266345762	-0.04878142149829456	-0.007121026925398476	-0.011237166759823407	0.014465033493214754	-0.001743165268847935	0.0012550147779730669	0.0	0.0	0.0	0.0	0.0	0.0	0.0
ec1396	0.3772813370903363	-0.013180249052628858	-0.01642818928021809	0.22103992013253126	0.14359216475177927	0.07973412102293342	-0.0675165190141791	-0.051593608789262356	0.016631520449374583	0.0651915361608217	-0.01523227264948147	-0.008645419349310193	0.03979988032015174	-0.00502884725827573	-0.013200115040274286	0.005181865570950229	-0.003250890160728633	0.01458970532524173	-0.003537536020623187	0.001360249190975915	-0.011856574158505797	-0.009095917373205378	0.007680308374713313	0.0003102744016121075	0.018436066590649385	-0.012733421406572017	-0.0077776777156161395	0.019077433727427047	-0.007090245880987956	-0.02221029653200516	-0.0065326835788188835	-0.02303333547172513	-0.022151792091770876	-0.03429717139712072	-0.016261582194154068	-0.0004421131552376995	-0.0074079718535790245	0.010874047601178279	0.00749833690490536	0.0	0.0	0.0	0.0	0.0	0.0	0.0
ec1400	0.33838194862231225	0.035384678034713526	0.06625909356169966	-0.1910496746711009	0.014324551087719673	-0.020229211184020292	0.029778556676733937	0.03288819355131899	0.008734591399159908	-0.03857509322169581	0.004194459301597691	0.0202350722283752	0.008150719059760926	0.0773058183264869	0.019285897789904288	-0.04537485256637393	-0.009593857813021925	-0.03128386406425742	-0.05641916485941141	-0.05253261878034958	-0.03316436006041453	-0.0051343941359316145	-0.04109852136826914	0.017408638047988378	0.007132835611684674	0.01298532081993519	0.009722494363067222	-0.006102552939354745	0.027077372707344595	-0.003918794619334095	-0.061004967370959604	-0.003487409102254905	-0.019624386175717733	-0.019449943909299727	-0.08604075858206196	0.019277950553465928	0.04376337120277802	0.0029080128619826907	0.010463919899659582	0.0	0.0	0.0	0.0	0.0	0.0	0.0
ec1409	0.3586551606362463	-0.03238672947670298	9.738425026044549e-05	-0.07743833875608729	-0.07828224205638225	0.005150064806894193	0.007682189037480755	0.020140549206398226	0.007885427195546005	-0.04479970108096752	0.030104226698816794	-0.006742856736688301	-0.014656689813446921	0.002942471045242531	-0.009463263921593874	-0.05160755648944304	-0.00019474898187359945	-0.04368750594504398	-0.039709752363832895	-0.030334677234972143	-0.06209844082093551	0.0043394925096688465	-0.05359778710047975	0.026302719461845512	0.05925390707224797	0.0032789527761418386	-0.02916645972075324	0.06037113830559651	-0.06348982205175532	-0.02500894678523407	0.05812429397935197	-0.11102793224040293	-0.056256208721358385	0.12380620140717517	0.008475931060011599	-0.057415044261074674	-0.015780177344537964	0.007894201120883364	-0.0020506891944740333	0.0	0.0	0.0	0.0	0.0	0.0	0.0
ec1411	0.2987403603925791	0.15502453935365634	0.11482642808923597	0.011726474962341736	0.2518779928602534	0.04374537655915854	-0.06426022984962505	-0.036095516632415704	0.006523308932160903	-0.004557606314948917	0.0035369119976603057	0.002626070438482521	0.010098106881436607	0.02332545589702028	0.007473484415511964	-0.007824105084999498	-0.005537493901044762	-0.0064687415925228225	-0.014181784928242956	-0.007278715800343476	-0.02202577717905105	-0.0015937620534304633	0.0003285707326528349	0.0035436457454266577	0.0018299112005065587	-0.005554407092535923	-0.0070263340092483455	0.017453124288815767	-0.010425578494831078	-0.029867072061969504	-0.02200623668793486	-0.043837962995653505	0.0013669041851097662	-0.027192031073836356	0.02747651358879509	0.017854188666653833	0.005330975556783675	0.03653752670599155	-0.0016388285249971173	0.0	0.0	0.0	0.0	0.0	0.0	0.0
ec1420	0.41432035145534585	-0.12921332399949145	-0.08834098930971301	0.05233873554226174	0.011533965822926083	-0.0021562883783864018	-0.0033083464191864297	-0.0018864542616560658	-0.0003102505991086946	0.03811336991359447	-0.01955323808112697	-0.013167980653237356	0.02745157422440772	0.007231521753728616	-0.01170786151253593	0.01397690392702685	-0.024492351017672206	0.013429900591188862	0.0008179009400483148	0.03146733421634726	0.020073575132166458	-0.004919864379582456	0.0029276377177162418	-0.002125233129469392	-0.003120136013257003	-0.010537932425261614	0.008495029273189176	-0.009036088381931897	-0.0045688786506229455	0.008030472258119523	-0.005897644943615416	0.012822370622903844	0.041639725772360345	0.010088456348269926	0.010419936428166429	-0.010204357472873257	-0.016783584831344244	-0.03716261697446569	0.011297992010809726	0.0	0.0	0.0	0.0	0.0	0.0	0.0
ec1424	0.3489989728359845	0.016941061192926345	0.024545234921477598	-0.1377846637506971	0.13158119535376764	-0.07271908454166015	0.0028508275874450555	0.002631437838523936	-0.020674185400725485	-0.048611416512362456	0.006753197495758346	0.008013022535655077	0.03139976100137846	0.050858460120907785	-0.010664631625201502	0.03805806874275882	-0.03490183145591782	-0.04252008527810836	0.03973548303128796	0.048426764817956436	0.06375124354375611	-0.008111379650966337	0.030898359433354585	-0.018846872818841353	-0.06131397615581425	-0.013357078668894578	0.02824549535110655	-0.006931941341231661	-0.025567282128023346	0.0267344278226315	-0.043825434626892604	0.0011567111622998157	0.038862797782027815	0.024160722352496045	-0.04671577496086459	5.499973395833374e-05	-0.027606593907420533	-0.008312948101263564	-0.002348071661451855	0.0	0.0	0.0	0.0	0.0	0.0	0.0
ec1425	0.36174313189281265	-0.090678846775225	-0.07295068719643694	0.061910632258485004	-0.04769757378191662	0.014837051149132625	-0.0007470505537248243	0.0017861677504321547	0.0016496664518043398	0.07485734036181764	-0.016511832241793905	-0.018316063013322954	0.04124845447101552	-0.003083677700869981	-0.017685880336511514	0.04375492053168444	-0.04036287661567445	0.01772060842530393	0.03764688260164354	0.060565046848133304	0.05660849439835815	-0.0038103248332331356	0.0052739613589333776	-0.008303457567714037	-0.011049009363712838	-0.007374289635495095	0.03790185870023484	-0.05359112083178841	0.043762671275882285	0.036461388608794165	-0.01866220757623032	0.0531919911090522	0.05486854840910342	0.08761753540141778	0.023150614059815725	-0.04977195201537551	0.060744647229758864	0.02466133114690314	0.006422343952748662	0.0	0.0	0.0	0.0	0.0	0.0	0.0
ec1427	0.37455818012141406	-0.0027965462035869962	-0.0004145003541644806	0.19398435207298614	0.13630413126663998	0.08415055005182794	-0.059646588067973225	-0.03935050225274956	0.006525945752996555	0.06891358830762417	-0.011883729271141362	-0.00820445929410931	0.030091160539629156	-0.02398509182742578	-0.0038681504983416265	-0.016401909170020438	0.020720708474414436	0.04335485260334438	-0.020647373507775468	-0.024699715010590484	-0.031477316576393334	-0.00382581635775282	0.013307929303100607	0.00532959015303329	0.01946697887075105	0.003625106395988847	-0.00348719026107693	0.01321967909075075	-0.007480193918973381	-0.006626786192274158	0.00685267972812758	-0.0071535733189419404	-0.025497926755744495	-0.05542071290657183	-0.003894660468459082	-0.06811469510663212	0.004365810029488985	-0.016494917070744936	-0.0029845280056885713	0.0	0.0	0.0	0.0	0.0	0.0	0.0
ec1438	0.4193892541914134	-0.11960768992972157	-0.07670736416404114	0.013769690546939982	-0.03399610912319193	-0.007751204616048176	0.007753860595127919	0.002047008539310961	0.004159449883452579	-0.017961757421296954	-0.0019368662826264433	0.002628036549539487	-0.015526884670481914	0.01570055135599962	-0.001229020658910672	2.8442847554372188e-05	-0.020859032650225748	-0.007202660454672343	-0.0031660332051033245	0.006601303744913615	0.0051439772004743915	-0.009873339299871081	-0.006783941189186002	-0.0016233608550602157	-0.00880462463941163	-0.002472961366702675	0.007003977487272861	-0.004961735772644518	-0.009156048615239656	0.006298156913250839	-0.015575817891794201	-0.004962681742270283	0.009414247436489784	0.004273936829632234	-0.042258678361009216	0.017921634238660222	-0.021128648162446848	0.039233923507645846	-0.015391938760410059	0.0	0.0	0.0	0.0	0.0	0.0	0.0
eti111	0.1845430202806874	0.02749183373704743	0.028388520290321868	-0.2047279107780271	0.1411025681641542	-0.148464398334093	0.027648785863143722	-0.036107629281182406	-0.07090153800333195	-0.09352414407136336	0.00918063147911047	0.01616503099548486	-0.03603087971822503	-0.0742060722360113	0.02157137615538075	0.0400381953227536	0.08310325413203974	0.02572945250297097	0.07117143190726057	0.0054546617928994175	0.03179151978772532	0.015696827153942182	0.06605643103025974	-0.031288939372463326	-0.012235646643287622	0.0067266217876405625	-0.04231885415268021	0.021170202020311484	0.02243195078147731	-0.008370973906263842	0.07021765651902216	0.06863106067751634	-0.008111525614169505	-0.03188351622432173	0.011429025254096677	-0.050425841249455206	-0.0027733924113511827	0.014288737995891275	-0.0023376726710519703	0.0	0.0	0.0	0.0	0.0	0.0	0.0
eti114	0.331446947736619	-0.10522559817393558	-0.0666460562444873	-0.030585683089213857	-0.011455103140844686	-0.015624608249646229	0.006702396340329492	0.01010670858756673	-0.010999376242166964	0.011758193435128766	-0.014062194168849664	-0.021776619835196392	-0.034297565147159516	-0.06235466922763797	0.020395821584605237	-0.02976817430376101	0.05652234785700944	0.0642199063586228	-0.04434930004910504	-0.028332584001526846	-0.05295395684130726	0.01437384779977371	-0.038623169696338985	0.016948182877608624	0.08626132182179526	-0.0166989272871826	-0.06748693502741793	0.03444272837138603	0.07086344481675391	-0.08649621875607821	0.11214422596707539	0.09941496863664623	0.04958320730812493	0.0062424526136934675	-0.027927975604283506	0.029058873000575806	0.004953213015472092	-0.008453294314808771	-0.002083275362724255	0.0	0.0	0.0	0.0	0.0	0.0	0.0
eti123	0.3444264880477079	-0.14868440816657277	-0.1058850610912048	0.0030763931909548728	0.0025149644608171823	-0.08460326285846986	0.017067524136538427	-0.01763269038003696	-0.013108661537467765	-0.033034915181792815	0.013778907466388712	0.0009441611471085818	0.006227232166273446	0.0011801051348676512	-0.009133843463475457	0.0496373531500798	0.01665738165842519	-0.027979086368153078	0.06694447277521377	0.044958285826119763	0.053664763849829114	0.014408081255200225	0.053346586620864334	-0.024908198681707645	-0.023972520491779625	-0.011470990644391298	-0.02393322067783085	0.01823486000966747	0.02073591793997739	-0.034637864448720836	-0.03093305690875863	0.010982717459229237	-0.16902155235806757	0.014497209698292629	0.04782289439975383	0.04569543985251951	0.009542515151886907	-0.008798456656923115	0.006893190098790051	0.0	0.0	0.0	0.0	0.0	0.0	0.0
eti135	0.27745493526573567	-0.08874989842092512	-0.061101483656980135	-0.016760764319775627	-0.07004193486139193	-0.04210134892100085	0.021001832714586957	-0.019902849166690707	-0.029789334442037192	0.025873977741793164	0.02049292895529497	0.033299251179719526	-0.05913817819449058	-0.13846825108427963	0.03793242180932038	-0.0074788713868472285	0.09951581674907956	0.12431469361625873	-0.001128484760897682	-0.06548856251293246	-0.03470680185387191	0.0431495120332642	0.07654369837027908	-0.0052214422619441085	-0.08653167159369943	0.07358970978670938	-0.003535233300486484	-0.021535272263800784	-0.1121252712969177	0.058260711558612774	-0.00707455109529276	-0.10018856206641721	0.05058669181872656	-0.01324103787250208	0.007646695443447952	0.03183426804068878	0.01778878628714658	-0.00029148630348408875	0.004501040886159877	0.0	0.0	0.0	0.0	0.0	0.0	0.0

Biplot	0	0

Site constraints	0	0
