Eigvals	60
0.7744159202622576	0.22907047628428445	0.16520859399085092	0.054655503756959864	0.04545265234912067	0.03505829755225852	0.028891695958913662	0.025984615939073554	0.017862258505331536	0.016199664596694665	0.01337104294484651	0.009902962544099544	0.009316845039803876	0.006407633669531183	0.005044004995943024	0.0037051508379489957	0.002999300003009034	0.0026730145148471073	0.0022516065300566095	0.0019556984782504415	0.0017778346480738644	0.00107697603973499	0.0009468427250323846	0.0009017755968260613	0.0008485099393629389	0.0006320359348710343	0.0004702590150637044	0.0004419407791504612	0.00040533895137483816	0.0002471217888831666	0.00022156788852461043	0.00012830303022809408	9.997861755955961e-05	2.2978442432080443e-05	0.0	0.0	0.0	0.0	0.0	0.0	0.0	0.0	0.0	0.0	0.0	0.0	0.0	0.0	0.0	0.0	0.0	0.0	0.0	0.0	0.0	0.0	0.0	0.0	0.0	0.0

Proportion explained	60
0.5309133572697553	0.1570429693313712	0.11326142321014646	0.03746996443855455	0.031160800835957157	0.024034782817130503	0.019807169374267634	0.017814173656072095	0.012245760170160583	0.011105942030172292	0.009166734714909386	0.006789136113606787	0.00638731378038977	0.004392856880438954	0.0034579991919260165	0.0025401260732090597	0.0020562186189527903	0.0018325283261579508	0.001543625267566854	0.001340760717501351	0.0012188232924753711	0.0007383383398951226	0.0006491233416058255	0.0006182268430803009	0.0005817097102437882	0.0004333024558481086	0.000322393672368318	0.0003029796478018222	0.00027788667287952903	0.00016941833859257234	0.00015189944896785572	8.796021717013785e-05	6.85419580291674e-05	1.5753242795311105e-05	0.0	0.0	0.0	0.0	0.0	0.0	0.0	0.0	0.0	0.0	0.0	0.0	0.0	0.0	0.0	0.0	0.0	0.0	0.0	0.0	0.0	0.0	0.0	0.0	0.0	0.0

Species	0	0

Site	60	60
ec1249	0.05044296449713083	0.06832360981300527	-0.021040350738999743	-0.007748602225753371	0.0047990688151041344	0.02355790728791699	-0.046577007124667655	0.026540765875506474	0.009998400999172033	-0.023048395950325026	-0.026543856809900627	0.0322804509512726	-0.014073234160938322	0.01367656135673839	-0.017724461737099524	-0.0186443694972873	0.01370165413099755	-0.0037455524662663824	0.003960066060900853	0.0008598165596280712	-0.007596797307790743	0.0030512642781376845	-0.0072107656004198285	0.00024690202262156864	-0.001379975900911922	0.0040313360330088395	-0.002808038843234602	0.002522889669663327	-0.0002065111784484299	-0.0004294176522871572	-0.0009830996798367432	3.8888152360099544e-05	-0.00023412249477265898	-0.00012707835301345024	0.0	0.0	0.0	0.0	0.0	0.0	0.0	0.0	0.0	0.0	0.0	0.0	0.0	0.0	0.0	0.0	0.0	0.0	0.0	0.0	0.0	0.0	0.0	0.0	0.0	0.0
ec1257	-0.05419021442057482	-0.007601553757338613	-0.0219532552356422	5.167647447361923e-05	-0.044112734645704456	0.006696298909496815	0.012040187583023946	0.02811556000416076	-0.009817583224398595	-0.012560776413885316	0.013315527396399095	-0.012638860773511855	0.013186881484968743	-0.020825359682503142	-0.01042052921163812	-0.002264004648089682	0.00794922727697938	-0.0016038809302341187	-0.013022700467399392	-0.002093429643785025	0.002596242650432863	0.001825198949451487	-0.0030786153583607727	0.0018538190735838467	-0.005495110231439553	0.0026545597597846045	-0.0018862233587710155	0.0012069507376473276	-0.004532154054741931	0.0012480621512737772	-0.0037894803738732423	-0.0008820231887673875	0.00017942497040166023	0.0006691047103926784	0.0	0.0	0.0	0.0	0.0	0.0	0.0	0.0	0.0	0.0	0.0	0.0	0.0	0.0	0.0	0.0	0.0	0.0	0.0	0.0	0.0	0.0	0.0	0.0	0.0	0.0
ec1262	0.3324690754607653	-0.06892714782661827	0.0428234856914857	-0.02143092631757003	-0.08747522131101818	0.05042316806347984	-0.03905418735319245	0.02235021013433241	-0.0005534595171415007	-0.005017445756219784	0.05159906159796984	-0.007896014501688794	-0.0010085265689066458	-0.00022836771405032325	-0.0028629559969063105	0.0029176181682843546	0.0032891644748724697	-0.004012997920288999	0.0005537582274834398	0.0021134559848624973	5.746510892867927e-05	6.972099441584501e-05	0.0006877857495711007	0.0006952074150759806	0.00027964486638428274	-0.0006964805033396605	-0.0003690606859049363	-2.068092451060563e-05	-1.8367491819446577e-05	1.584299395046076e-05	-0.0002057700715863715	0.00013854371553703889	4.1252468766041125e-05	-1.717274984545128e-05	0.0	0.0	0.0	0.0	0.0	0.0	0.0	0.0	0.0	0.0	0.0	0.0	0.0	0.0	0.0	0.0	0.0	0.0	0.0	0.0	0.0	0.0	0.0	0.0	0.0	0.0
ec1265	-0.005044160400946169	0.06922995461204086	-0.023034499611738816	0.0010918247999643057	-0.05394358729344393	-0.015515602845376933	-0.011909175018667109	0.02857202751466693	0.01728741548108463	0.023429954219310996	0.003769746477462582	-0.004037414740557998	-0.035457281670168386	0.019674546677493906	-0.013353148799649283	0.004992895899321143	-0.013079372333827728	-0.0025847425276769235	-0.011768579899069648	-0.013967556497296384	0.002788656333426448	-9.739000399110662e-06	0.0035695638809127074	0.002941212999773799	0.004002376939427525	0.0015923636610142464	0.001073916303272248	-0.0017947740766592868	-0.0018031060497697257	-0.0026044805896726485	-9.999950099078396e-05	0.000199070057611781	-0.0005742002041051028	7.70425409432264e-05	0.0	0.0	0.0	0.0	0.0	0.0	0.0	0.0	0.0	0.0	0.0	0.0	0.0	0.0	0.0	0.0	0.0	0.0	0.0	0.0	0.0	0.0	0.0	0.0	0.0	0.0
ec1298	0.12402158072474051	0.2430000648678945	-0.04407894085372565	-0.015461133059561703	0.11644832191347981	0.04990963858120357	0.04808174262983714	0.014829878549620935	0.006795705903080427	-0.0031664054888766845	0.041087365731045364	-0.003966463574547196	-0.011425110613569977	-0.0011900126768224371	0.004465947826339502	0.0036005064267479532	0.004036710311351547	-0.00315002826096894	-0.0011209104859013811	-0.002034591344960228	-0.0003308230380157529	0.0014956703945545183	-0.0005425930261742478	0.00040419412027683057	-0.00019850571258567997	-0.0004623126680858537	-0.0004264083436545626	-0.0002382069125748849	-5.768373861590437e-05	-0.00037226261905854444	6.34195621948364e-05	0.0001310229663636009	2.7143819311648115e-05	2.0851473737894596e-06	0.0	0.0	0.0	0.0	0.0	0.0	0.0	0.0	0.0	0.0	0.0	0.0	0.0	0.0	0.0	0.0	0.0	0.0	0.0	0.0	0.0	0.0	0.0	0.0	0.0	0.0
ec1301	0.19192682037212577	-0.01499963527817716	-0.10332280576215917	0.031068481560654556	-0.0034516542552436975	0.005211446996509331	0.013338653747096604	0.0026207887061662776	0.047051064969496056	-0.059812012551373216	-0.029411705704453492	0.014702818325072456	0.006833025779350227	0.0024216286495790692	-0.010884951579526183	0.015476236479428421	-0.009703327008952599	0.006552145948214622	0.004422621975184407	-0.00218673565559359	-0.0007862097352545534	-0.0010195926266988876	0.001282112797961785	0.00017600235924080166	0.001799935303301295	-0.0004660489433952994	0.000722584456036577	0.00047384410124817094	0.000961316756540588	0.00041800186626524995	0.00013192827379178207	2.4902495589987165e-06	-0.0001850238690286518	0.00011668429493101503	0.0	0.0	0.0	0.0	0.0	0.0	0.0	0.0	0.0	0.0	0.0	0.0	0.0	0.0	0.0	0.0	0.0	0.0	0.0	0.0	0.0	0.0	0.0	0.0	0.0	0.0
ec1309	0.18509765685830132	0.15857049383375454	-0.14322784471817715	-0.09774594174662925	-0.05391845108880886	-0.06450645204381324	0.04010456280811118	-0.026244020968838672	0.010930217535806933	0.019005359274293816	-0.008752749956995416	-0.012074589040016008	0.011347390899930256	-0.003015742646656547	-0.0070586994317488605	-0.007281200539568641	-0.0012855817190180953	0.0009748655701952263	0.0015857056691232375	0.0034973680873387467	-0.0004294050554974668	0.00016225574110078806	-0.00021527410212418728	-0.0013300362654552352	-0.0009241181966776026	0.0009290847414187675	0.000511650280266169	0.0002685303162650393	-0.00017888520059677266	0.0003716716736515908	-9.653346151600662e-05	-0.00023572777703038974	0.00020275383331797264	-4.826525077063886e-05	0.0	0.0	0.0	0.0	0.0	0.0	0.0	0.0	0.0	0.0	0.0	0.0	0.0	0.0	0.0	0.0	0.0	0.0	0.0	0.0	0.0	0.0	0.0	0.0	0.0	0.0
ec1314	-0.07797342977244129	-0.02282978417068685	0.0015935871624275285	-0.011273453691029504	0.012037262018476226	2.477897123818564e-05	0.0012138244565467263	0.006823968646494937	-0.012458219902471646	-0.002975935520614696	-0.001050647166118178	-0.0040602203255332954	-0.0007425392951974587	6.468926008844879e-05	-0.0033006374632456306	-0.009594896057357246	-0.0016815759080696794	0.00036410325132522176	-0.010698355532363948	0.002263565423837945	-0.0036495924980102764	-0.005953358290350604	0.0029664967824381753	-0.0032864796604061765	0.0006954796179681995	-0.0012978381551412004	-0.0036962768924402	-0.0009843213371699105	0.0017728246432674028	-0.004403524030223045	0.003974431768226877	-0.00017628777508333667	-0.0010061454873318716	-0.0013100942773366139	0.0	0.0	0.0	0.0	0.0	0.0	0.0	0.0	0.0	0.0	0.0	0.0	0.0	0.0	0.0	0.0	0.0	0.0	0.0	0.0	0.0	0.0	0.0	0.0	0.0	0.0
ec1317	0.2925459334391043	-0.035663970014134426	0.14772024075328252	0.047977567563010255	-0.004264791637432765	0.027588121961115146	0.05038707320223665	-0.027418243763006275	-0.0072729895420958176	0.021551508282469052	-0.021117298325350666	-0.002252743751337817	0.02857059269287719	0.005782509058703281	-0.011262580834198508	-0.004042927034874072	-0.0016848931049353241	0.008202422358312101	-0.003984056016100625	-0.0031509735484593275	9.472833342170002e-05	0.0010243282191292025	-0.0003455526923636519	-0.0008224153778085786	0.000723478500968077	0.0010753458632363207	-0.0002665953303094141	4.947273774825455e-05	-0.0006235450384437939	-0.00027306197862801896	3.949690702412978e-05	2.667437444992789e-05	4.6291282912294775e-05	0.0001160382921867286	0.0	0.0	0.0	0.0	0.0	0.0	0.0	0.0	0.0	0.0	0.0	0.0	0.0	0.0	0.0	0.0	0.0	0.0	0.0	0.0	0.0	0.0	0.0	0.0	0.0	0.0
ec1330	0.15986885047900334	-0.014453900504590863	0.07383561385980941	-0.043975679125546806	0.05241873822743619	-0.05038803547393028	-0.015687839307456864	0.04054282816929121	-0.02560203356567956	-0.018866849266829414	0.011866045260491185	-0.017029636828399274	0.014157076259570642	0.0029654101108229545	-0.007493902511752443	-0.003596584663095997	-0.0036782118508301032	0.0009948851095547147	0.005749148834415779	0.0033917870026592195	0.0017285478763106263	-0.0010480358260539857	-0.0008458070745739348	0.001441543452489804	0.00015789147999919887	-0.0009540206236120682	-0.00032217425972791154	0.0001611095304013873	0.00034159579445909236	-0.0004689994917795097	2.0568673421267447e-05	-0.00019251027935113086	-0.00012184389747208664	5.704547349757734e-05	0.0	0.0	0.0	0.0	0.0	0.0	0.0	0.0	0.0	0.0	0.0	0.0	0.0	0.0	0.0	0.0	0.0	0.0	0.0	0.0	0.0	0.0	0.0	0.0	0.0	0.0
ec1346	-0.011495917826306249	0.028586101358724948	0.04211379020033492	0.017277550990186668	0.01642107720120109	0.06409183451681734	-0.01217527734733016	-0.013536631534545783	0.01583175595635319	0.022452731083245917	-0.01076177212581143	-0.026434658947748706	-0.0020263732951695855	-0.00850405281985236	-0.017754066341804525	-0.005544741109372626	0.004166152828383858	0.002024943001020511	-0.005268697772057839	0.0024946919265778204	0.005405989417041168	0.0018296719388944595	0.0017199634032778023	-0.00018405699047211626	0.002334450585441199	0.0017815855066285104	0.0016352825065136009	0.001448694059385454	0.002348412011716688	-0.0013946282252868638	-0.0006469187497626235	0.00021612825376365132	-0.0002462117274590219	0.00010282250899318564	0.0	0.0	0.0	0.0	0.0	0.0	0.0	0.0	0.0	0.0	0.0	0.0	0.0	0.0	0.0	0.0	0.0	0.0	0.0	0.0	0.0	0.0	0.0	0.0	0.0	0.0
ec1349	-0.040724871482324065	0.021822384835387794	-0.005808512508343656	-0.014747096755425716	-0.005445980194418716	0.015594056035547976	-0.01815692395068429	-0.008553475437195543	0.018035721110653127	-0.007541478712190527	0.00849393699676853	0.00678706199695879	0.006007470022121546	0.0017511642358037437	0.02005860595528983	-0.00014143167189170028	-0.007289961499528158	0.014354820367799618	-0.012462354404082426	0.008653326398385947	-0.005380415086450225	-0.0025904625473418394	0.006367072391901829	-0.0031783459760384614	0.002875156372195718	0.004960476402140063	-0.004833435208733411	-0.00021307453679420376	-0.00518087648057361	0.00023882381524922353	5.934749665883224e-05	0.0030461762132508964	-2.3093008314799018e-05	-8.686592053634683e-05	0.0	0.0	0.0	0.0	0.0	0.0	0.0	0.0	0.0	0.0	0.0	0.0	0.0	0.0	0.0	0.0	0.0	0.0	0.0	0.0	0.0	0.0	0.0	0.0	0.0	0.0
ec1356	0.07183056505911463	-0.020851450506198153	-0.12715191754074892	0.029005515586314628	0.035402561952437156	0.005064765226552025	-0.04366350805606445	0.009129914539582944	-0.06348342869908767	-0.031135094796368768	-0.014059408866591403	-0.031467061274912146	0.007392665269561768	-0.009375363902190596	-0.0033573482549170033	0.002607967893145786	-0.011036095678184888	0.0025821162749356586	-0.005296799486461781	-0.003982211322729293	0.0009457636641670628	-0.0011004174171519968	0.002180691636782104	-0.00010804901121427676	0.001247093450544538	-0.0009165751114565714	0.000853071247428332	-0.0012142177016142796	-0.0012725028490047075	0.0005617194880542875	-0.0005035744129644075	-0.00024188202480661806	-0.0002995969462656117	7.766800003717307e-05	0.0	0.0	0.0	0.0	0.0	0.0	0.0	0.0	0.0	0.0	0.0	0.0	0.0	0.0	0.0	0.0	0.0	0.0	0.0	0.0	0.0	0.0	0.0	0.0	0.0	0.0
ec1358	-0.07186697865738989	-0.020212482971335877	0.001609754688643447	-0.007243296337389856	0.0027093302600019746	-0.004450674102145611	0.009626914066913617	0.00431819395263698	-0.013374401207919358	-0.005214189275442993	-5.6007753346950124e-05	0.0007699286243373122	-0.00028574304115285383	0.008115282959593528	0.0017800549686507552	-0.0032839266533431525	-0.0022590851667849752	-0.001168612485986729	-0.005435780599537746	-0.008346775814961056	-0.0016541149181301322	-0.0010177332576394313	-0.0005250714564317321	0.0010229235583943833	0.002280501058898569	-0.004303877961369869	-0.002255369940995794	0.0020551791208344365	0.0031830650909029303	0.004350996731948431	-0.004433077573664862	0.004546021420580445	-0.00039372756272155747	-4.752133057542702e-05	0.0	0.0	0.0	0.0	0.0	0.0	0.0	0.0	0.0	0.0	0.0	0.0	0.0	0.0	0.0	0.0	0.0	0.0	0.0	0.0	0.0	0.0	0.0	0.0	0.0	0.0
ec1359	-0.06785189579922923	-0.02012299123869411	0.005423354952441735	-0.014583629778180602	0.0018744020674513477	0.007680998849703834	-0.007235575605384238	-0.008194532760523936	0.011886093584461752	-0.001377978483995977	0.004471432845332128	-0.003402142667612275	0.0038821825917036553	-0.014814025074148349	0.0013299795485458388	-0.0033703139368814502	-0.012548730292307119	-0.0021371831578341246	0.003633896785361191	0.0008682584202449019	-0.010445400520334346	-0.0021467450986575065	0.0011230222207162688	0.008040858985338305	-0.00580319938780401	0.003173917186885838	0.007432493563677949	0.004138417251139048	0.0012826585736833399	-0.0024582211948925787	-0.0009194932501925539	-0.000698178864836729	-0.0003498595957055309	-0.0002067338342151708	0.0	0.0	0.0	0.0	0.0	0.0	0.0	0.0	0.0	0.0	0.0	0.0	0.0	0.0	0.0	0.0	0.0	0.0	0.0	0.0	0.0	0.0	0.0	0.0	0.0	0.0
ec1361	-0.08011087260779581	-0.02565963853246674	0.005366196839135044	-0.009778870601356807	0.005755903258360252	-0.0021803486969378437	0.003139113794043677	-0.010055055507556013	-0.003831528228041396	-0.0030156132880392577	-0.002891657572509842	-0.004683612328849841	-0.004987778906853621	0.0014821388766226207	-0.0029407474940383815	0.004014860641311379	-0.0009925845614202776	-0.0035787520969752015	-0.006185834956131039	-0.0010932479066897032	0.001182702313221812	0.002008593110364321	-0.004058988375648593	-0.0020791681522683413	0.004712884192077599	0.004741637446419488	0.0027336482800602285	-0.0031090843448758894	-0.0009805359786793698	0.006477463269343092	0.0017407457537404183	0.0006336247517303581	0.0037792809156880283	-0.001969107720698923	0.0	0.0	0.0	0.0	0.0	0.0	0.0	0.0	0.0	0.0	0.0	0.0	0.0	0.0	0.0	0.0	0.0	0.0	0.0	0.0	0.0	0.0	0.0	0.0	0.0	0.0
ec1362	-0.009891490744881618	0.02590094549184665	0.03514502462765235	0.01269135537488735	-0.018766536868430734	0.027073123227197522	0.01410067816763518	0.012992713320389399	-0.010127044983520907	-0.012512636160729418	-0.009232546166740158	-0.00736758932285469	-0.003622137450163045	-0.005508499224163887	0.019277881963960575	0.013925960147840904	0.0027953494095833494	-0.004392941482799398	0.00972849060199788	-0.007056662655358793	-0.005360288727487503	0.0070810812060633005	0.0006725066367622016	7.943139941223723e-05	-0.0008231519226900419	0.002317118163182578	-0.0016398925181310272	0.0006234511261189805	0.0028504875107318232	-0.0002712696704010232	0.002039070890250698	-1.808137998596577e-05	0.0005511568227920343	0.0003805092578078989	0.0	0.0	0.0	0.0	0.0	0.0	0.0	0.0	0.0	0.0	0.0	0.0	0.0	0.0	0.0	0.0	0.0	0.0	0.0	0.0	0.0	0.0	0.0	0.0	0.0	0.0
ec1368	0.07269564525050284	0.15822889877876653	-0.012427233685695009	-0.025518769725612355	-0.04087982237353389	0.029941373023814388	-0.023346469542951234	0.002234663255032791	-0.04474754098527593	0.030652426662334645	-0.04138212968316796	0.01946567858033319	0.018589678943854635	-0.014326154793986457	0.012023692428328125	0.010825109241258095	0.008796972176549758	-0.006622013038958161	0.002895361495347915	-0.0021705677185184565	0.0037987798091008783	-0.0027606279077185734	0.0020606727336057533	0.0013051908249019993	0.002069782726068203	-0.0013391311280633404	0.001224615189189139	-0.00011665320779712721	-8.979679305615527e-05	-5.2467690873421586e-05	0.0004731716995888816	0.0002836941502323153	-0.00022228559607251794	-4.4880090550829697e-05	0.0	0.0	0.0	0.0	0.0	0.0	0.0	0.0	0.0	0.0	0.0	0.0	0.0	0.0	0.0	0.0	0.0	0.0	0.0	0.0	0.0	0.0	0.0	0.0	0.0	0.0
ec1375	-0.08962105369375348	-0.030600510337678265	0.002403875925719423	-0.013284156351474088	0.012297344448297037	-0.004190844222074356	-0.002442834435214789	-0.0033300812301767244	-0.00923448886939612	-0.004374349235131858	-0.004577545848042038	0.0003660268938019856	-0.0009452617687410458	0.012021723959446498	-0.0044276973380844705	-0.0003490510497190149	0.004522524394112938	0.00413864392168409	-0.0011375352689983553	0.007592653150460882	0.006382775200912412	0.008296794026216334	-0.00044749031056208916	0.0049862536404614455	0.003258395215189224	0.0027701739382439156	0.0016460284164475456	0.0013090024914428078	0.00032175393066720225	-0.0016023996769322013	0.002868478428588907	8.410302961101372e-05	0.001406678285996971	0.0009822748847513564	0.0	0.0	0.0	0.0	0.0	0.0	0.0	0.0	0.0	0.0	0.0	0.0	0.0	0.0	0.0	0.0	0.0	0.0	0.0	0.0	0.0	0.0	0.0	0.0	0.0	0.0
ec1377	0.0643331657013442	0.11755362998224105	0.02794602240685195	0.06585303813972486	-0.02113352086559533	0.012753974757079376	-0.014763961227632275	-0.0042352422938942485	-0.024653313785445184	0.008417889110192452	-0.009960261986251056	0.012478022367670047	-0.03744183706372015	-0.004845010246526023	0.005897468232659214	-0.005625097063919675	-0.010895476773501419	0.016087578566730786	0.0013347368228778169	0.01079932064344276	-0.0016132335072382709	-0.0017364801527340616	-0.0026437397676294006	-0.0009237897802599011	-0.0018373334711879806	-0.0008103157306153641	-0.0005407552056341532	2.4949368065819343e-05	-0.00020098854408454725	0.0011800029160653797	-0.0008099115534495993	-0.0013086008774000366	0.000782131080021651	0.00018230501581461135	0.0	0.0	0.0	0.0	0.0	0.0	0.0	0.0	0.0	0.0	0.0	0.0	0.0	0.0	0.0	0.0	0.0	0.0	0.0	0.0	0.0	0.0	0.0	0.0	0.0	0.0
ec1378	-0.0852752740765193	-0.02279659375229674	0.01799234128047621	-0.0026663185663323196	0.012282461165573917	0.009961584537775027	0.00297119283100089	-0.022541038510101082	0.003309563736283791	0.008004399817981506	-0.004647263098769459	0.012815300874096554	0.007207839411694136	-0.01853387817179156	-0.00916523333267295	-0.009443504979277213	-0.001252476092035662	-0.0031367425048100884	0.006098734825513806	-0.0029953608441966127	-0.005386554725392975	-0.0008304394419140173	0.003823329181839496	0.0042222928966939135	0.0021287858901241257	-0.004888182469545648	-0.006492106251240644	0.0002820865870499914	0.0005638342840312598	-0.00016631438352849548	-0.0011255152089642909	0.0005222729707045831	0.0014071863737147108	-0.0008533819682097338	0.0	0.0	0.0	0.0	0.0	0.0	0.0	0.0	0.0	0.0	0.0	0.0	0.0	0.0	0.0	0.0	0.0	0.0	0.0	0.0	0.0	0.0	0.0	0.0	0.0	0.0
ec1380	-0.06292041576976826	-0.0116926796607814	0.022183924792271503	-0.0004563553924329498	0.006553476650385234	0.003419765976271308	-0.0004965571437552427	-0.012593435506589083	0.007739870210891059	-0.00822048729540558	0.00011121233468079776	0.010927388804648117	-0.0014952564238139823	-0.01329051536210246	0.0007954118094554049	0.000717351592795331	0.0036144626630778957	-0.007075099966252623	-0.006685708756114458	0.001566117733497171	-0.007347255529653084	0.005923537987586896	-0.003818303534619087	-0.0007660135982527234	-0.0005517874149934716	0.0023773020747984855	0.006859846062119206	0.0020422420309983494	-0.002833501608348886	7.837056816746423e-05	-2.9151988307817477e-05	0.00115057814791298	-0.002261345267941	-0.0010895396003000022	0.0	0.0	0.0	0.0	0.0	0.0	0.0	0.0	0.0	0.0	0.0	0.0	0.0	0.0	0.0	0.0	0.0	0.0	0.0	0.0	0.0	0.0	0.0	0.0	0.0	0.0
ec1390	-0.08396627661413754	-0.032545023927049506	0.0011053498317552595	-0.014564564023979336	0.009313794329703336	0.004094828290127471	0.0012220855317784422	-0.005333891367225284	-0.009445010752519953	0.0030813583127723846	0.0009184388546743746	-0.004435797747192473	-0.006816524279547763	0.0035317094510462495	0.002068432329570715	-0.000712160770787528	-0.0029497521188946584	-0.002194207212814657	-0.001998311764070529	0.0023075481639024576	-0.001910436445749623	0.002414565556079038	-0.004412105002082292	-0.0003366200460599884	-0.0027731352645891895	-0.002729885821333652	0.001827479548396484	0.004854462608771739	-0.0015598913358134054	-0.0022894137796219496	-0.0010958585899247914	0.00019675461611241943	0.0033013485385409783	0.0015270939613347932	0.0	0.0	0.0	0.0	0.0	0.0	0.0	0.0	0.0	0.0	0.0	0.0	0.0	0.0	0.0	0.0	0.0	0.0	0.0	0.0	0.0	0.0	0.0	0.0	0.0	0.0
ec1391	-0.07907984832750309	-0.028030174140706635	0.0030676415672507237	-0.009373706480617567	0.00783453353869636	-4.752335314397776e-05	-0.0001956819214364394	-0.008169656384979913	-0.0019153937037630464	0.004761737404854742	0.0014992699650862532	-0.0029410403087457185	-0.005841471729917669	-0.0033307915666943152	-0.002424572154350126	-0.0016239854258098575	0.002732144514480642	0.0012993230493525518	0.006394824777587688	-0.003143745706212114	-0.0029493699953728383	0.0016300255870688649	-0.004841434114919103	-0.0020390476125726957	-0.002057123318730292	2.4228932131451384e-05	-0.006328026328899858	-0.0011544194290096105	-0.004532890365067686	0.003943334578835687	0.00035828573372308805	-0.0022777238224633693	-0.0029866927666004303	0.0007820256750493773	0.0	0.0	0.0	0.0	0.0	0.0	0.0	0.0	0.0	0.0	0.0	0.0	0.0	0.0	0.0	0.0	0.0	0.0	0.0	0.0	0.0	0.0	0.0	0.0	0.0	0.0
ec1392	-0.05926554482671641	0.004273211957253833	0.010652458251806185	0.012199567499004258	-0.01452043179957791	-0.01849441192451801	0.029743430191680107	0.008545631972895169	-0.009871511302115723	-0.0049434436324218255	0.0022503723687652293	0.009333431680778572	-0.006924618938365071	-0.01629796427353057	-0.003238703040745032	-0.0025110621595725367	0.0027564471997261904	-0.0058363671662529535	-0.001203157242780214	-0.0036038008987009052	-0.007970311838365404	0.004612614383251348	0.002405953656108508	0.0074024561270379634	0.005256971819603477	-0.0014805376414004545	0.0010553798923817763	-0.003990650348120453	-0.00044775219341215255	-0.000804318470669527	-0.0001835796258450892	0.0010512322341312294	-0.00110685546267733	0.00013426992070592785	0.0	0.0	0.0	0.0	0.0	0.0	0.0	0.0	0.0	0.0	0.0	0.0	0.0	0.0	0.0	0.0	0.0	0.0	0.0	0.0	0.0	0.0	0.0	0.0	0.0	0.0
ec1393	-0.026123148174287635	0.04281810838511694	0.03876230929066518	0.049950216911822214	-0.007369877399591769	0.03796540404063967	0.03223229131290245	0.01843074025562277	0.010662974047466236	0.0034723119617507416	-0.003124232330248598	-0.008192398054109295	0.017264331423545026	0.015957772448006332	-0.005032914945638225	-0.01521838785424775	-0.01006476663505228	-0.004216806449541233	0.006354017460400057	-0.003893113922896904	0.002991368550201341	-0.003160158421331889	0.0026375039693534797	-0.0002166592682457004	-0.0029071857421521575	-0.0015339578266823305	0.002215920604681535	-0.003100490526705189	-0.0027371467700364497	0.0013674370880721886	0.0007148418533260626	-1.96490378132249e-05	8.452328771939376e-07	-0.00032821970727441523	0.0	0.0	0.0	0.0	0.0	0.0	0.0	0.0	0.0	0.0	0.0	0.0	0.0	0.0	0.0	0.0	0.0	0.0	0.0	0.0	0.0	0.0	0.0	0.0	0.0	0.0
ec1394	-0.07974588507824742	-0.0052646611902569425	-0.006610361884990093	0.010424038482840573	-0.022163889464581144	-0.0015019374032187085	0.027370168106624217	0.00581712739500163	-0.02243598516441694	0.002419270182793667	0.016569573359098144	0.0038088499298346954	-0.0060297120160714476	0.009600911666671	-0.003960468683216118	-0.004607606396531442	-0.0067935684167816715	-0.006029879639158063	0.009763355673166234	0.0031303487763421245	1.1950876076230672e-05	-0.01040101009980518	-0.0007802888675952944	-0.004572317972019886	0.0020176138594248704	0.006297031084486965	0.0006974583760228771	0.00039723156431872825	0.0016423472753128022	-0.00020061145893772323	-0.0003862831716047474	-0.000921373744430863	-0.0006443115114388231	0.00032720514462218685	0.0	0.0	0.0	0.0	0.0	0.0	0.0	0.0	0.0	0.0	0.0	0.0	0.0	0.0	0.0	0.0	0.0	0.0	0.0	0.0	0.0	0.0	0.0	0.0	0.0	0.0
ec1396	-0.0787264232121224	-0.024895245263462488	0.009307011113786502	-0.011624879878601153	0.0046880675607131545	-0.008233895742453007	0.0011270673378528551	-0.015868368201586495	0.007769812526726039	0.003477274035943225	-0.0018652283943115487	-0.004275105818615904	-0.01091140684827884	-0.01110209720942107	-0.0019060293674922064	-0.0035868400688984494	-0.00811807644085495	0.0004712566979631092	0.002270002482510851	-0.001932487617278232	-0.004983283017524427	0.0026067009711185567	0.001476139674674032	0.0039817360425921855	0.00014251008003545574	-0.0038550614317270243	-0.0005497308626950412	-0.006074202766893904	0.0007636269501893636	-0.0017517346539973563	-0.0036759342286304974	-0.0026665677856178194	0.0021924912335520405	-0.0005791741893158623	0.0	0.0	0.0	0.0	0.0	0.0	0.0	0.0	0.0	0.0	0.0	0.0	0.0	0.0	0.0	0.0	0.0	0.0	0.0	0.0	0.0	0.0	0.0	0.0	0.0	0.0
ec1400	-0.029888236248807907	0.004219670650543093	-0.027979953456321812	-0.010641629429327136	-0.02142572571293214	0.011490083635756203	-0.018877308992823198	0.021449779031910216	0.011846486666480412	-0.010105349407211946	-0.001676949997829691	-0.005211212130088287	0.0180285479726792	0.010252767017465544	-0.0010662127516804342	-0.014745110404427197	-0.0035679595384951707	-0.012703643759972657	0.004139740367956039	0.013546661452397956	-0.002364269574755477	0.005523030919197736	0.003586608153615538	-0.0008958854113422704	-0.0027214073834514836	-0.006736712545283153	-0.0011523627863627777	-0.0024784567391663566	0.003023773891985423	0.00010598862505072548	0.0027424497423382257	0.0009535247110102454	0.001036504813356791	-6.144599826098504e-05	0.0	0.0	0.0	0.0	0.0	0.0	0.0	0.0	0.0	0.0	0.0	0.0	0.0	0.0	0.0	0.0	0.0	0.0	0.0	0.0	0.0	0.0	0.0	0.0	0.0	0.0
ec1406	-0.04300422887744088	0.014166310740599675	0.020637332702045104	0.006953935752621624	-0.0009198644791626254	-7.959437981870948e-06	0.0008076637274905283	-0.0023362795839590666	0.02068703509113791	-0.021415548586064835	-1.5222472300136882e-05	0.01949937320845335	0.002159329934989103	-0.003924593952359068	0.006547805031469564	0.0019285591284747103	0.00019571880371438262	-0.00694375819653335	-0.00951547623707649	-0.0006537963725158023	0.011156023754335099	-0.0015124552815158543	0.005777942175338696	-0.005384490905768085	-0.004379049349536005	-0.0078062719164286466	0.0029733270662225747	0.0006243830299813072	-0.0013689300547897456	-0.0012752288132546975	-0.0015330422574720939	-0.0020507056344153886	-0.0004257001637716798	0.0003564839510628936	0.0	0.0	0.0	0.0	0.0	0.0	0.0	0.0	0.0	0.0	0.0	0.0	0.0	0.0	0.0	0.0	0.0	0.0	0.0	0.0	0.0	0.0	0.0	0.0	0.0	0.0
ec1408	-0.08376493458858855	-0.03478931940805191	-0.003733880742561428	-0.013815688871292567	0.003739591966374871	0.005743138744850663	-0.002975830639159927	-0.011296687305267472	-0.01016696607250525	0.007229393465608266	0.00038716801771101437	0.0019425877083457115	-0.0076936789940989575	-0.0018208983270041668	0.008590688650763338	-0.004619381372333475	-0.004403609034553976	0.0008743552625553624	0.004259228080674984	-0.0016074658360266793	-0.009603166462233744	-0.006708734831287528	0.004335072348148273	-0.003553872860740349	-0.00915352672154256	0.0005194267630125795	0.00583199360780401	0.0018928759498870562	-0.0014067533286546018	0.001043287134585559	0.001640357643166634	0.0009054330507279179	-0.0006745143248528898	0.00023000477239442613	0.0	0.0	0.0	0.0	0.0	0.0	0.0	0.0	0.0	0.0	0.0	0.0	0.0	0.0	0.0	0.0	0.0	0.0	0.0	0.0	0.0	0.0	0.0	0.0	0.0	0.0
ec1409	-0.06521208272929009	-0.019202673178862935	-0.004754544752813865	-0.01109979100500498	0.0012916385015704134	0.004116693500957378	-0.01804610374024809	-0.00880920405596227	0.02054465949782275	-0.008005109522834154	-0.010483200018279305	-0.016978941219523817	-0.0058154718104021265	-0.013548980080121426	0.015905757169936044	-0.013594091564106655	0.000165253038614907	-0.005135206401924142	0.00900967400453999	-0.007579796281753504	0.01554634143593045	-0.006348518362404266	-0.009755334146841177	-0.002202879960670416	0.002739493033646684	0.0013287271095086101	-0.002514163385209916	-0.0009807413002905808	-0.005047713637139617	-0.00409874375185475	0.002028078327243426	0.00022337964105731073	4.2259697483426995e-05	-0.0004903191895727192	0.0	0.0	0.0	0.0	0.0	0.0	0.0	0.0	0.0	0.0	0.0	0.0	0.0	0.0	0.0	0.0	0.0	0.0	0.0	0.0	0.0	0.0	0.0	0.0	0.0	0.0
ec1411	-0.05449870897749325	0.0067246095676428115	0.0016383013115151245	-0.013153547905566604	-0.0050572070294100735	0.007317958500021983	-0.01588492460889865	-0.011393258175740967	0.019233777552085357	0.003213584193320124	0.011555028442923342	0.007287732371312045	-0.004890669702405597	-0.019733178355777228	0.0074448951013934665	-0.005260969300823852	-0.00481113284455473	0.006424922490778406	-0.0020524515769282455	0.010562762466193611	0.010944179511666829	0.005477296100224984	0.0008425990993485904	-0.00031835235883128683	0.0009424915825116621	0.0005873756710683194	0.0008361003658553239	-0.003948745345557075	0.004590238274497849	0.004058558576367056	0.00017431535384027937	-0.001921545400256586	0.0006611188793984787	0.0006636236693459193	0.0	0.0	0.0	0.0	0.0	0.0	0.0	0.0	0.0	0.0	0.0	0.0	0.0	0.0	0.0	0.0	0.0	0.0	0.0	0.0	0.0	0.0	0.0	0.0	0.0	0.0
ec1420	-0.08376305264630626	-0.02730207380260968	0.010666588452533465	-0.00988726504791407	0.008560051936892661	-0.003509986938614904	0.0011913183087010836	-0.013254394553234712	0.0053583223326278545	0.00406603604231295	-0.00017597548643991697	0.004109454543636046	-0.01138387611569203	-0.009476194218384219	-0.0030005611827463997	0.0005291770150479066	-0.003925528285020211	-0.004550292133767977	-0.0024770173522318966	-0.005434099366877201	0.0002906948601838479	-0.002569963961500688	0.002971225952473565	0.0018699387281866332	0.00534211514215456	6.98012402450118e-05	-0.0038089485619857816	0.0002876785509378039	0.0032789863074332575	0.000161672050896577	0.0032387649886529285	0.00020859447349462905	-0.0009534322435511731	0.0012664890376957736	0.0	0.0	0.0	0.0	0.0	0.0	0.0	0.0	0.0	0.0	0.0	0.0	0.0	0.0	0.0	0.0	0.0	0.0	0.0	0.0	0.0	0.0	0.0	0.0	0.0	0.0
ec1422	-0.07803013833317562	-0.024955682240449494	0.011696542367384198	-0.01015834662449251	0.012028240832302747	-0.000585676125979818	-0.000767401357003774	-0.003939511202787907	0.003053935946243771	0.004156447812996018	-0.0016529977811890783	0.0055722053636774235	0.0020751901335628814	-0.009024839652134646	-0.008084212864801885	-0.002607584991740397	-0.006658248070081903	-0.0006800483527175407	0.0034609385490181836	0.0016414566441183694	0.0008540894451809627	-0.0011008209377681335	-9.55798675923001e-05	-0.002716349347934316	8.890508003868671e-05	0.000262634336211985	0.0005930267908090053	-0.0019693351133923073	-0.0003057905068624592	0.0015495067913378928	0.0015413072824961994	0.0037696161983214477	-0.0016343869394662787	0.001397411813891985	0.0	0.0	0.0	0.0	0.0	0.0	0.0	0.0	0.0	0.0	0.0	0.0	0.0	0.0	0.0	0.0	0.0	0.0	0.0	0.0	0.0	0.0	0.0	0.0	0.0	0.0
ec1424	-0.07140933326413972	-0.01474982733229117	0.00782845835341077	-0.0059768200764207	0.002211402751529597	-0.007762012912097633	0.013931931937216506	-0.002032731047288725	-0.00021865550031863662	-0.005542160999286058	-0.00374562791535628	0.002358812558508653	0.002057492043464888	-0.0015069237901342116	-0.011755206810743334	0.007926782963472382	-0.004864878733880944	-0.004044946762417447	0.0014730300112838553	-0.001413103886884141	-0.0003693495219168796	0.00010904470601868429	0.003287744825038751	-0.0018244056417189103	-0.0009182862813593056	0.0019470208951121847	-0.0034970305374963555	0.000751668664906919	0.0009268019325731401	0.0028870211237457116	0.0018945860242857947	-0.0020785000206625854	-0.0010171961584102408	0.0008243479249250113	0.0	0.0	0.0	0.0	0.0	0.0	0.0	0.0	0.0	0.0	0.0	0.0	0.0	0.0	0.0	0.0	0.0	0.0	0.0	0.0	0.0	0.0	0.0	0.0	0.0	0.0
ec1425	-0.07462024504407362	-0.009338148573183725	0.007627587239637083	0.0016417018762614449	-0.0020167176891753742	-0.00841897163407084	0.010802154268642864	-0.011734001252807515	-0.005541238687262547	-0.005025639095563209	0.00482228846078333	0.006086627219144665	-0.005434115379183025	0.0025586332375439535	-0.009211082812853598	0.0014286487205847924	0.015283021870985831	-0.010792212596860135	-0.010489781151613267	0.00029394980378716535	-0.0009120203672165146	-0.006348286289550392	0.003420302058664746	-0.008808545317722977	0.0011717191292818592	-0.002590204087185417	0.001249614580217344	0.004252455692189966	-0.0007093746809971053	0.0019200510089076163	0.0021240218866840003	-0.00039540225703823346	0.002480760579935037	0.00029083616850390467	0.0	0.0	0.0	0.0	0.0	0.0	0.0	0.0	0.0	0.0	0.0	0.0	0.0	0.0	0.0	0.0	0.0	0.0	0.0	0.0	0.0	0.0	0.0	0.0	0.0	0.0
ec1427	0.23959167510476562	-0.007046314307566846	0.10429096233500597	0.018187983021698804	-0.019604964731937454	-0.032951329538699024	0.017270310110555586	-0.046521616906638974	0.0008746737247860955	-0.04262509357383377	-0.007768712342060456	-0.020249587535814642	-0.029477180877591713	-0.004987199238136182	0.010671511365243472	0.00031895661910196285	0.008853804362554858	-0.010269544377809046	0.0011147683900168336	-0.0012549957801528113	-0.0004650026250023169	-0.00048512967292779535	-0.0004189953446959869	0.00023360854067861866	0.0005482445621038324	-0.0003382795046878798	0.0006035208217235464	-0.0006572379524290962	0.0005431751634495732	0.00015923535655710305	0.00029234484127525773	-4.2269175416340475e-06	-0.00017588938003269448	-2.1835532449645453e-05	0.0	0.0	0.0	0.0	0.0	0.0	0.0	0.0	0.0	0.0	0.0	0.0	0.0	0.0	0.0	0.0	0.0	0.0	0.0	0.0	0.0	0.0	0.0	0.0	0.0	0.0
ec1435	0.27014030462684563	-0.10969006453206166	0.09311854580725142	-0.03249442738813976	0.04066618307696195	-0.04747420303469005	0.014089306434133968	0.06800240739887557	0.007847866651757024	0.031941949010572866	-0.012534203255494402	0.022231365716093576	-0.011823549626223563	-0.014432809690599905	0.006341614017616101	-0.0005426018813294644	-0.0037568141830671468	0.0010208979033758411	-0.003347928629490503	0.001275706718715085	0.0010564114637328479	0.0001155868739287312	-0.0005885522404744365	-0.0015661493172919698	-0.0013088449998459946	0.0006401688518566283	-0.00031255378425701184	0.0004968284379697426	-0.00020887615186672976	0.00019244592226407413	9.761345261554168e-06	0.00015864525744645346	3.632456814569699e-05	-0.0001559586107359587	0.0	0.0	0.0	0.0	0.0	0.0	0.0	0.0	0.0	0.0	0.0	0.0	0.0	0.0	0.0	0.0	0.0	0.0	0.0	0.0	0.0	0.0	0.0	0.0	0.0	0.0
ec1437	0.18816061362439834	0.024274054961863176	0.08177181321377457	-0.07593337758950089	0.02440569201986008	0.0006503093164998941	-0.045438911447367156	-0.0671482621130865	-0.00644252234167924	-0.009273753426931219	0.007331628540701658	0.007721158008835663	0.004543972420142625	0.020694888585832908	0.002929814847955056	0.0012231104118149811	-0.00554116622666342	0.00403518237579394	-0.00014287272949366976	-0.004503652525019805	-0.002117622352273524	0.0005019373858598714	0.0015827631242919056	0.00042273049166671213	-0.00018525172894672624	0.00014045567571196	-8.268331914337044e-05	-0.00027387401989475497	-0.0006223538857070871	-6.454687190510771e-05	1.0897649233905907e-05	-0.00017588528608167853	-0.0001234253796355361	6.831921954394189e-05	0.0	0.0	0.0	0.0	0.0	0.0	0.0	0.0	0.0	0.0	0.0	0.0	0.0	0.0	0.0	0.0	0.0	0.0	0.0	0.0	0.0	0.0	0.0	0.0	0.0	0.0
ec1438	0.19630264315884746	-0.1450881881107024	-0.14862388063062046	0.018776920434515797	0.025000634317379453	0.011891286739017775	0.020509516229334897	-0.020858101349104114	-0.0031413120368116625	0.023040278662309323	-0.010249534960972286	0.006194159731564534	-0.0027271739209831355	0.002840677679017487	0.0024599498158365896	-0.0053582561943277965	-0.004675060943386975	-0.0016322865814815952	-0.005804194969078011	0.0003521561905762252	0.003288875837498749	0.003945691920568859	-0.00791015602459417	-0.005852469175071802	-0.0013936599898036297	-0.0007787152820664086	0.0018707994428807885	9.14530110223425e-05	0.0006758971122855574	-0.00129591705206962	-0.0007173599494021295	0.0001250233637245809	-5.853470108672302e-05	0.0002599106983933891	0.0	0.0	0.0	0.0	0.0	0.0	0.0	0.0	0.0	0.0	0.0	0.0	0.0	0.0	0.0	0.0	0.0	0.0	0.0	0.0	0.0	0.0	0.0	0.0	0.0	0.0
eti101	-0.08066408352177148	-0.02222031912845591	-0.002318643143370346	-0.005166842575876802	-0.0018974247832255265	0.002952985603790837	0.008128014976923972	-0.011037942536797919	-0.005411166302930816	0.000639577027896494	0.0009850672727139832	-0.0040336504023743515	-0.00058912975882654	0.003111857842748964	-0.005769521619255111	0.00888674124950076	0.004387783063017716	-0.002091161644686446	-0.00041625671035928647	0.007070649285787144	0.005292915398650223	-0.0026911807474464225	0.0020253880625857204	-0.0026539266547533054	-0.001599738064355618	0.006727374296014533	-0.0011792397029350107	0.0013970800574136316	0.00867439685326805	-0.00175239491285997	-0.0017583298395126604	-0.0016481272749101635	-0.0022034393782407167	-0.0009164369725434981	0.0	0.0	0.0	0.0	0.0	0.0	0.0	0.0	0.0	0.0	0.0	0.0	0.0	0.0	0.0	0.0	0.0	0.0	0.0	0.0	0.0	0.0	0.0	0.0	0.0	0.0
eti102	-0.06435726289829544	0.0011362148232826276	-0.007057524686761868	0.0021252821903361553	-0.033950659515617064	-0.0007927459556704194	0.014992922720844399	0.016512188428500718	-0.01298938124367007	-0.006969127728952918	0.022202847532705287	0.006860892995502361	0.0033727348656274457	-0.014106737827414657	-0.008854241926864391	0.011413195619316184	-0.004809780453772664	0.014484049763281827	0.005718480096076238	-0.0057268393800670465	-0.003358979207558609	0.007067217913632826	-0.005762775532925755	-0.00924669549595931	-0.0024155271651080724	-0.0004875600925264998	-0.0015482116648495039	0.0010597556178618757	0.002557738533372754	-0.002870164541488171	0.0036071124666185624	0.0012019602948534572	0.0012044646900507066	-0.0008947193507631349	0.0	0.0	0.0	0.0	0.0	0.0	0.0	0.0	0.0	0.0	0.0	0.0	0.0	0.0	0.0	0.0	0.0	0.0	0.0	0.0	0.0	0.0	0.0	0.0	0.0	0.0
eti105	0.07662298791610633	0.10226707712870876	-0.012471731019662832	0.1320978576931817	0.014969937713211888	-0.08740157531664702	-0.04471584898309246	-0.02185594636439784	-0.0003517430620068412	0.013778626870677218	0.028507229047028657	0.01184204799419903	0.014228752804055526	-0.0047002886798775245	-0.00472169738993693	-0.00245489902836376	0.0035768088000742012	-0.005012486404330237	0.0003831634282874547	0.0012712459943002418	0.0025329841630434037	0.0005153946013252553	0.0006758300686700338	0.0005017766855591141	-0.001182266566448089	0.000913000808401333	-0.0005299269690116092	0.001080968931085825	0.0007748774413693351	-0.0006729460507897675	0.0002967324908371274	0.0009630906662122599	1.195184379025526e-05	-0.0001568874185920663	0.0	0.0	0.0	0.0	0.0	0.0	0.0	0.0	0.0	0.0	0.0	0.0	0.0	0.0	0.0	0.0	0.0	0.0	0.0	0.0	0.0	0.0	0.0	0.0	0.0	0.0
eti107	-0.08843648285444924	-0.010992941100191809	4.5381005137797825e-05	0.012229915085211757	-0.01683573306862868	-0.0077252912081934725	0.033269880505596504	0.002466195074302688	-0.026066274440326147	-1.1766729668390514e-05	0.008369491653005056	0.00967249736697467	-0.006429316116494712	0.0231699329729787	0.002628982548982887	0.0019072011084728623	-0.00557482238363666	-0.005253269964775621	0.008565824547186334	0.005866633657519809	0.004285653410269199	0.001721595977693642	-0.00232838561434847	0.006477140025137676	0.0006363499176129956	-8.130046328661768e-05	0.0013319373009722248	0.00031661923226732806	-0.0037069522019758144	0.0018178967257669691	0.001243552467309406	-0.0005779182998914631	0.0006164172291610701	-0.00022369889303262367	0.0	0.0	0.0	0.0	0.0	0.0	0.0	0.0	0.0	0.0	0.0	0.0	0.0	0.0	0.0	0.0	0.0	0.0	0.0	0.0	0.0	0.0	0.0	0.0	0.0	0.0
eti109	-0.056495048755287006	0.002886258729392325	-0.0104309185801512	-0.010575640597155395	-0.010151520664228966	0.0019518894512841052	-0.010375715215506811	0.0011855580811585918	0.0012378166932600152	-0.000578521955554865	0.011698918197163597	0.012282698054557804	0.008030485950645426	0.01086208389256619	0.010885746679110398	-0.006320731916373061	0.00272117071548	0.011605439845544232	-0.007419626986157084	-0.016403538502624097	0.005557575857636891	-0.005006406516784515	-0.008488296270957067	0.0070172541661002175	-0.006021102684724257	-0.005192942133179079	0.001078013064576586	0.0011506796104060512	0.007188584183037417	0.002692499462145259	0.0016394914937522644	-0.0009318110446060551	-0.0004942888755376418	-0.0002762989267369138	0.0	0.0	0.0	0.0	0.0	0.0	0.0	0.0	0.0	0.0	0.0	0.0	0.0	0.0	0.0	0.0	0.0	0.0	0.0	0.0	0.0	0.0	0.0	0.0	0.0	0.0
eti111	-0.045939977301645826	0.003978612518157594	0.009115174097647278	0.00551751319050264	0.0028296080667337582	-0.007280122530103927	-0.0009859330291893905	0.007660046463094025	0.013595690367322454	-0.005898026096456713	0.0038062381231945505	0.009700898037120738	0.01780911238418806	0.0018075492191314583	0.009661014022606985	0.0034101188007611633	-0.00017427735001275614	-0.002556769772349115	0.004092912652972891	-0.005120182015768602	0.00688453159459159	0.0014717453230645358	0.004840251585270924	-0.0008057333177876101	-0.00974950187186626	0.008371440660729729	-0.002717634082062412	-0.002759108575939309	-0.0021322533190353695	0.0008018201905519364	-0.002435461690737857	5.933860445958135e-06	0.0007800608054925006	-0.00038565284488037356	0.0	0.0	0.0	0.0	0.0	0.0	0.0	0.0	0.0	0.0	0.0	0.0	0.0	0.0	0.0	0.0	0.0	0.0	0.0	0.0	0.0	0.0	0.0	0.0	0.0	0.0
eti113	-0.0481476362578666	0.0015889926400488462	0.005057739822849814	0.004580573741837258	0.004382463292140691	-0.013721519847466309	-0.007287280354640387	0.03564419138368274	0.010963634767330439	-0.008284938241633897	0.0009100144444203662	0.00433791191236122	0.01848350915843786	-0.0009968035471420258	0.012068852505385681	-0.01136612853138757	0.007772807391315144	0.010628712107431323	0.004005797731096363	-0.007602881442617725	0.0016721886568719989	0.0006350810871346434	0.005349037355331582	-0.0003717816968798078	0.012482451271366197	0.0034526746076639454	0.006770354667620888	0.0019480774876927441	0.00020934246933847062	-0.00012626344275335142	0.0010038564847366376	-0.0014179693279297572	0.0005844216136947943	0.0005381368176328874	0.0	0.0	0.0	0.0	0.0	0.0	0.0	0.0	0.0	0.0	0.0	0.0	0.0	0.0	0.0	0.0	0.0	0.0	0.0	0.0	0.0	0.0	0.0	0.0	0.0	0.0
eti114	-0.08855849666643931	-0.0308166464831889	0.003193275523309475	-0.011649784728590648	0.005529552660991755	-0.000480353198816305	-0.0013040795019220854	-0.011959957021262662	-0.0018176123247653365	0.0005621820994397337	0.002498853845177601	0.00075950451268911	-0.004005253431165575	0.0032514366944416326	-0.002574386519622503	0.0035203815049507535	0.0026883820787757906	-0.0011482867749015137	0.008105785812173664	0.0021291711722492257	0.009635171354178776	-0.0010418924598752486	-0.0017760967274137185	0.0010987590740852617	0.0012068415698859387	0.0033472134372965687	0.0012576675104623769	-0.0015272612431760744	0.003289683420627647	-0.0016522859281343427	-0.005031741527675421	0.0047534228154561065	0.0003229073601188556	0.00029028337954937355	0.0	0.0	0.0	0.0	0.0	0.0	0.0	0.0	0.0	0.0	0.0	0.0	0.0	0.0	0.0	0.0	0.0	0.0	0.0	0.0	0.0	0.0	0.0	0.0	0.0	0.0
eti116	-0.07921330856940709	-0.021832068594355426	-0.0003282891909671063	-0.0008732706627065139	0.008838585295584189	-0.010526068628580812	-0.0010104134638017517	0.0009202728625284491	-0.006274531980406558	-0.0018126698944507958	-0.0012282667956271492	-0.00014120805301687185	0.007713380257053216	0.011995319814250952	0.000694138577452987	-0.0013300207963187834	0.016309222723826147	0.008037898148609314	-0.0029696326032093183	-0.002727596972566503	-0.013771501064494865	-0.0044551987536869085	-0.00167600521257392	-0.004655646646327743	0.0006086594588000043	0.0023344890493347684	0.0013929755031285244	-0.009919220802387337	0.0012369623551703006	-0.002129998043212216	-0.0027703106432944605	-0.0021513221162695884	0.0011205999410887637	0.0008235668268644884	0.0	0.0	0.0	0.0	0.0	0.0	0.0	0.0	0.0	0.0	0.0	0.0	0.0	0.0	0.0	0.0	0.0	0.0	0.0	0.0	0.0	0.0	0.0	0.0	0.0	0.0
eti117	-0.08585095135083422	-0.023549980590429676	0.0015258343213398417	0.0002754979744634096	0.0018788981057887108	-0.00730256688504514	0.013957561901834281	-0.002392624757414614	-0.018956629406037196	5.927607534183992e-06	-0.008968472796192402	0.011418724199856867	-1.6858999231722793e-05	0.016640632270887308	0.009906378599498309	0.00789833137685489	0.0005334294382129506	-0.002168947337754891	-0.004343518112285869	-0.0015690375089426494	0.004549270604891615	0.008314884140196476	0.004390530212084783	8.373398988090067e-05	-0.004805383918248025	-0.001287482216999242	-0.0033234530691648835	-0.0007683927862803862	-0.001152931965384441	-0.005099065437380191	-0.0002668638551416019	0.0003693393120628264	0.0005466348554028019	3.980638837083443e-05	0.0	0.0	0.0	0.0	0.0	0.0	0.0	0.0	0.0	0.0	0.0	0.0	0.0	0.0	0.0	0.0	0.0	0.0	0.0	0.0	0.0	0.0	0.0	0.0	0.0	0.0
eti118	-0.00703032578602748	0.0094178076423481	0.03437712274842046	-0.009447777856030322	0.022371640003111846	0.00350993071789677	-0.018018072023005115	0.03805410045962248	0.014080562246361257	0.006093593874674237	-0.023379397345537338	-0.005230423056028618	-0.0054936503485792584	0.0019398994181519258	-0.00404251381201157	0.02231119749452736	3.002022039180934e-07	-0.00423447275349057	0.0001934491310687891	0.009738549007290844	0.0015525961624050296	-0.010644479412526274	-0.002437653068871079	0.0015999426395666436	-0.0012721534189100768	-0.0029483641046952084	0.0007137601850916033	-0.0019893113547224174	0.0001544748385003395	0.0009317372625959315	-0.000895255050339936	6.213267769502852e-05	0.0008182503478798798	-0.00035689393925846365	0.0	0.0	0.0	0.0	0.0	0.0	0.0	0.0	0.0	0.0	0.0	0.0	0.0	0.0	0.0	0.0	0.0	0.0	0.0	0.0	0.0	0.0	0.0	0.0	0.0	0.0
eti121	0.21003965065836977	-0.16218373730140115	-0.16447270460043076	0.025047992231935996	0.012124660262154387	0.025042302932487576	0.003960390803584912	-0.005499593900837294	0.001788341945179264	0.023306266026140447	0.01526423264367993	0.007843592707523817	-0.009679175025640764	0.0019622823465907414	0.01081128754393366	3.739596967563302e-05	0.013473330380479046	-0.002097726476510958	0.0058513981824637705	0.00106367380235419	-0.0022533629682015112	-0.0035981136118370294	0.006798597471204001	0.00630039463434611	0.0012761682351995006	0.0005700093852208203	-0.0016744935370885908	-0.00044374123923063237	-0.000565734042242119	0.0007121604119156185	0.0009257921693635492	-0.0002145633550476158	0.0002548957659930038	-0.0003113270146894182	0.0	0.0	0.0	0.0	0.0	0.0	0.0	0.0	0.0	0.0	0.0	0.0	0.0	0.0	0.0	0.0	0.0	0.0	0.0	0.0	0.0	0.0	0.0	0.0	0.0	0.0
eti123	-0.09029995154783996	-0.0333232752549801	0.0028139852754561325	-0.011842017121658093	0.01323591737606465	-0.004243335178092182	0.0011088313580511287	-0.0013213599196000402	-0.013022200007187037	-0.0017362245666507408	-0.008367975537585419	-0.002460227224518441	-0.0008008448540025421	0.010018227197159687	-0.00012693650829198494	-0.0005182914707598929	0.003910424762657634	0.002625841560013857	-0.00766363224140609	0.0066777514639711	0.0049097498028471045	0.006837890067952723	0.0010520426211533065	0.005622943702609936	-0.0004104684517274262	0.0006205736470844454	0.0010115491292415383	-0.00016829721749130207	-0.0019760772356818526	0.001136594836669355	0.001057803396430195	-0.0014909916111216553	-0.0035970341661269245	-0.0008925059396133444	0.0	0.0	0.0	0.0	0.0	0.0	0.0	0.0	0.0	0.0	0.0	0.0	0.0	0.0	0.0	0.0	0.0	0.0	0.0	0.0	0.0	0.0	0.0	0.0	0.0	0.0
eti125	-0.08539116565743403	-0.02878211491557865	0.0023637827449475867	-0.01482242781445758	0.00853922755900994	-0.0018623135589971604	-0.0034417139800684247	-0.006324631634718276	-0.0021146569168782638	0.006751239686395917	0.005872969301433474	0.0013702965557370764	-0.0023366318238515972	0.002351234240524397	-0.005957257327514659	0.0024954305165673174	-0.0013931632376894697	0.007361124691479167	0.010805813442407447	-0.0024945596930213434	0.0023813248391063606	0.001091402150134266	0.005315285532943288	-0.002894757821690365	0.005998653119305522	-0.003006279725057342	-0.0020746330343568036	0.009467781597136732	-0.0027328532845371403	0.0003563339235376295	-0.00419440555364147	-0.0024998188508048363	0.0005625338533504459	-0.0008221837705984343	0.0	0.0	0.0	0.0	0.0	0.0	0.0	0.0	0.0	0.0	0.0	0.0	0.0	0.0	0.0	0.0	0.0	0.0	0.0	0.0	0.0	0.0	0.0	0.0	0.0	0.0
eti129	-0.07575435985894868	-0.012594743709082045	0.0009118279536661794	-0.006285169656142083	-0.006470706139438461	0.0009809823002182973	-0.004012664034287362	-0.012584739460442631	0.003201907814626074	0.006541024595894692	0.017700038030748457	0.006995535806462143	0.0007172325802027968	0.0007544618124148071	-0.011800713301645546	0.013070574494915645	0.010712308124699062	0.011249805873237663	0.010201734241065118	0.0037165534086191004	0.0024826465030236633	-0.0003556159130521143	-0.002332965356961935	-0.003164063834726741	0.0024012276424254997	-0.008835570102559061	0.004621202189228464	-0.004538168654841524	-0.004208934179221569	-0.0008603687658667768	-5.915034114373177e-05	0.0010329752029597226	-0.002375162604324554	-0.00024069237986221065	0.0	0.0	0.0	0.0	0.0	0.0	0.0	0.0	0.0	0.0	0.0	0.0	0.0	0.0	0.0	0.0	0.0	0.0	0.0	0.0	0.0	0.0	0.0	0.0	0.0	0.0
eti133	-0.04161567493714863	0.01969442056328474	0.004690900363183242	0.02315346074723366	-0.017336474785552853	-0.0008938844616341894	0.006754952851359772	0.0063090453950211825	0.014575441682910788	0.005687239403509148	0.006335054182999006	-0.005559961269416654	0.023262373054032295	0.009650252722681649	0.024102507059224135	0.005497339493055652	-0.009989478827334952	-0.010688813303833583	-0.00578528120230025	0.008027454232106566	-0.009463165195932167	0.00026881364307308433	-0.010428676982005438	-0.002163175106533617	0.00968062628634471	-0.0024472612766935457	-0.002125737472112219	0.0021246123515253597	0.0014761917668789175	-0.0006184737781730149	-0.002688608811238384	-0.0013430437380484068	-0.0015538583457474896	8.862731295010889e-05	0.0	0.0	0.0	0.0	0.0	0.0	0.0	0.0	0.0	0.0	0.0	0.0	0.0	0.0	0.0	0.0	0.0	0.0	0.0	0.0	0.0	0.0	0.0	0.0	0.0	0.0
eti134	-0.033037624164398094	0.022469214383969503	-0.003058378107889934	0.02116753453314374	-0.02249830757198275	-0.02468450829518722	0.022455665217576373	0.02254217612619778	0.014871480037833156	-0.000788758778695688	-0.018805576498490496	-0.038681859474807706	-0.015630896802850833	0.007023023055557201	0.01294992080685091	-0.007656836149220125	0.014534014250213141	0.014461309270389733	0.0028595017785864674	0.004057327176536848	-0.001715467481094156	0.0014030381835584216	0.004331543365832952	-0.0007723502772453622	-0.004045544674740166	-0.00346598441090568	-0.0009587073919075731	0.0028606274441882896	0.001558112655032016	0.0010419099846714465	-0.000669728923450782	0.0017116060710294391	-0.0007301227616618609	-0.0002563275126208228	0.0	0.0	0.0	0.0	0.0	0.0	0.0	0.0	0.0	0.0	0.0	0.0	0.0	0.0	0.0	0.0	0.0	0.0	0.0	0.0	0.0	0.0	0.0	0.0	0.0	0.0
eti135	-0.0648376291408516	-0.0023229401240846275	0.006400851873439484	0.010285980648914403	-0.001374389022233292	-0.008488281470559566	0.01167229583568838	-0.013206544880400033	0.017061342211606257	0.0004900284201093939	0.002537317869696377	-0.005147928961950896	0.014108428278012708	-0.0030717383859636196	-0.006046899218846866	0.012425715344315582	0.005800615470377361	0.008242924914730028	-0.004761910536175186	0.006374688258683159	-0.0017957939857932194	-0.008702478358613756	-0.005455928526776879	0.012697647396755996	-0.001946212939991622	0.0008848617047655692	-0.0027414787113238747	0.0022995501102025763	-0.0025485362667040383	-0.0015018289562601145	0.002778546607634388	0.0002444897859327208	0.0015266037071881597	0.00032538813269919383	0.0	0.0	0.0	0.0	0.0	0.0	0.0	0.0	0.0	0.0	0.0	0.0	0.0	0.0	0.0	0.0	0.0	0.0	0.0	0.0	0.0	0.0	0.0	0.0	0.0	0.0
eti97	-0.04239549146856148	-0.0032021465058721804	-0.0049378192959791825	0.015668222503028524	0.02354592524592697	-0.011078198730528786	-0.052754503549366026	-0.001029911508327853	0.033217252465230086	0.04362616528430561	-0.008249943801898262	-0.028972686267586433	0.0032326110415291376	0.008587812378926217	-0.0007172468405194964	0.012509630860493554	0.00018025085581200803	-0.005609887421374085	0.004472401550127697	-0.00746184234391437	-0.006875002036544878	0.006312400861579755	-0.0003341485273673684	-0.003031364132398931	-0.0028483452139642417	0.000293744944701187	3.013508731220223e-05	0.000471059379750657	-0.00024095960901261853	0.001740905384349749	0.0012708801824685046	-0.00041600499412163	0.00014760541092348982	0.00017380834457765828	0.0	0.0	0.0	0.0	0.0	0.0	0.0	0.0	0.0	0.0	0.0	0.0	0.0	0.0	0.0	0.0	0.0	0.0	0.0	0.0	0.0	0.0	0.0	0.0	0.0	0.0

Biplot	0	0

Site constraints	0	0
