Eigvals	70
4.449916312572533	1.3936745091010907	0.3752740903225311	0.331627010951816	0.19642582294311559	0.13925226021595086	0.10872386311683993	0.06073532560498621	0.05434107772803898	0.048206273607147104	0.04016506475045503	0.034876310493125035	0.03290526031485266	0.027884288612333136	0.022548596449327857	0.018644526358991637	0.01721842071471119	0.009664967236525934	0.007989922594037052	0.00605536626660369	0.005381585554764562	0.00499594745211504	0.004356606940657259	0.0039869720448879875	0.0029189555021605362	0.0020433885044314477	0.001931056197249998	0.0016877367161070023	0.0014615600217218472	0.0009929135365946973	0.0007197642131430532	0.0005880227670196306	0.00046956538314731283	0.0003675984205077381	0.0002363550567922836	0.00021557545374886202	0.00010920304621673009	5.60708877937468e-05	2.6076235385484527e-05	0.0	0.0	0.0	0.0	0.0	0.0	0.0	0.0	0.0	0.0	0.0	0.0	0.0	0.0	0.0	0.0	0.0	0.0	0.0	0.0	0.0	0.0	0.0	0.0	0.0	0.0	0.0	0.0	0.0	0.0	0.0

Proportion explained	70
0.6006359812965815	0.1881138874492756	0.05065333944802841	0.04476199127267282	0.026512951846328396	0.01879584066025314	0.014675211762754674	0.008197866955621238	0.007334791095661191	0.006506734153825357	0.005421356579688949	0.0047074968394028565	0.004441450564629879	0.003763735287808923	0.003043540013761077	0.0025165806722708753	0.0023240893302056607	0.0013045474729285575	0.001078455112558917	0.0008173346652330869	0.0007263898225422712	0.0006743375806707064	0.0005880413700212746	0.000538149191663995	0.00039399161225746576	0.0002758102789622588	0.0002606480105473201	0.0002278054973270187	0.00019727686459866325	0.00013402040724007307	9.715155389369873e-05	7.936949975793731e-05	6.338048737967009e-05	4.96173012065246e-05	3.190247669821285e-05	2.9097709959189934e-05	1.4739890419881347e-05	7.568275523972265e-06	3.5196898388919635e-06	0.0	0.0	0.0	0.0	0.0	0.0	0.0	0.0	0.0	0.0	0.0	0.0	0.0	0.0	0.0	0.0	0.0	0.0	0.0	0.0	0.0	0.0	0.0	0.0	0.0	0.0	0.0	0.0	0.0	0.0	0.0

Species	0	0

Site	70	70
ec1249	0.058490883972278716	0.03328725803824245	-0.018472324834423643	-0.06708561652212788	0.0064235458222691765	-0.03019946032454662	0.025886789088192596	-0.005112818556298056	-0.04963641847147364	0.014463269067063468	0.028293068126171453	0.028366750070054098	-0.028359112861724205	0.004333366606935226	0.010059268159282103	0.03976321245399612	-0.012689563392313159	0.011630162287020776	0.00501347362974842	0.011800439616914944	-0.02071290554201631	0.02675556630223651	0.010059599788277564	-0.011293738511704439	-0.013015789252285486	-0.0013888613068388982	0.004851469212695209	-0.00809146283376898	-0.0004505813090765014	0.0026760237030472307	-0.00020613172804563557	0.0001899981579508428	-0.0011329827494409687	0.001657536803039736	2.1970147350889006e-05	2.0436458308105448e-05	0.00033838313848249076	-0.00014109015354275755	-9.38102991414408e-05	-0.0	0.0	0.0	0.0	0.0	0.0	0.0	0.0	0.0	0.0	0.0	0.0	0.0	0.0	0.0	0.0	0.0	0.0	0.0	0.0	0.0	0.0	0.0	0.0	0.0	0.0	0.0	0.0	0.0	0.0	0.0
ec1257	0.10090542452690666	-0.07827712666683481	0.017011834293241088	0.004707272203391364	-0.002566354333456701	-0.009523166826387859	0.0044349865316204535	0.025077555602741167	0.015055370215060957	0.010433391629055648	-0.008181518786171535	0.017156998795588782	-3.795444979642671e-05	-0.0029383309918658137	-0.002919183049723683	-0.0013752730872684017	-0.02315341365353618	-0.005019069749408222	-0.015253597855034329	0.009272974690534065	-0.0012993657279931044	-0.012673389792251608	-0.0014762263064262914	0.0010386126742963075	0.0028887325018441584	0.0008987071196582686	-1.332390245281236e-05	-0.010253525606183292	-0.0053968677951362586	0.009526673598735822	0.008270756974638069	-0.008516703160539431	0.005109590056340695	-0.0006013560256844003	-0.0015428587966705904	-0.0023747996562532574	0.00048610732663594767	-0.0004987823615030307	-0.0003374689845480453	-0.0	0.0	0.0	0.0	0.0	0.0	0.0	0.0	0.0	0.0	0.0	0.0	0.0	0.0	0.0	0.0	0.0	0.0	0.0	0.0	0.0	0.0	0.0	0.0	0.0	0.0	0.0	0.0	0.0	0.0	0.0
ec1265	0.0775729359770707	0.006636042633601146	0.0007645681779092732	-0.06082729552675595	0.037839557629502044	-0.014559320831583766	-0.029849298283844982	0.04379105495939354	-0.009235900548802327	-0.021208668029627543	-0.0017173868452232273	0.019425579495895864	0.010879123389550086	-0.012792931344565037	0.03563488184794142	0.02374319352646888	-0.008080976182927144	0.015580563046979752	-0.019486814230317007	-0.006787753960314694	0.010112402543302248	0.018144088106122228	-0.019974652703830573	0.015399676512152946	0.008174799280621741	0.010365797466997544	-0.006693706194991694	-0.001779162407964748	0.002432005588526677	-0.004865884304497982	1.1857668771722923e-05	-0.003916487032986734	0.001422261369686261	0.00019895580676844177	0.0003694142254503624	-0.00015466037429031777	-0.0004375535706977175	4.7780904501788037e-05	-0.000278403797293921	-0.0	0.0	0.0	0.0	0.0	0.0	0.0	0.0	0.0	0.0	0.0	0.0	0.0	0.0	0.0	0.0	0.0	0.0	0.0	0.0	0.0	0.0	0.0	0.0	0.0	0.0	0.0	0.0	0.0	0.0	0.0
ec1298	0.12648286779780302	0.1287885273429806	-0.09994967273076916	-0.2108897931090793	0.04073897300135549	0.025156514902193162	0.05028681948589104	-0.08181206298235574	0.05984389438814011	0.0472107791740722	0.07434741901328608	-0.043364043733557484	0.027889539524574028	0.03588646126628229	0.015737491395946428	0.015758699298231423	0.02403031498874136	0.0070077753187665634	-0.020485121410381852	-0.005147695475490166	-0.001342920387441848	-0.0024967130386616644	0.0012793781322911224	0.002619079610369007	-0.0008112889068612232	0.0016331593532377521	-0.002433668269232663	-0.0007593531053106237	-0.0003212435778783175	0.0016509796023488703	-3.0093001374471166e-05	-0.0006245959762764648	8.519528137851428e-05	-0.00016216587766303142	-0.00019468378804320905	-4.304619854035096e-05	5.478256509227964e-05	-4.5232512482384325e-05	-1.809543535892706e-05	-0.0	0.0	0.0	0.0	0.0	0.0	0.0	0.0	0.0	0.0	0.0	0.0	0.0	0.0	0.0	0.0	0.0	0.0	0.0	0.0	0.0	0.0	0.0	0.0	0.0	0.0	0.0	0.0	0.0	0.0	0.0
ec1301	-0.0007387640847975644	0.10972274779988381	0.008108496169841325	-0.08844760903620333	-0.10907740776404516	-0.04185639751559526	0.01595973477108435	0.022117784093120027	0.018596815787248828	0.06209486294289456	-0.03354874489310334	0.029690448166574873	-0.005760416389512008	0.012289292765215117	0.04363877881702384	0.04545949495253221	0.009806198529402132	-0.022775097094108555	0.003665066193440693	0.010246254535314029	0.014489978136078135	0.0057493439080207424	0.007604658572340515	-0.0006176961859492074	0.010502833646527588	-0.006421190747018778	-0.0015034829832875215	0.0016981630708300215	0.0014669264759853552	-0.000578551436646938	0.0001994077088145038	0.0002982246416500805	0.0013051166168868544	9.430550342437888e-05	-6.657212827839112e-05	-0.00011329361221818812	2.108845000296494e-05	5.0151123483505906e-05	-0.00021201261634004628	-0.0	0.0	0.0	0.0	0.0	0.0	0.0	0.0	0.0	0.0	0.0	0.0	0.0	0.0	0.0	0.0	0.0	0.0	0.0	0.0	0.0	0.0	0.0	0.0	0.0	0.0	0.0	0.0	0.0	0.0	0.0
ec1309	0.07935252545399443	0.1314033485467463	0.0011909686891200554	-0.2130325651413781	0.007563344493661757	-0.005580847621807348	0.024184124991871076	-0.007455157385377275	0.054486305314193705	-0.021313506549566895	-0.06294415143659346	0.03667942518508338	0.015244735466800158	-0.041185449422485525	0.0012437805067199179	-0.03368970353660668	-0.03252769543459826	0.012779129700035955	0.003393888619933299	0.01668805959919697	-0.012890635004742322	0.0015366831744928662	-0.0031427077760867207	0.000759348799982386	-0.00044719393418521803	0.006542228075444955	0.004860949322377163	0.001123505429807754	-0.0011330997512872664	0.0017210767004763104	0.00020742643696551212	-3.877531893507143e-05	-0.0013418147459043934	0.000872553228039236	0.000597326513528853	0.0003860952698726627	0.00020726215747448513	6.883200591635589e-05	-0.0001259640933935976	-0.0	0.0	0.0	0.0	0.0	0.0	0.0	0.0	0.0	0.0	0.0	0.0	0.0	0.0	0.0	0.0	0.0	0.0	0.0	0.0	0.0	0.0	0.0	0.0	0.0	0.0	0.0	0.0	0.0	0.0	0.0
ec1314	0.10521468791500257	-0.09788441318929063	0.028019986979486544	0.027459909466359886	-0.0004277093271527235	0.005127699624454684	0.0052909974815441695	-0.019888201931971553	0.004879871218461059	0.0013955242389802021	-0.004607327506005852	-0.004117227363546291	-0.01097447422664219	-0.0005886300927418937	-0.01408021539458448	0.012820353686538813	0.0015848565848466127	0.00023982882341701384	3.930503233907801e-05	-0.0006983899078868547	-0.0013097977558216886	-0.0030035867221270105	-0.018061078739260432	0.002385225913950158	-0.015441250858285634	0.005460512724804324	0.0004492778721672297	0.006820679335761703	-0.00046106163410669166	-0.002442578754992879	0.0020035591648550092	0.002395333071717368	0.0003438301012787419	-0.003815102542001546	0.00018872811766519664	-0.0012459326057299403	0.004234449498407896	-0.0004009381510822461	-0.00016487203648924166	-0.0	0.0	0.0	0.0	0.0	0.0	0.0	0.0	0.0	0.0	0.0	0.0	0.0	0.0	0.0	0.0	0.0	0.0	0.0	0.0	0.0	0.0	0.0	0.0	0.0	0.0	0.0	0.0	0.0	0.0	0.0
ec1317	-0.058000433897677124	0.20936170391280542	-0.15990646577129786	0.10105365727191543	-0.023194145373497004	-0.05781587303282143	-0.03704412929003431	0.001467175152477422	0.02985249395949699	0.04969848008713209	0.012239346190162204	0.025066378685527	-0.030392381937739247	-0.007927298144077131	-0.06463237232083334	-0.028124926462103846	0.02616131947163761	0.0031203435837575937	-0.014409011359531536	0.0178101009898509	0.006443480681744362	0.006291302962407914	-0.0006918540725567271	0.001625945751959285	0.005717637834041681	0.001522037342692796	0.0009572168148592216	-0.00020967661753023084	0.0013015956498818966	-0.0020096311616500905	0.00042894974725141025	-0.0002111109426278542	-0.0005487973644230746	0.00024048861042311336	0.0004264526340164073	-1.890624690245057e-05	0.00011783106321475552	0.00014641911940846538	-0.00034969646735992987	-0.0	0.0	0.0	0.0	0.0	0.0	0.0	0.0	0.0	0.0	0.0	0.0	0.0	0.0	0.0	0.0	0.0	0.0	0.0	0.0	0.0	0.0	0.0	0.0	0.0	0.0	0.0	0.0	0.0	0.0	0.0
ec1346	0.07466712682352836	-0.043464441472145704	-0.026756292735820742	0.01733064718724256	0.035904521253677976	0.004019434759033257	0.0005956951051321067	-0.018730317035117294	-0.014758675240242021	0.022806638428350734	0.016177736270336696	-0.009801408415484983	-0.061823922544263596	0.007465652449279663	0.010472417728867627	-0.015587680401787636	0.015244570665069226	0.01518542267953143	0.0018106042721219517	0.0013116562188951518	-0.010831451338199898	-0.00013848809742709025	-0.014891097262572763	-0.008107761081403488	0.012499457218805287	-0.0001524375947510698	0.004505471517868882	-0.005524982753001852	0.004350241677653174	0.0001462597482090891	-0.001903368876983338	-0.0003315805171482494	-0.001734091013120092	0.004198417003359018	0.0004563055455751034	-0.0006242522239823206	0.0010916141457639444	7.5401326890168826e-06	-0.00020510515409449045	-0.0	0.0	0.0	0.0	0.0	0.0	0.0	0.0	0.0	0.0	0.0	0.0	0.0	0.0	0.0	0.0	0.0	0.0	0.0	0.0	0.0	0.0	0.0	0.0	0.0	0.0	0.0	0.0	0.0	0.0	0.0
ec1349	0.10013695895641866	-0.04325032757240693	0.01370267737600385	-0.004091959888368321	0.025608231417523317	-0.022735884672150534	-0.003977925664157305	-0.0194318747164681	-0.02167547541986722	0.026558424417919908	0.006356399992790628	-0.0035925984466714522	-0.016045059256941264	-0.0052531935125852925	0.023538005183068138	0.0020854533058947467	-0.014329703078728674	-0.002127424337436233	-0.006624881681717732	0.006620697103470224	0.013689708305087906	-0.019059950751777778	-0.0024574327880215077	0.016239872290338075	-0.009194689891273438	-0.005902703241306547	0.002488296631533974	0.01628491037333569	-0.003776734371517518	0.0022080010656451844	-0.002191845204257351	-0.001262060933064031	-0.00161692300175379	0.0027841672120803825	-0.0011196843672588812	-0.00012445666175529892	0.0007910602105964486	0.00048593861022205447	9.515263480920812e-05	-0.0	0.0	0.0	0.0	0.0	0.0	0.0	0.0	0.0	0.0	0.0	0.0	0.0	0.0	0.0	0.0	0.0	0.0	0.0	0.0	0.0	0.0	0.0	0.0	0.0	0.0	0.0	0.0	0.0	0.0	0.0
ec1356	0.04709920636706233	-0.0076513070002706485	0.009534634436877874	-0.06602947767923414	-0.11568466446325783	-0.025303649731499903	0.083447779254789	0.0523065505444298	-0.020850023227666666	-0.02438391918343257	0.023053991743378105	-0.012466439272167385	-0.010464485970406197	-0.005420726191395565	-0.02950459487481034	0.02922475086276572	-0.01819430897453576	0.006624773047468073	-0.012994222399743124	0.00735418147016283	0.011310545575487262	-0.016228965170300102	-0.00030829366660864893	-0.012744814802235337	0.008395881849396403	0.008375931102822814	0.00042333624014221467	0.0061146651775202294	0.0007095788991174942	-0.0008299288149727944	-0.0016407502483360365	0.0016295944307613006	-0.0010085773878026403	0.00048049300305080085	0.0009288339322564887	-4.402399589757839e-05	0.0002681101801025129	3.734048472982468e-05	0.00011852013527833257	-0.0	0.0	0.0	0.0	0.0	0.0	0.0	0.0	0.0	0.0	0.0	0.0	0.0	0.0	0.0	0.0	0.0	0.0	0.0	0.0	0.0	0.0	0.0	0.0	0.0	0.0	0.0	0.0	0.0	0.0	0.0
ec1359	0.11330963329372072	-0.09685819133362522	0.03833027364052972	0.03554041794665572	-0.0017939947569608748	0.0015940929687535655	0.0028351952136923047	-0.017579966055472667	0.0008686126929906997	-0.0021063269317191605	-0.013356733204252815	-0.013957531944851156	-0.011594664184407482	-0.011521350226829097	0.00209382812201119	0.0006299549091142578	-0.0016935726808089678	0.009642510376350607	0.0015338971776776764	-0.0017179637270419758	0.001565758340137066	-0.0005973478025250034	-0.01032116287382843	-0.005112140486195173	0.002618620345706515	0.0028843016298450022	-0.006576416761401746	0.0018247959065474967	-0.002425990978698096	0.000971128681633407	0.002049588110290574	0.003133785899397477	0.0026252485807607582	0.006115560102552735	0.006303878879939772	0.003459390041131269	-0.0013156096804702309	-0.000972666171545242	0.0008438203672902232	-0.0	0.0	0.0	0.0	0.0	0.0	0.0	0.0	0.0	0.0	0.0	0.0	0.0	0.0	0.0	0.0	0.0	0.0	0.0	0.0	0.0	0.0	0.0	0.0	0.0	0.0	0.0	0.0	0.0	0.0	0.0
ec1361	0.10763009758936883	-0.08790116698512385	0.02094160556674943	0.024650253953845104	0.0002208843131643705	0.001614510949136872	-0.009397463392230007	-0.00977305482827344	-0.002243133068659721	-0.00045050389955344247	-0.011491424290693324	-0.011988028395988073	-0.005811513138984709	-0.013842701921039612	-0.0009796649039947275	0.0014730326181297715	0.010993361175209231	0.0035528017080818943	-0.012197847392893871	-0.005635554967941679	-0.0048883551865389965	0.001506214578765136	0.003765906414081937	8.205037218323791e-05	0.0019282974958435585	-0.001520546610796091	-0.002895958918998686	-0.002466964645480109	-0.0007365000376457217	0.005144820852471972	-0.0002382186762887618	0.005766067195241457	-0.005916314429240118	-0.0023876058830309952	-0.0005686905767978393	-0.0031421948129081163	0.00018282363265313635	0.004300628080035661	-0.00046113001155738333	-0.0	0.0	0.0	0.0	0.0	0.0	0.0	0.0	0.0	0.0	0.0	0.0	0.0	0.0	0.0	0.0	0.0	0.0	0.0	0.0	0.0	0.0	0.0	0.0	0.0	0.0	0.0	0.0	0.0	0.0	0.0
ec1362	0.09445583276329945	-0.03453862185428731	-0.03974649083637997	0.015341762865661104	0.027278126042450168	0.006928639788246867	-0.006270777452992979	0.016392918366632443	0.01304285365144163	0.012647824969229478	0.007602574693896953	0.001253999997394897	-0.01842488751495533	0.005109833380133522	0.014707449075842994	-0.007173712377714632	-0.006594725271352676	-0.012671638308949646	-0.004635307619018633	-0.0013239730623946806	0.016378405869140047	-0.009124260308815503	0.004286071499036647	-0.007142343903844511	-0.01365216158065079	-0.008271473305530469	-0.007319740869217042	-0.0071649507760834	-0.00044400575041826304	0.005039308462946294	0.003403787462818056	0.003287458255388929	-0.0033014154590217696	0.0028429080099569804	0.0017015336270015348	0.0010980059346371695	-0.0005389424614751267	-2.436782980455794e-07	0.0007680778529556172	-0.0	0.0	0.0	0.0	0.0	0.0	0.0	0.0	0.0	0.0	0.0	0.0	0.0	0.0	0.0	0.0	0.0	0.0	0.0	0.0	0.0	0.0	0.0	0.0	0.0	0.0	0.0	0.0	0.0	0.0	0.0
ec1368	0.0914496807407139	0.0835411097272363	-0.04405729411456759	-0.12017214017825474	0.06535412585259157	0.011096665095674202	0.02738249487375927	0.004277293106771655	-0.01610845439997164	0.004198078548778425	0.021348874173322836	0.024507107623703346	-0.03675646999723538	-0.04339417257510056	-0.053635731505005606	0.00973865376937964	-0.031013752280774746	-0.007828142394790261	0.021906310647756302	-0.027848090988106578	0.01349259909344906	-0.003482546342143056	0.0031975220103586536	-0.0036118523999725933	0.003861184531109091	-0.007402349624817568	-0.0025962227463483824	-0.0006190724561833778	-0.0003469787837348484	0.000348682963916325	-0.0008241448338522042	0.000504839671527214	0.0024542964590406604	-0.0003243449315381436	-0.0010599515045108731	-6.505956216766733e-06	0.00025540423722636164	1.3268260651622489e-05	0.00022442252731853126	-0.0	0.0	0.0	0.0	0.0	0.0	0.0	0.0	0.0	0.0	0.0	0.0	0.0	0.0	0.0	0.0	0.0	0.0	0.0	0.0	0.0	0.0	0.0	0.0	0.0	0.0	0.0	0.0	0.0	0.0	0.0
ec1378	0.11445517430961545	-0.09710699794391765	0.03322955681888376	0.04394051101272971	0.011669655924223614	0.013590562803766675	-4.738026263630977e-05	-0.0179501840743101	-0.0008622271103111515	-0.0024350285683804383	-0.007795241524186845	-0.0238746951938741	-0.01804512578057175	-0.0009017670246067297	-0.0011748911773470975	-0.0009178269337232395	0.013816534967901839	-0.003899789768865647	0.011985167302295461	0.012884574564594315	-0.0026839742703207714	0.0037137854274554767	-0.0016497595574998707	-0.0034561727569086087	0.0008426188168101891	-0.0015768586947043067	0.0012023674269892883	-0.002762648655811589	-0.007439365015459065	-0.0009346487170132389	0.001485972004134144	0.00015883676306300255	0.008923250862446852	-0.0028208724938749946	0.002743417307000019	-0.0051884509314990244	-0.002309705786387484	0.001378253664552503	0.0008836851210666361	-0.0	0.0	0.0	0.0	0.0	0.0	0.0	0.0	0.0	0.0	0.0	0.0	0.0	0.0	0.0	0.0	0.0	0.0	0.0	0.0	0.0	0.0	0.0	0.0	0.0	0.0	0.0	0.0	0.0	0.0	0.0
ec1380	0.10951980710489244	-0.08107659688162452	0.012600701114042817	0.029858385776984665	0.004927658164086158	0.008357227980700165	-0.008515010423416455	-0.013009156730369148	-0.004463369815815166	0.0035388027774063582	-0.00925468486459862	-0.01524486587768413	-0.00864969891600346	-0.008844486098407782	0.006780062339953383	-0.0024920504619282786	0.00462169595174544	0.0010963683569508035	-0.0033829716907984838	0.008098051515965347	-0.0036578453054596336	0.0027918037348570236	0.0065594967065177884	-0.004146711144578407	-0.002360145952590757	-0.013014534688659544	-0.0008874057796882212	-0.0006314267603663808	-0.009781057196035723	0.0019146111533325477	-0.0005910612397086329	-0.0009481690582679638	-0.0032675776682684786	-0.00043959254727461694	-0.0001683401626589772	0.001308879333348225	-0.0004546990989192939	-0.001434009956190481	-0.0015106250363634364	-0.0	0.0	0.0	0.0	0.0	0.0	0.0	0.0	0.0	0.0	0.0	0.0	0.0	0.0	0.0	0.0	0.0	0.0	0.0	0.0	0.0	0.0	0.0	0.0	0.0	0.0	0.0	0.0	0.0	0.0	0.0
ec1390	0.11015852635761177	-0.09899471202535985	0.038705387198510736	0.03164747633886666	-0.00700834776202821	-0.003338634069451834	0.00890861603617063	-0.014344988744957104	0.00039763342355799157	-0.003940005076285348	-0.010666051394264584	-0.013141679304893098	-0.010914495885551071	-0.011671611113919308	-0.002866575650835768	-7.752470541863034e-05	-0.010314451393427114	0.002464308455703552	0.001385733965752534	-0.0030248177724137145	-0.006199830571873559	0.0058796630119877695	-0.013803542663416319	0.005589478823429823	-0.00246466965519082	-0.009116913667579095	-0.002499421160318524	0.004285947337611384	0.001028014091492548	0.0011786372053652463	0.0035761781651602004	-0.003857675612228017	-0.002909051925921199	0.005820702834986323	-0.0024867806436504403	-0.00291863964781476	-0.00026517005336138824	-0.001191320994687491	-0.00013884536610247442	-0.0	0.0	0.0	0.0	0.0	0.0	0.0	0.0	0.0	0.0	0.0	0.0	0.0	0.0	0.0	0.0	0.0	0.0	0.0	0.0	0.0	0.0	0.0	0.0	0.0	0.0	0.0	0.0	0.0	0.0	0.0
ec1392	0.10373204798650036	-0.07876859119181465	0.008180827772524144	0.011476262902011673	0.016257119015828724	-0.0014989821984359246	-0.018541691212637885	0.01935270096638687	0.017691640311568453	-0.008564807575118157	-0.007879921506189432	-0.009586399845414493	0.002701555061218307	-0.0022039909747439534	-0.006324023135574218	0.003194207961238614	0.000528438559935161	-0.013419712230909877	-0.012516069567866007	0.00019451224868285446	-0.0169131689828122	-0.004330684078587153	0.008896197831010255	-0.0005267371067489745	-0.00576118991255625	0.005218372088935093	-0.007933835821028875	0.003739593936373667	0.0023099229825479903	0.002612231396876222	-0.005272159475766274	-0.0037779863569439454	0.0007067604361555813	-0.004440075924025503	0.0028892126131804525	0.0032287477591742574	0.0009273752654525859	-0.0004090389515755693	-0.0011385367925361366	-0.0	0.0	0.0	0.0	0.0	0.0	0.0	0.0	0.0	0.0	0.0	0.0	0.0	0.0	0.0	0.0	0.0	0.0	0.0	0.0	0.0	0.0	0.0	0.0	0.0	0.0	0.0	0.0	0.0	0.0	0.0
ec1393	0.08447160566993553	-0.025549705250386853	-0.052060632992624346	0.00035849533110721875	0.037284028745126416	-0.0013999089480816727	-0.0009529400558702976	0.02012015422736583	0.014440666112185896	0.02295036262667169	0.025139039933508016	0.008823381080638501	-0.029102963981251048	0.028396259019784233	0.0013822018886143334	0.0065657751156510255	0.0026488411152074077	0.02531013168175899	0.01659678019372309	-0.012921203741178097	-0.015575137823106492	0.0015961164577355164	-0.008347565742125829	0.004433036870649291	0.0015393176126406217	0.002753749372550041	-0.00750624320359388	0.009538315767160317	-0.004973465625643883	-0.001772804673185471	0.006356216614665847	-0.000719202602657222	0.0013587116241340746	-0.0038325959197861117	0.0015362767507260846	0.00111501088841017	-0.0007058959076608805	0.0007592032519682587	-0.0003927492796447518	-0.0	0.0	0.0	0.0	0.0	0.0	0.0	0.0	0.0	0.0	0.0	0.0	0.0	0.0	0.0	0.0	0.0	0.0	0.0	0.0	0.0	0.0	0.0	0.0	0.0	0.0	0.0	0.0	0.0	0.0	0.0
ec1396	0.11409546030853243	-0.09567952220996562	0.03442537465707019	0.03856366038251587	0.00403918190893247	0.008232547204665003	-0.006792240274990604	-0.011012865373558327	-0.0006880813933996963	-0.011809481626561955	-0.008967893864663698	-0.024336644163645522	-0.006779785625122142	-0.011771479220700093	0.006402674637745217	-0.0008560592591400804	0.007755198250675702	0.00293006905698576	-0.002178803201329438	0.0032729455049528003	0.0005813793629036412	0.0021634038524978695	0.004974702185217748	-0.0014266133701263172	0.005637202850818107	-0.00046749144232721587	0.0039020516020958833	0.0003907585627723815	0.0070620328145400675	0.0008306303659509087	-0.005555619432448552	0.005763498760349129	0.00582898640231304	0.0005320374229368541	0.001191364955369621	-0.0028864520079989416	0.00021842084015140294	-0.0018857626250606313	-0.00155853678280152	-0.0	0.0	0.0	0.0	0.0	0.0	0.0	0.0	0.0	0.0	0.0	0.0	0.0	0.0	0.0	0.0	0.0	0.0	0.0	0.0	0.0	0.0	0.0	0.0	0.0	0.0	0.0	0.0	0.0	0.0	0.0
ec1400	0.09112860282581513	-0.0661062884985744	0.019694181128284173	-0.0013603052832505116	-0.011135912732364348	-0.020186102484511696	0.016154460180042962	0.0061539802818427036	0.0023137548039115063	0.016091042701302884	-0.0034210324695836828	0.013213294644090613	-0.01653857874008991	-0.01080629327701613	0.014664789828175793	-0.0047570239189910005	-0.02922391344787286	0.006144718570513364	-0.004136961373541025	0.007355966401736784	-0.0053927465576435974	0.005440751987084322	0.005505095670055645	0.008760745273199885	-0.016317120145766306	0.00455765667660202	0.00652790935451097	0.00031310440819090445	-0.0013888833184468815	-0.002671154763930873	-0.0023030819891101334	0.007712387429456225	-0.00025901772660304683	-0.0029265513389245415	7.09856041183142e-05	0.0015748754418371826	-0.0010258195580030067	0.00025349443260102005	0.0002170618511845083	-0.0	0.0	0.0	0.0	0.0	0.0	0.0	0.0	0.0	0.0	0.0	0.0	0.0	0.0	0.0	0.0	0.0	0.0	0.0	0.0	0.0	0.0	0.0	0.0	0.0	0.0	0.0	0.0	0.0	0.0	0.0
ec1408	0.10769217976065604	-0.09323897790773288	0.04339232830228213	0.03380219465519935	0.0014673403593586114	-0.002954676835729777	0.005795545416759448	-0.015698476891254625	0.0026411263354401376	-0.005048337420697052	-0.012837914088557903	-0.017854134166594926	-0.014336106251887817	-0.008467315282893408	-0.00043739921844423654	-0.0008429036250654782	-0.006880840186499427	0.008938655441457385	0.003866217825383201	-0.007643482521336729	0.007975661678334854	-0.0003651698083675486	-0.003959754174839117	-0.012477706417484045	-0.002994213253077125	-0.006244288664469026	-0.009268575530370651	0.0013640788860051335	-0.008702886389483012	-0.007896409156347477	0.0004894624685683354	-0.003483927150717927	0.001037748958392114	-0.002224081904576401	-0.0016019280510077706	0.003535858905342904	-0.001041788440236376	0.0007964799899194557	-0.001185991742162996	-0.0	0.0	0.0	0.0	0.0	0.0	0.0	0.0	0.0	0.0	0.0	0.0	0.0	0.0	0.0	0.0	0.0	0.0	0.0	0.0	0.0	0.0	0.0	0.0	0.0	0.0	0.0	0.0	0.0	0.0	0.0
ec1409	0.10561133245189086	-0.0881436929280635	0.036650475909232476	0.03005233589921159	-0.003238564106188043	-0.0010123689554135025	0.004018558248121511	-0.02402637269290871	-0.012595010564089126	-0.004618305774010056	-0.021884761637853033	-0.01105988758055013	-0.01848015229905765	0.01568382948276583	0.009421564581833733	0.005446808518615424	-0.01578535682184996	-0.008663981348833956	0.003730481748701358	-0.00505895156053983	-0.0045128103849488566	-0.018528861279396375	0.004157554951270206	0.004456553842559274	0.014014348411449473	0.01131821062488433	0.0021967392842463314	-0.011221946246007815	0.002026921684038866	-0.009914302584091341	0.0036857002878656654	0.0014772425848396122	-0.004264416431567152	0.0004152531996847954	0.0011181104117978875	0.0011162935407416131	0.0002879271792657873	0.0006768060246710956	-0.0005248044155772176	-0.0	0.0	0.0	0.0	0.0	0.0	0.0	0.0	0.0	0.0	0.0	0.0	0.0	0.0	0.0	0.0	0.0	0.0	0.0	0.0	0.0	0.0	0.0	0.0	0.0	0.0	0.0	0.0	0.0	0.0	0.0
ec1411	0.10421671873791698	-0.0629469957301656	0.03099927748303811	0.0075993544535893345	0.024365650236984608	-0.02122765566121309	-0.010292638209813108	-0.022589947085058588	-0.016726633463597724	0.013739936877646486	0.0011989493521905883	-0.01796138142706506	-0.007625353301117614	-0.017441583083220892	0.018479484000018274	-0.0006597757278455332	-0.005005646599734055	0.002428624639765504	0.0021041980384657872	-0.0016359248801485796	-0.010177082848731684	-0.021907090014202237	0.0041681561137726034	0.01134628701196983	0.00553528777779347	0.004043783581622396	-0.003069550486878184	-0.005365180255587818	0.0048710426603440216	0.011281917566472299	-0.0023678727241890625	0.000921248681233567	0.0036075782097725498	-0.0024148878319724854	-0.00015169119539050198	0.00017060166380573538	-0.0009675192221909577	-0.0008005429097059927	0.0002912134220801862	-0.0	0.0	0.0	0.0	0.0	0.0	0.0	0.0	0.0	0.0	0.0	0.0	0.0	0.0	0.0	0.0	0.0	0.0	0.0	0.0	0.0	0.0	0.0	0.0	0.0	0.0	0.0	0.0	0.0	0.0	0.0
ec1420	0.116994563565202	-0.10089960988283557	0.03256670669514436	0.039731226552452745	0.0004057117246423235	0.008652329635865893	-0.005820727424761947	-0.014754948935578216	0.0029437230399893995	-0.008102449480184211	-0.010596023271525546	-0.024351030418873185	-0.008772212048573001	-0.011419004628938101	0.00318419923453037	0.006046512060268255	0.0038110844054038426	0.004312008280269923	0.003114540076285681	0.0021178394967614205	0.0033634830481776693	0.0075205415281484065	0.002660199278798209	0.0019348953502409992	0.006513814684598917	-0.0023599854041540342	0.005775735901026495	-0.0009818862448155502	0.008110397044909453	0.0031548220153917103	0.0019545922609524573	-0.0014472638035345061	0.0003723857334891456	0.0014135431516830996	-0.0007936240400390015	0.002155889655177892	0.004340488358849582	0.0022839441637986864	0.0012913799853625548	-0.0	0.0	0.0	0.0	0.0	0.0	0.0	0.0	0.0	0.0	0.0	0.0	0.0	0.0	0.0	0.0	0.0	0.0	0.0	0.0	0.0	0.0	0.0	0.0	0.0	0.0	0.0	0.0	0.0	0.0	0.0
ec1422	0.10777969233745437	-0.0914085837388123	0.023867838491352468	0.03341676497737551	0.0066164421944079725	0.008089741459956334	-0.0038680084935041642	-0.019979812051798537	-0.0016121566923338554	0.002722995825185728	-0.005632343010457165	-0.012268670715483813	-0.011448653256459228	-0.004092315168254303	-0.002029507070692286	0.0021290835701585154	0.013285934652428368	6.684872598405521e-06	0.006499237928597779	0.0074730349883522056	-0.0026673160402274384	0.00030709214977881383	-0.0033815731073069304	-0.0038131540800863564	0.004993579421970865	0.00790514291099062	-0.0024927677109373167	-0.002882600269986068	-0.0037031824845194417	0.00016676386629174076	-0.0023041453968396033	0.00333192635703019	0.0013299548670807496	-0.0009351846946007437	-0.010454130193798747	0.0021103984233395235	0.0004416551405913925	-0.0017231306443317273	0.0004460808954678745	-0.0	0.0	0.0	0.0	0.0	0.0	0.0	0.0	0.0	0.0	0.0	0.0	0.0	0.0	0.0	0.0	0.0	0.0	0.0	0.0	0.0	0.0	0.0	0.0	0.0	0.0	0.0	0.0	0.0	0.0	0.0
ec1424	0.10679176685734938	-0.07815867081342223	0.010741662012260463	0.0212583919424585	0.0056226299078073454	0.00163065652854572	-0.009678910388576102	-0.008717325715250808	0.009135325353718067	0.010944064293060336	-0.007445120982497769	-0.0018149230310721748	0.002929880035242423	-0.01227743025504951	0.010768015875528994	0.004976695591208463	-5.954674807874176e-06	-0.0012598840082202057	0.005618114335331433	0.007573595689999731	-0.0018105421798395678	0.0035036574152498595	0.0071949618934689175	0.0018602337593395268	0.009465722542065076	-0.007998468120500079	-0.00039327528101147207	0.0018524601743375735	-0.0060954608385027365	-0.004602805509179126	-0.005193190741203369	-0.0007535510853585	0.0015578008287111798	-0.0021753026671402255	0.0032834179862076232	-0.00021206396042234646	0.0021281520045816336	-0.0007213249642462825	0.0017334399973119293	-0.0	0.0	0.0	0.0	0.0	0.0	0.0	0.0	0.0	0.0	0.0	0.0	0.0	0.0	0.0	0.0	0.0	0.0	0.0	0.0	0.0	0.0	0.0	0.0	0.0	0.0	0.0	0.0	0.0	0.0	0.0
ec1425	0.10991013345613461	-0.09109082995077451	0.020464356421389357	0.018800038015195142	0.005894933046980592	0.006869036808649131	-0.009729775848451814	-0.00965474118051522	0.00714182355172109	-0.0013378708935941953	-0.009076927427123975	-0.009687049269803016	-0.007416808922170467	-0.005500685786725301	-0.014948893887782078	0.007678200116894519	0.013094932320468234	-0.009404787009565608	-0.0038682141353313434	-0.010929001008367628	-0.0108580447492123	0.006825937205566811	0.01560429917881556	0.006735467637493906	-0.010819638637809773	0.011689977286671897	-0.0039749278614977235	0.005433101564790925	0.002002765393458612	-0.003702297299037719	-0.00258904886870137	-0.005297213750963438	-0.0010222914752461851	0.008251306800768922	-0.0003533609522048129	-0.002400766405283943	-0.0017998902692075158	-0.00018994903600271228	0.000727860211785628	-0.0	0.0	0.0	0.0	0.0	0.0	0.0	0.0	0.0	0.0	0.0	0.0	0.0	0.0	0.0	0.0	0.0	0.0	0.0	0.0	0.0	0.0	0.0	0.0	0.0	0.0	0.0	0.0	0.0	0.0	0.0
ec1427	-0.006294092995962224	0.20700450008412488	-0.13334631640979075	0.07360602390770273	-0.04187980248333587	-0.011038638738982559	-0.03215148738880566	-0.007934820409299168	0.006932652180944317	-0.00070908235060283	-0.051269373692800296	-0.00988738922619622	-0.011721440563940295	0.007804835245772778	-0.007676368191820975	0.00833925971389619	-0.009217112085408024	-0.03824138389855848	-0.006634073103717747	-0.02130480772579193	-0.019701402345558724	0.0008484288817399116	0.003281213954446642	-0.005659292287178509	-0.0007041665641506111	0.005695471125699678	-0.004025200913864604	0.002659071570049392	0.002086566209278467	0.0012733513530538755	-0.0009540712146207496	5.8064753003106224e-05	0.00017262194525874525	-3.31437472526076e-05	-0.0001426840456509414	-0.00013876928255705876	-3.408438843150864e-06	0.00012692925377210082	6.04056205913791e-05	-0.0	0.0	0.0	0.0	0.0	0.0	0.0	0.0	0.0	0.0	0.0	0.0	0.0	0.0	0.0	0.0	0.0	0.0	0.0	0.0	0.0	0.0	0.0	0.0	0.0	0.0	0.0	0.0	0.0	0.0	0.0
ec1435	-0.028073498108710754	0.2249933895769721	-0.041889513059438985	0.1173406572219801	-0.08908044471098783	-0.014534008304297	-0.02663886527983126	-0.05144240423051683	0.006610754719227243	0.00972879771917047	0.06416366441086532	0.04606235304759999	0.06994557272015407	-0.03982353693245884	0.010214720878654887	0.0004356285679695174	-0.01449968001840388	0.0036719456692108354	0.018420146460353254	0.0006305737054770449	-0.013711412464597736	-0.007113835439123503	-0.00558936495427907	0.00020172690502802648	0.004719912443626607	-0.0001816680929951502	8.442610006675135e-05	0.001534866672460046	-0.000344310995523079	-0.000520483159374293	-0.000490638768632618	0.0002762010802774079	1.9298234694018872e-05	0.0005936003552288163	0.0005132726884374022	0.0001098657793481086	-0.00021883235184300934	2.9894382979780974e-05	0.0001609151021048783	-0.0	0.0	0.0	0.0	0.0	0.0	0.0	0.0	0.0	0.0	0.0	0.0	0.0	0.0	0.0	0.0	0.0	0.0	0.0	0.0	0.0	0.0	0.0	0.0	0.0	0.0	0.0	0.0	0.0	0.0	0.0
ec1437	0.04168057290213224	0.16228299908396826	-0.10477235913529477	0.0072428771353304664	-0.021781284826206674	-0.012181056071701554	0.03166143771750761	-0.08862492277060707	-0.045418788801043226	0.0035739216719632336	-0.04693280948248369	-0.014543544433437689	-0.010707210819014353	-0.049443603455612446	0.0002742393394405143	-0.0016202641298970833	0.018530930643022782	0.014894479026791783	-0.0034310704378379803	-0.0011423897360970374	0.01666105787955059	0.0017091903250562792	-0.00019493372830559655	0.0066693118442628565	-0.003944056899588482	0.0005864989084672975	0.0004636625339500589	0.0012192232486796322	7.619446879876873e-05	-0.000470765791317567	2.177926796006096e-05	-0.0005477058665057182	0.0006256940514005162	-0.0013838672111541597	0.00024126130044028516	-1.7399677382930795e-06	-0.0004863428588819646	-3.6338511533638923e-05	-0.00026178176387455236	-0.0	0.0	0.0	0.0	0.0	0.0	0.0	0.0	0.0	0.0	0.0	0.0	0.0	0.0	0.0	0.0	0.0	0.0	0.0	0.0	0.0	0.0	0.0	0.0	0.0	0.0	0.0	0.0	0.0	0.0	0.0
ec1442	-1.156502096481058	-0.07174002723290408	0.03883000009082727	0.08876358527910133	-0.01333343353437744	0.21239270286816186	0.06269639658888693	0.00176594393232377	-0.010154042819298268	0.005102869642981957	-0.02149806003351893	0.01099725931311176	0.0014634389974206513	0.020847333015289966	0.0075045028537868924	0.004903277007604903	-0.007904257954406958	0.00806193919851563	-0.004644179536633069	0.003809285867159339	0.000708920533970083	0.0003618383625352232	-0.0008375101241576325	-0.0003438972715682409	0.00010855314545804778	-8.38992518986004e-06	-0.00028166716817061625	0.00041092974672025966	-0.0006519846108680478	0.0005676589705448634	0.00019333081426920078	-0.0004048347390361432	0.0002514855187263103	4.833184860022557e-06	-0.0001381438831047408	9.59201004023301e-05	7.818776717585621e-05	-5.5721342526644144e-05	8.635288902482406e-06	-0.0	0.0	0.0	0.0	0.0	0.0	0.0	0.0	0.0	0.0	0.0	0.0	0.0	0.0	0.0	0.0	0.0	0.0	0.0	0.0	0.0	0.0	0.0	0.0	0.0	0.0	0.0	0.0	0.0	0.0	0.0
ec1449	-0.02442963495226929	0.3695399241867893	0.25967438764264084	-0.10574020114416909	0.05168697624434154	0.1365213600316747	-0.016758609976924264	0.05807195667709993	0.0002442475899677349	0.07196357385641279	-0.0010331556002351804	-0.01436073871819108	0.013621113406289952	-0.04198247362202974	-0.019371957534696133	-0.004972360518857372	0.025234697069463533	0.0012220038717278515	0.004740422963286825	-0.00780371045088575	-0.006195179497354517	-0.0032882213929791796	0.004145960065077112	0.004694379400407558	0.0009993951104097986	-0.0011215358753511753	8.259492932640006e-05	0.00012296900509423166	0.0014918408580846415	-0.0002704316308344053	-0.00046190942591359816	0.0007524309436091809	-0.0008090102763666649	0.0003403422022024615	0.00047592369746887124	0.0001776640447776666	2.936695023968858e-05	9.811710348103716e-05	-0.0001100953869989238	-0.0	0.0	0.0	0.0	0.0	0.0	0.0	0.0	0.0	0.0	0.0	0.0	0.0	0.0	0.0	0.0	0.0	0.0	0.0	0.0	0.0	0.0	0.0	0.0	0.0	0.0	0.0	0.0	0.0	0.0	0.0
ec1457	0.08905425018151823	0.01088517530342699	-0.08105235882675252	0.017553320877787406	0.04183703902116053	-0.0003630089518795536	0.0024433798209256958	0.03168407263192609	0.006702105199841771	-0.006435680195884095	0.008060120319710502	-0.005154971104844513	0.006721904412099457	0.020855026076338677	0.0024804205065234513	-0.0019418803944218695	-0.028084887186533736	0.0037106176638437563	0.0032733157576476588	-0.016315202010755234	0.013501070604724594	0.0108348772723029	0.005301252646348157	0.01389452398176924	0.0035994472118794853	-0.0013591884336190347	-0.0031736051854060355	-0.005216699183507972	0.0018172956091096347	-0.0009342956715355544	-0.008559563318541274	0.0017542619344670103	0.001802088720467976	4.7595518923627485e-05	-0.0016990572809169743	-0.0020140935601497697	0.00018449410229064885	0.0001307936459704819	-0.00022485416155478347	-0.0	0.0	0.0	0.0	0.0	0.0	0.0	0.0	0.0	0.0	0.0	0.0	0.0	0.0	0.0	0.0	0.0	0.0	0.0	0.0	0.0	0.0	0.0	0.0	0.0	0.0	0.0	0.0	0.0	0.0	0.0
ec1462	0.11692664525401952	-0.10751921523800308	0.00930835196794117	0.028728711497450685	0.019212015332919705	0.010802817613549755	-0.007561726830604071	0.018129080099967793	0.04261132072696326	-0.0064878158801558745	0.0012538550162931729	0.007783224172080703	0.009414727897653661	0.02625081547284941	-0.0335150899375862	0.021805967417349508	-0.0015432561165395204	-0.0026060090267475506	0.03087737395698231	0.010690496324240793	0.0026392009170614463	0.007886891346710721	-0.0017352163962980288	0.019030825215061116	0.0019051451352641137	-0.004227194726086111	-0.0015981453174344921	-0.0007133378594451722	0.003912690290720695	0.0033395330077785933	-0.0007380932217539971	-0.0014941872858676953	-0.001950252007183248	-0.0007238444009682248	-0.00023514069482372113	0.00032369675505679345	1.928303453026141e-05	-0.00011157536411430402	-0.0005631717869775855	-0.0	0.0	0.0	0.0	0.0	0.0	0.0	0.0	0.0	0.0	0.0	0.0	0.0	0.0	0.0	0.0	0.0	0.0	0.0	0.0	0.0	0.0	0.0	0.0	0.0	0.0	0.0	0.0	0.0	0.0	0.0
ec1468	0.03413289600227326	0.02726587424231242	0.010708146315863714	-0.07271896862662199	-0.17718017229017097	-0.03704420262129297	0.0912564833182965	0.04571053734131514	-0.0066795371614989255	-0.016219134046296223	-0.016397374996465826	0.0009790138696226891	0.005940163654190534	0.013806282611075025	-0.001266176527602309	-0.04117898900385356	0.04734770676528371	0.013647265424588943	0.007246348271442732	-0.012208424233350447	0.0011801677856002682	-0.0021189388891325136	-0.0033752590774781704	0.0018477862921240289	-0.008120211631976418	1.927425779573957e-05	0.00018332144173664245	-0.005253016685093151	0.0007761932845995759	0.0011931147761821263	-0.0017551429225289748	-0.0007175032933093769	0.0013288601903237204	0.0009375444477168764	-0.0007579656894600423	0.00018795054049294385	-7.666564446187458e-05	-7.341277752273536e-05	-0.0001544271933693055	-0.0	0.0	0.0	0.0	0.0	0.0	0.0	0.0	0.0	0.0	0.0	0.0	0.0	0.0	0.0	0.0	0.0	0.0	0.0	0.0	0.0	0.0	0.0	0.0	0.0	0.0	0.0	0.0	0.0	0.0	0.0
ec1469	-0.0335983490351847	0.3226529883743053	-0.06491663849183034	0.18095074537982933	-0.008559433810264068	0.000857362837919402	0.0007009827175902768	0.045498154542303194	0.005573077625839341	-0.03982938135715082	0.007404345039981867	-0.018061337737851492	0.018534061217493455	-0.043932638130481316	0.03305476853769188	0.004831989241647143	0.004071852160796945	0.01071804259188232	-0.02141436249594182	-0.006199882458854167	0.005770163418601231	0.0016531392338536147	0.001106865967137402	0.0034985235859032906	-0.0030859263213932754	-0.004059633055306884	-1.0855082654850761e-05	-0.0022007422719512587	-0.0013253111594750335	0.00047249613345447293	0.0016131837195427336	3.201993225127009e-05	-0.0006353199341460225	-0.0008190784433499907	-0.0006415074663077981	-1.9563464233419178e-05	0.00026273566762758635	2.4484928369285298e-05	8.043396370558843e-05	-0.0	0.0	0.0	0.0	0.0	0.0	0.0	0.0	0.0	0.0	0.0	0.0	0.0	0.0	0.0	0.0	0.0	0.0	0.0	0.0	0.0	0.0	0.0	0.0	0.0	0.0	0.0	0.0	0.0	0.0	0.0
ec1470	0.08327909927896515	-0.012198925251976366	-0.04206016141438635	-0.00862899144445598	0.039230460893091054	0.0031280031411264116	-0.014362428029445456	0.033063961705829814	0.0004566176894504238	0.01137570866354339	0.014157313948585376	-0.001328456906181664	-0.003099083288903371	0.00455730154497676	0.014953180663249702	-0.0017443070803034144	0.007562280635330275	-0.014857336706529204	-0.008503753211393633	-0.023615027595410933	-0.0028293540897421673	-0.0014691798222333534	-0.008415188517516485	-0.012276132757489044	0.0017104882859497394	0.00018116106532310627	0.02598664327499334	0.007238933647514441	-0.00315421834891037	0.0009258266422595446	0.0008477960603327445	0.0002959091800557305	0.0019460180775976849	-0.001402142808505335	-0.0002808191764390146	0.0013056576377768914	-0.0004413304456935966	-0.0007877928528074533	6.647285263594204e-05	-0.0	0.0	0.0	0.0	0.0	0.0	0.0	0.0	0.0	0.0	0.0	0.0	0.0	0.0	0.0	0.0	0.0	0.0	0.0	0.0	0.0	0.0	0.0	0.0	0.0	0.0	0.0	0.0	0.0	0.0	0.0
ec1489	-0.3832646648461764	-0.2589883861892294	-0.10705971985011332	-0.10593858798803779	0.041655308456522294	0.02261646943567012	0.04350583154583048	0.015845046817044683	-0.06654685870382179	-0.0421671859647897	0.021667705402189208	-0.01736648371973708	0.010981669974165841	-0.01131610875194469	-0.007768445687039657	0.001600261756354072	0.003965991001346249	0.0033698671178241674	-0.00027976442195177945	0.003432752937382263	-0.0034173525222102197	-0.0004718132261004494	0.005081963112957385	0.0003788780785352463	0.001512033012133936	0.000973299140166473	0.000708603142432368	0.0006404963365622972	0.00020637511931565405	-0.00023817522451949545	-0.0002089016761809992	-0.0003985022326816874	6.0411569701428585e-05	0.000293024621078325	-3.649913437486027e-05	0.00012608252532895546	-2.773997744066918e-05	3.760886002016225e-05	-4.422184975787721e-05	-0.0	0.0	0.0	0.0	0.0	0.0	0.0	0.0	0.0	0.0	0.0	0.0	0.0	0.0	0.0	0.0	0.0	0.0	0.0	0.0	0.0	0.0	0.0	0.0	0.0	0.0	0.0	0.0	0.0	0.0	0.0
ec1492	0.09550217178140544	-0.06510855352435618	0.00572245814464135	0.01593080788850446	0.00047868041556736854	-0.0006867972477517562	0.003983405787546961	0.00020777149000694687	-0.004806730096858681	0.010504825948198621	0.014619587866550349	0.028590194438232148	0.019641997093054028	0.0014442608698110593	0.01482343560644933	-0.005731337145167264	-0.005924562314040374	-0.005793724858220931	0.00224667888852592	-0.004892050276939158	-0.006200337867645521	-0.013730025241537576	-0.009449465917944861	-0.008702816117042763	-0.007177892789777063	-0.009681088772806944	-0.005627880836415834	-0.007338135012465485	0.01520159925824621	-0.004007747622725643	0.0038081959200941843	0.0018071954874858533	0.002486385032150332	0.0018982489923033855	-0.000517355742687707	0.00013974702757204763	-0.00011264068573882033	0.0006167109132871875	-0.0008753094059056844	-0.0	0.0	0.0	0.0	0.0	0.0	0.0	0.0	0.0	0.0	0.0	0.0	0.0	0.0	0.0	0.0	0.0	0.0	0.0	0.0	0.0	0.0	0.0	0.0	0.0	0.0	0.0	0.0	0.0	0.0	0.0
ec1493	0.052700744693822486	0.08254574955284115	-0.09595050532391797	-0.07487388204671594	0.04062335201743088	0.025282126138928305	-0.001049008045970585	0.047140917102877045	-0.004863519783706629	-0.03603778871166283	0.024856681849300368	-0.03321953732641622	0.003425362620721794	-0.03210325873881618	0.01058164853606147	0.006651807302564455	0.02597582304528391	-0.030654350672687566	0.020924326251824176	0.024341104539154064	0.0015854260656916767	-0.0005282282870763323	-0.014171362928633437	-0.0014980346069321652	-0.004575571463371639	0.0062963002395282	-0.0033974827770019253	-0.0034090711864002803	-0.0010253345479195703	-0.0027098505533253796	0.002384329923066208	0.0006448883712944515	-0.0031618021570140385	-0.0008116542128149409	-4.65804758292152e-06	-0.00024229451219157658	2.9229794476108935e-05	7.926097225931521e-05	-5.30478833458068e-05	-0.0	0.0	0.0	0.0	0.0	0.0	0.0	0.0	0.0	0.0	0.0	0.0	0.0	0.0	0.0	0.0	0.0	0.0	0.0	0.0	0.0	0.0	0.0	0.0	0.0	0.0	0.0	0.0	0.0	0.0	0.0
ec1497	-0.3844576021565928	0.03417657122188644	-0.24679865535355652	-0.05628129505739547	0.017402357877197596	0.04542518672101078	-0.0906805934357708	0.05738858397314913	0.012086122044632913	-0.017751127748307557	0.0033076496411668767	-0.012897193251954138	-0.027243027992228257	-0.010776202140982063	0.028361980778965217	-0.010384597177552704	0.006040044829007756	-0.00744352206589642	0.010756716123173513	0.0024737924997282764	-0.0012624604227067984	-0.001695656724464681	0.0011577583839429615	-0.0013018555855923708	-0.00190762991715277	-0.0025770359566122465	0.0003399951578639116	0.0002391078683468473	-0.00014094396085919953	1.0506181102763512e-05	-0.0007488500524838267	-0.00015851329427275188	0.0004667369320069194	0.000654236605712672	0.00017842217082010954	-0.0001021560064250944	-0.00016873039829860421	-7.187083301487895e-05	9.119983852636913e-05	-0.0	0.0	0.0	0.0	0.0	0.0	0.0	0.0	0.0	0.0	0.0	0.0	0.0	0.0	0.0	0.0	0.0	0.0	0.0	0.0	0.0	0.0	0.0	0.0	0.0	0.0	0.0	0.0	0.0	0.0	0.0
ec1498	-0.019043811423358616	0.459972188644529	0.016304993335594806	-0.011643554139731104	0.11863427717750755	0.03319519836028363	0.06652078926202164	-0.06855827278123527	0.030727305333689954	-0.03891342156442803	-0.02481400454353392	-0.01768243200719068	0.002832354478022168	0.0361497028378761	0.0037199638159544066	-0.02266270553789714	-0.029384735713873244	-0.015630172296058235	-0.0019469899769573816	0.00555053208206713	0.006029801897761777	0.01012670152704733	-0.004162626816497548	-0.009684799476378719	0.0020950750028520806	-0.0008271522158004493	-0.00038192831415255875	-0.0004203246042427439	0.000994384654260009	-0.002185901759939365	0.00036675837558878475	0.0001434324221020144	0.0008242099624950906	2.3029093091660105e-05	-0.0003353446562359909	-0.00022863603174577961	0.00011478617412044325	0.00011042568172555448	-1.4768535220963679e-05	-0.0	0.0	0.0	0.0	0.0	0.0	0.0	0.0	0.0	0.0	0.0	0.0	0.0	0.0	0.0	0.0	0.0	0.0	0.0	0.0	0.0	0.0	0.0	0.0	0.0	0.0	0.0	0.0	0.0	0.0	0.0
ec1500	0.10124354164067133	-0.08539588880600994	0.02108098860491173	0.016178698853749337	0.0028470099285496007	-0.0012155229526028151	-0.004354052546977463	0.0030950126200840365	0.012825981802222103	0.0021492117160308412	-0.001493405156405447	0.013746425305955571	0.018752447569306347	0.005872777918539135	-0.012093247183258512	0.007660548893754419	0.0031213800760839473	-0.0008408970130354089	-0.009541086736833163	-0.005232762910353318	-0.0003865577065917528	-0.000640663645942749	-0.008580277928722449	-0.0035130816712720197	0.00047462096754960736	-0.001966067610055182	-0.004779821145662564	-0.0073212285070253765	-0.0016200227798283905	-0.001065410331073575	-0.00023651504171291488	0.004092877813461003	-0.0060417218472200995	-0.0025991197282996936	0.000455471570002144	0.00039088074044844146	0.0006254310818093608	-0.0023748856193483276	0.0017721380689484127	-0.0	0.0	0.0	0.0	0.0	0.0	0.0	0.0	0.0	0.0	0.0	0.0	0.0	0.0	0.0	0.0	0.0	0.0	0.0	0.0	0.0	0.0	0.0	0.0	0.0	0.0	0.0	0.0	0.0	0.0	0.0
ec1502	0.05721804222310935	0.05403295168546667	0.014791016238007756	-0.10290499701522389	-0.023783317587528337	-0.017760251258224242	0.04025453119492791	-0.010478262625312682	-0.10174606744649863	-0.019336975586401878	0.0070125729900184855	0.0037029792807034014	0.008952944004579032	0.027860111527409758	-0.017689031023451717	-0.021014827568680457	-0.002061858151053798	-0.02951970813486844	-0.012985657618749985	0.008475742480465984	-0.010039999804646581	-0.003960252304658163	-0.003715780145109623	0.018163265853728235	0.0025005589157806795	-0.007909813186251283	-0.0025264581933860434	0.002322385278043748	-0.0015251164747248974	-0.002234734230210445	0.0008056352434439075	0.00012311246758541923	-0.0004109578054893547	-0.0013925145501603995	0.0005664030967577262	-0.00016594323587533057	-0.0006164634876667268	2.620877440932432e-05	0.00029596838835772605	-0.0	0.0	0.0	0.0	0.0	0.0	0.0	0.0	0.0	0.0	0.0	0.0	0.0	0.0	0.0	0.0	0.0	0.0	0.0	0.0	0.0	0.0	0.0	0.0	0.0	0.0	0.0	0.0	0.0	0.0	0.0
ec1508	0.09898978698111136	-0.0511834560394233	0.044062870752616876	0.00010012114194409389	0.031175268027304207	-0.012378909656891108	-0.0008364252477221758	-0.023891241602454705	-0.028892672766845724	0.006992572023075639	0.013638748901964806	0.028760299855117646	0.01373984529884944	0.006036281157453605	0.028561331507909377	-0.020942820159241867	0.009129705211244609	-0.002515972427506472	0.02305453029195942	-0.0006699449488968371	0.024852092512950813	0.0016531308317877034	0.015710526547939602	-0.011814957147979463	-0.002083330846419163	0.014875809935723424	-0.003157783110380039	0.003691763024119904	0.0023912917591147336	0.0022607582095362237	0.0014290984424652619	0.0007661352516983544	-0.000585686722553724	0.0001607470291096006	0.0005240794570027721	-4.465047316896081e-05	-0.00036648760718309534	-0.00018412843666757814	-0.0005014124333283103	-0.0	0.0	0.0	0.0	0.0	0.0	0.0	0.0	0.0	0.0	0.0	0.0	0.0	0.0	0.0	0.0	0.0	0.0	0.0	0.0	0.0	0.0	0.0	0.0	0.0	0.0	0.0	0.0	0.0	0.0	0.0
ec1513	0.11021696229660793	-0.08776850180251715	0.009094493868985499	0.01553530088932462	0.02030770271749076	0.0005869224034395022	-0.022182134814600477	0.030796648622140453	0.03467577347983708	-0.021029585733203	-0.01112917803661798	-0.009013815017592729	0.024504145548830635	0.008689775888555252	-0.0009500631512809231	0.004967477361703764	-0.0036107290502476633	0.007291608513259449	-0.0012130448326170833	0.004251930150471093	-0.007469398980757888	-0.0034212316906796266	0.006275257741663422	-0.0032036118900095464	0.00558607220814725	-0.0008667448712954555	-0.0028196503823042394	0.010192324811815985	-0.002213263821324943	0.0015974724576292695	0.002458364714979544	0.005417494767377235	0.0002922497676641985	0.003647177323144698	-0.0017881457159061199	-0.0005623453405599029	0.0007569160095887029	0.0004476670493953416	9.822687522642434e-05	-0.0	0.0	0.0	0.0	0.0	0.0	0.0	0.0	0.0	0.0	0.0	0.0	0.0	0.0	0.0	0.0	0.0	0.0	0.0	0.0	0.0	0.0	0.0	0.0	0.0	0.0	0.0	0.0	0.0	0.0	0.0
ec1514	0.10997243811492101	-0.09752464295942052	0.02746938212351773	0.028839718585742944	-0.00684681338161183	0.012165903226114171	0.00440149987419711	-0.002676190361695995	-0.003453438138503535	-0.011435302195384965	0.0023383949225772947	0.011894111231041634	0.023215823636170835	0.0064095917903375455	-0.010190691005365064	-0.004161604563230632	0.0075722477143639715	-0.006011304430197024	-0.0020391357866322533	-0.000601837249688701	0.0008106531630695265	0.008510318689466447	-0.0033071983165581225	0.002965471817905592	-0.015056916965916042	-0.003070493462984696	0.0021051478725684445	-0.003011140292549637	0.007965725823362827	-0.0010685617024866498	-0.0011685799205697095	8.842869435646925e-05	0.006923627223153815	0.0006151398258375331	0.0001701633750834213	0.003739747736104665	0.0016387943483191982	0.0008033344147552046	0.0001451613557788671	-0.0	0.0	0.0	0.0	0.0	0.0	0.0	0.0	0.0	0.0	0.0	0.0	0.0	0.0	0.0	0.0	0.0	0.0	0.0	0.0	0.0	0.0	0.0	0.0	0.0	0.0	0.0	0.0	0.0	0.0	0.0
ec1516	-0.903174605737061	-0.1170979198754828	-0.00716556413459841	-0.0008096396706535443	-0.07826643628610809	-0.014400637303799353	-0.052334253420808274	-0.06093410029348219	0.020428842906106647	-0.0335717859101743	0.0589625271416591	-0.001561949153431624	-0.003349830438502701	-0.014175955566070696	-0.009069148057256643	-0.007524148466505035	-0.008052790263825254	-0.0059265038625494594	0.00461378141515054	-0.0030325349387843215	0.0017611768508037629	-0.0006518648854947188	0.003965825739951129	0.006926153083994435	0.0007034098566922589	0.0013462575646496508	0.0010396041528078427	-0.0006971080825210777	-0.0006064791886118604	-0.0002721746174280678	-0.00020147102740473725	-2.6516799348320867e-05	3.266625131765243e-05	-4.2856510924777175e-05	8.453580154371286e-05	5.78344118738321e-06	-0.00013614003102378294	3.970574219003922e-05	-4.063874271876693e-05	-0.0	0.0	0.0	0.0	0.0	0.0	0.0	0.0	0.0	0.0	0.0	0.0	0.0	0.0	0.0	0.0	0.0	0.0	0.0	0.0	0.0	0.0	0.0	0.0	0.0	0.0	0.0	0.0	0.0	0.0	0.0
ec1517	0.08918920901110397	-0.06045445204255246	0.01935553871016293	-0.003565062937171562	-0.025631274893077587	-0.01797268750609633	0.03428304629756113	0.020401079205206712	-0.029112444976962477	0.003632605386093732	0.016317810628661736	0.028979526685809817	-0.005304496466444584	0.01207952780629486	0.029822204326867826	-0.05301374347524797	-0.0073261269608527165	-0.0022387413284800663	0.0001501935995868712	-0.012448179562841494	-0.007954431748681852	0.013390641849756683	-0.0011399745240847094	0.00018744190054114057	0.0102306688250688	-0.004343847130393532	-0.0007733466891182097	0.004562424091966577	-0.0009387780511079324	0.0014451820348735187	-0.0005167919008773827	-0.0005444887107267189	-0.0020705111402650207	-0.0018246775723233933	-0.00035010235699364914	-0.0009578980067899151	4.770688722097323e-05	0.0001114728982618378	0.0005880844540559098	-0.0	0.0	0.0	0.0	0.0	0.0	0.0	0.0	0.0	0.0	0.0	0.0	0.0	0.0	0.0	0.0	0.0	0.0	0.0	0.0	0.0	0.0	0.0	0.0	0.0	0.0	0.0	0.0	0.0	0.0	0.0
ec1524	0.11294413847678421	-0.10016460805339594	0.03456876416370188	0.03664319690387311	-0.0060648231795285105	0.010998794237191795	0.004490302654809698	-0.00988364736452566	-0.006976397828671905	-0.013572225477315396	-0.0010373176973186952	0.0056553922805317475	0.01797738528666058	0.0054538889510501705	-0.0009367306096672228	-0.017692753524575926	0.0165059965072276	-0.008784010517417415	0.005351726806673602	-0.008004123411111489	0.008611741250437201	0.016425152904677418	0.0049976614175967085	-0.005352866436318118	0.003060912833836852	0.006141967861391614	-0.008272203826151476	0.003918451782710281	-0.000753693315748356	0.009093940383425711	0.004377738128239611	-0.002403253692281792	-0.002415625223805693	-0.002878211200598947	0.0012198963645640246	-0.0005112040385403367	0.001735839586778192	-0.0008378404134255869	0.0002300476260858145	-0.0	0.0	0.0	0.0	0.0	0.0	0.0	0.0	0.0	0.0	0.0	0.0	0.0	0.0	0.0	0.0	0.0	0.0	0.0	0.0	0.0	0.0	0.0	0.0	0.0	0.0	0.0	0.0	0.0	0.0	0.0
ec1525	0.10637897096166588	-0.09738547230440132	0.029484867129945136	0.033073807236077446	0.0024655677721839805	0.013939321355296085	0.00040820019659816234	-0.002274073970851229	0.012551327351881839	-0.009755881661099886	0.0034295004320025755	0.005007253027873497	0.02024156834979722	0.012816290071252463	-0.01816014580638239	0.011063331806897166	-0.0024477756908647275	-0.012860474523935935	-0.0005131840321689761	0.006314971796545868	0.012132566623144138	0.0014043541042185672	-0.017340837746230565	-0.008063930864195172	-0.001618180895000505	0.003209129947624573	0.01088271429619063	0.005387306180501669	0.004823022687592082	0.00616121262761689	-0.002184262776714852	-0.003744371215387932	-0.0002660154566069114	-4.5361098533150255e-05	-1.1003710361907292e-05	0.0005202514080217943	-0.002093974489084723	0.0011964443558005933	0.00010881469272414224	-0.0	0.0	0.0	0.0	0.0	0.0	0.0	0.0	0.0	0.0	0.0	0.0	0.0	0.0	0.0	0.0	0.0	0.0	0.0	0.0	0.0	0.0	0.0	0.0	0.0	0.0	0.0	0.0	0.0	0.0	0.0
ec1530	-0.035984494621146904	0.248425655723162	0.1611050957531147	-0.06934744579264844	-0.001012814526455872	0.011684692337119289	-0.08807621613483212	-0.03343878195363029	0.009513492192834162	-0.10634166081795579	0.00833118823281426	0.07795549550996239	-0.05489227739808474	0.01889743055669973	0.0017293623512077663	0.02403484970661121	0.03464475379618055	0.006297831089812886	-0.011775592275081969	-0.002581334000719075	0.0007426658591787326	-0.009268435133733936	0.0042429795893571915	-0.000942336145727003	-0.0005368672153802788	-0.0033676529039287067	-0.00013128370691366988	0.0012945138116599033	1.010377189289593e-05	0.0010896835408554973	-0.000514880207018959	2.9656685386564278e-05	0.0002662002547048391	-0.0008774043426647687	-0.0003788617151349698	-0.00041619514328324286	-0.0002210674451587423	-0.00013296526110131713	0.00018177944753420847	-0.0	0.0	0.0	0.0	0.0	0.0	0.0	0.0	0.0	0.0	0.0	0.0	0.0	0.0	0.0	0.0	0.0	0.0	0.0	0.0	0.0	0.0	0.0	0.0	0.0	0.0	0.0	0.0	0.0	0.0	0.0
ec1533	0.0994209151694435	-0.07169238311904502	0.0256077001346436	0.009416847067017318	0.017405710224760614	-0.00753904423352757	-0.00965819017303795	-0.002627719550416126	0.005495679863839564	-0.001950703924585779	0.0031718064747191456	0.004009508291796589	0.02078235453837051	0.000921520469775277	-0.00955882443159698	0.0015852611563361204	0.005580535681436454	-0.0031639653059163456	-0.002056207841329975	-0.008751623383788938	0.005576048000845973	-0.002112632347588473	0.0063118740699578115	0.006380845378785391	-0.002538586921936607	0.004017249196850968	0.009450275194573482	-0.0151639998681688	-0.015061268634249723	-0.002040445953752565	-0.0022913904079920233	-0.005274473961716763	-0.00011729917129059772	0.0023061564298225696	0.0008343257665901118	0.0025813404397154356	0.0008394676607247411	0.0008880742088710814	8.82959897998737e-05	-0.0	0.0	0.0	0.0	0.0	0.0	0.0	0.0	0.0	0.0	0.0	0.0	0.0	0.0	0.0	0.0	0.0	0.0	0.0	0.0	0.0	0.0	0.0	0.0	0.0	0.0	0.0	0.0	0.0	0.0	0.0
eti111	0.09860395684919405	-0.06267493748023442	0.005220025694247653	0.011080381611213382	0.010993060131957381	0.00035973173535006514	-0.012696428071211798	0.0029577187114380827	0.0031364263897812484	0.020493405040692397	-0.004592842142839292	-0.006155759582877413	-0.0016679965293678926	-0.006128933222505312	0.008604974969715214	-0.005256503791366291	-0.0030412980351358365	0.012655067452983441	0.001641728318530663	0.003894866234935718	4.255668241434241e-05	-0.009099123722624591	0.015590085439737816	-0.006910551013551758	-0.007672938404195495	-0.0002266696661253697	0.0035082223961912587	0.002062113622472495	0.010745181832454166	-0.011260394226583544	0.004279647875191819	-0.007457246762641721	-0.0013484307705055453	-0.004959310536926499	-0.0020956506988186983	-0.0029013028793020883	-0.0010109974555566877	-0.00045520105533800525	0.001285513878781362	-0.0	0.0	0.0	0.0	0.0	0.0	0.0	0.0	0.0	0.0	0.0	0.0	0.0	0.0	0.0	0.0	0.0	0.0	0.0	0.0	0.0	0.0	0.0	0.0	0.0	0.0	0.0	0.0	0.0	0.0	0.0
eti121	-0.06215001251300738	0.1366494602400399	0.11477993506946434	0.02313236751586344	-0.19983786961075392	-0.009634545837177698	0.03922037502984673	0.01851644572865537	0.07050232273089416	-0.011477802566360131	0.03736080721534922	-0.049257441037221704	-0.04382793594033884	0.009160526230216527	0.006310766838398611	-0.008560166686294616	-0.027649112888364885	-0.004619174812439416	0.005120485988549914	0.0001940870311872157	0.0005114722857031157	0.005581365307572015	0.002813580279724118	0.002098986864228093	-0.002830712246893819	0.00028943632893324583	-6.484586277314259e-06	-0.00019973299437797448	-0.0007312113932583287	-0.0009028259949715616	0.0002662569056749652	-0.0006381645191994879	0.00028593027205497376	-0.000254747009506086	-0.0001646505048973208	-3.774147836855102e-05	-6.824649948094178e-05	-3.592315118143864e-05	4.6456786124853335e-05	-0.0	0.0	0.0	0.0	0.0	0.0	0.0	0.0	0.0	0.0	0.0	0.0	0.0	0.0	0.0	0.0	0.0	0.0	0.0	0.0	0.0	0.0	0.0	0.0	0.0	0.0	0.0	0.0	0.0	0.0	0.0
eti125	0.11451396659144461	-0.10212671163369239	0.034666329876934306	0.03961438142848025	-0.00395556789313928	0.011207674588006597	-0.0015725722073758786	-0.01841818320203663	0.003955309079050191	-0.009838462358182268	-0.005573549643624649	-0.01927709458341209	-0.0058109052677607865	-0.008494429770616752	-0.0011148308416456566	0.005508220077524046	0.0010082401874716258	0.0017991775268729833	0.003960300281561986	0.0022014203885789324	0.0015378635610318126	0.007102336563787851	0.0018253312156909353	0.00562502492521602	0.007845112372862955	-0.005930696418165592	0.009472951091104673	0.0004971991699005477	0.009855645807764055	0.0025004023186439334	-0.0007263594688770943	-0.0036055740084873734	-0.006362975852295896	-0.0028742483557772113	0.0014582734850111022	0.003547724507816481	-0.0033198002319469863	-0.0005211336964681981	-0.0003573251110570671	-0.0	0.0	0.0	0.0	0.0	0.0	0.0	0.0	0.0	0.0	0.0	0.0	0.0	0.0	0.0	0.0	0.0	0.0	0.0	0.0	0.0	0.0	0.0	0.0	0.0	0.0	0.0	0.0	0.0	0.0	0.0
eti145	0.10332225907729722	-0.08486526160759282	0.013195728352119336	0.019781535422613412	-0.0015368306058350038	0.008730425512667851	-0.004478239695760724	0.002711880354620592	0.0030349759453472676	0.002714752026142733	0.0006005104131360623	0.013681876309265952	0.024175905786212995	-0.0025585110121950114	-0.00337678547715943	0.0033594469431425847	0.005276887146451521	-0.0038583831593291596	-0.002914433209778399	0.0027360838054465856	-0.004867176519162894	0.004181477226365241	0.0033426190614487196	-0.0009890831818647834	0.00461811177789464	0.001845952975098917	-0.0006160100024802162	0.003021996719710404	-0.005997098714329754	0.0010966800571091896	0.0027640727868673072	0.00434379238967406	0.0018641958797190124	0.0014189116499690906	-0.00371739813548422	0.002169733368493885	-0.00348531667772554	0.001476470734601603	0.0003691722960089054	-0.0	0.0	0.0	0.0	0.0	0.0	0.0	0.0	0.0	0.0	0.0	0.0	0.0	0.0	0.0	0.0	0.0	0.0	0.0	0.0	0.0	0.0	0.0	0.0	0.0	0.0	0.0	0.0	0.0	0.0	0.0
eti146	0.10228369405011337	-0.07757425989692478	0.012451059037632954	0.023314858778260745	-0.0013378101335344132	0.00783804562538346	0.002389301103458869	-0.0033116984971820924	-0.007861535092456469	-0.00039156737138095165	0.009513425106720562	0.020305754525530233	0.026090198488074694	-0.00020870959810214245	0.010619524128274571	-0.006087394228552074	0.0052738355302842845	-0.006900414313545411	0.004985799434638811	0.004907782388010025	-0.004352081114441898	-0.005978357640657954	0.007395526349029445	-0.009834412907450449	0.005536967178108495	-0.0024528589205948075	0.001820410971975009	0.004317847440538643	-0.005605507574106366	-0.005345512412366056	-0.0038977540623693777	-0.0034246488229645617	-0.001067389180387657	0.003007341076063023	0.0004114175138212162	-0.0015030211464333197	0.0029791370540711818	0.00040616096386401906	-0.0012205726041764908	-0.0	0.0	0.0	0.0	0.0	0.0	0.0	0.0	0.0	0.0	0.0	0.0	0.0	0.0	0.0	0.0	0.0	0.0	0.0	0.0	0.0	0.0	0.0	0.0	0.0	0.0	0.0	0.0	0.0	0.0	0.0
eti149	-1.0391019524182337	0.05800135537361071	0.19240200695937923	0.005434384928719816	0.14779540533656205	-0.23326086079733507	0.013718845537363288	0.027423649899520248	0.009629017135805745	0.011654649738204447	0.0007010194293133394	-0.0268649994148893	0.009810447151021012	-0.005244792937815125	-4.7326714278366394e-05	-0.002165588109140629	0.006918289686331006	-0.0030724178443150463	0.0009466459779652873	-0.0009218908864344199	-0.0015313729888768082	0.0015544625243320241	-0.0016922530290328435	-0.003723253546872226	-0.0007933594661663285	-0.0008642755800191097	-0.0006776446791895973	4.6367271770828035e-05	0.0008694373204103293	-8.695608739618282e-05	0.00012870572764677425	0.00016921376745480897	-0.0001394418300419894	8.955191856356513e-05	-1.676294145521173e-05	-8.726040480386526e-05	8.059755889815788e-05	6.935380401512408e-05	-6.816710542873842e-06	-0.0	0.0	0.0	0.0	0.0	0.0	0.0	0.0	0.0	0.0	0.0	0.0	0.0	0.0	0.0	0.0	0.0	0.0	0.0	0.0	0.0	0.0	0.0	0.0	0.0	0.0	0.0	0.0	0.0	0.0	0.0
eti151	-0.05139620339633421	0.3870854784099775	-0.027331633632205612	0.21140928143946974	0.03945365945016713	-0.006073640665101603	0.07200970035023468	0.020805207220862612	-0.05821227992420424	0.03442295923352132	0.0010171953156326973	0.0226867528373821	-0.010027828749368457	0.032082457653546025	-0.0035747144152746134	0.01784166878933159	0.0022259803744718223	0.004644355368304996	0.008300341894576308	0.006686004268367284	-0.0021966629909752605	-0.006400928915491184	-0.0005607528502181069	0.005847946836747665	-0.0024787393904383177	0.006574510501215612	0.0009449498443944844	0.0003215995935577379	-0.0018426828885657034	0.0018579143825482858	-0.0008123158944499295	-0.0004412343537289398	-0.00027783169016111487	0.0005686992725799628	0.00022921246881454777	0.00040146522301889366	-5.071654252278708e-05	-0.00021349475856884156	3.8459951976598055e-05	-0.0	0.0	0.0	0.0	0.0	0.0	0.0	0.0	0.0	0.0	0.0	0.0	0.0	0.0	0.0	0.0	0.0	0.0	0.0	0.0	0.0	0.0	0.0	0.0	0.0	0.0	0.0	0.0	0.0	0.0	0.0
eti152	0.0010741522020112089	0.2084102507106738	0.06664227573196166	-0.08286968483890778	-0.09139881431325418	0.00477309116658669	-0.20154133907001248	-0.00011931967167467393	-0.07992922210663053	0.02771706829514507	-0.006435718778969698	-0.048763322866263656	0.022143328262664224	0.039932801855614	-0.011972140962100725	-0.012008659675120105	-0.027711028215607832	0.013591460509397683	0.0008249381130432532	0.004807934727886398	0.006884678466831147	0.004979137764143242	-0.0045274646415397815	-0.0061968469862677495	-0.002452476556426858	0.00212660823587233	-0.00014725948715881544	-0.0011681382585893444	-0.0007345579573619629	0.000958941323045714	0.0006078469468604935	0.00012442835751789723	0.00034140965379965616	0.00034086049813346206	-0.00021869432941611298	0.0002943195569741657	0.0003695118907740589	-1.6794635383350323e-05	-5.984202271158614e-05	-0.0	0.0	0.0	0.0	0.0	0.0	0.0	0.0	0.0	0.0	0.0	0.0	0.0	0.0	0.0	0.0	0.0	0.0	0.0	0.0	0.0	0.0	0.0	0.0	0.0	0.0	0.0	0.0	0.0	0.0	0.0
eti153	0.10277728875759307	-0.08410955885529203	0.03152349312947806	0.025533010487183944	0.004086846159829073	0.006133257487253181	-0.0029837469555112277	0.005191200449935172	0.007806908611717733	0.00507748847345369	-0.0009106076116300777	0.009397645598610917	0.025205645745455234	0.004690958832843178	-0.008811772303007982	0.005372454314014139	-0.0026960508507966924	0.005434116940724778	-0.005472426919483269	0.002312797673221109	0.00045256866373327416	-0.00465379945164525	-0.015609297634202183	-0.01672439730693078	-0.003922073395894115	-0.0017408010229884648	-0.005719884172706348	-0.0033568160973487097	-0.0010893884724321305	-0.0004471261451317591	-0.01287171494506637	-0.0017570625465554658	-0.0024636633471927455	-0.001500854519495089	0.0003372060427242971	-0.003427856795267953	-0.0017241203049883568	0.0004755577407923506	0.00035129517435703234	-0.0	0.0	0.0	0.0	0.0	0.0	0.0	0.0	0.0	0.0	0.0	0.0	0.0	0.0	0.0	0.0	0.0	0.0	0.0	0.0	0.0	0.0	0.0	0.0	0.0	0.0	0.0	0.0	0.0	0.0	0.0
eti154	0.10336465078084063	-0.08438992047355712	0.023899566331301376	0.015010198903632619	0.008085788509119835	-0.003131991123708688	-0.006136606331098387	0.0036552163154725498	0.005764570788288887	-0.004364858276607675	0.0001940815234392454	0.005156514738719995	0.022766589365501605	0.00771493948851048	-0.013330764799347854	-0.004650534001745513	0.016642020304800918	-0.009949343690626193	-0.014408387789972917	0.006992494380823327	0.0008590224721843886	0.005786530703323063	0.004227035215160294	0.005133583539531933	0.00652308403461197	-0.006497166303656037	-0.0010016036479978648	0.001750622917623831	0.0019168164305206964	-0.008551322761609437	0.0033873082347622083	0.003263249725380982	0.0032818615433883183	0.0010032029848596575	-0.0003253098945463443	0.0016441122351617706	-0.0006431277214170743	-0.0003674366214062903	4.098480184111266e-05	-0.0	0.0	0.0	0.0	0.0	0.0	0.0	0.0	0.0	0.0	0.0	0.0	0.0	0.0	0.0	0.0	0.0	0.0	0.0	0.0	0.0	0.0	0.0	0.0	0.0	0.0	0.0	0.0	0.0	0.0	0.0
eti156	0.024287229821037506	0.1319498934793762	-0.09832009285747217	-0.02273162427158382	0.01767596987529309	-0.03969705687207613	-0.0036603037909071355	0.013201275443855617	0.021853023245130023	-0.04005322980402906	-0.051007038014230593	-0.01621357193093367	0.03078687634795598	0.0493151019749573	0.00038668649833616125	0.006172519660246416	0.013186798583979567	0.0245975977196983	0.026850862412171616	-0.004347070122803145	-0.001995365458011354	-0.017440750892021566	0.0027120951539525134	0.005460235350685803	-0.0026555541932026714	-0.005503749253922318	0.005385644607037592	-0.00028936263610701384	-0.0014905985547439362	0.000514778929494128	-0.0009077947902461225	0.0006025645436498162	-0.000932910384256896	0.0006769888300447208	0.00039349882305198414	-0.00013590111155509644	-0.00013371709993426558	-0.00014702980568137005	0.0003068324850023279	-0.0	0.0	0.0	0.0	0.0	0.0	0.0	0.0	0.0	0.0	0.0	0.0	0.0	0.0	0.0	0.0	0.0	0.0	0.0	0.0	0.0	0.0	0.0	0.0	0.0	0.0	0.0	0.0	0.0	0.0	0.0
eti162	-0.6497137700896962	-0.1969116358595894	-0.10855711458998028	-0.09235069999793115	-0.06865704027289411	-0.022076543140716026	-0.013609464035048507	-0.031549416329217476	0.007953489633155375	0.05396222458662557	-0.06558171604245079	0.025775831899154007	0.012541559695335205	-0.0010236501129977284	-0.007977532203320209	0.01782391025564486	0.005801203671912593	0.0005577610482855658	-0.0030340515708164794	-0.009503378690435863	0.0001502800707076726	0.0009838036231650006	-0.0062906578598893315	-0.00323008276356916	6.54811220907758e-05	-0.0007366737830945264	-0.0011085054835279669	-0.00033417992700199403	0.0002481324974917329	0.0005477166635033837	0.0007381315495576283	0.00046489868815987077	-0.0003044599935596343	-0.0007656582905994381	-6.93552113066874e-05	-0.0001235409637811149	9.588549925196791e-05	-2.1053606400280945e-05	4.9558641969030556e-05	-0.0	0.0	0.0	0.0	0.0	0.0	0.0	0.0	0.0	0.0	0.0	0.0	0.0	0.0	0.0	0.0	0.0	0.0	0.0	0.0	0.0	0.0	0.0	0.0	0.0	0.0	0.0	0.0	0.0	0.0	0.0
eti164	0.06039801310254979	0.05487702213042446	-0.09761692436104717	0.0014537466673563682	0.027299121223378863	-0.006187180670265319	0.019210528438151516	0.025993875074609728	-0.013114218210888162	-0.02405061608702957	0.005257050280518899	-0.014462113453078212	0.028020297497330843	0.003940480942469218	-0.028889598709410894	0.007897184300815697	-0.011657843422822696	0.025331735031352415	-0.015014978348078198	0.004797526820576223	-0.0020426357158799028	0.0021231957409693007	0.0175957163253211	-0.011453312304434608	0.004830044123870138	-0.0040123543050306285	-0.002110692192380627	0.0022105133972445145	0.003989157229270541	0.0022964399177906954	0.003316024821305312	-0.000673093335539238	0.000953656321276409	-5.075511887465885e-05	0.0003457385237236395	0.0006549536473472534	0.00020464601729434524	-0.00020922484140009162	9.058315179532883e-05	-0.0	0.0	0.0	0.0	0.0	0.0	0.0	0.0	0.0	0.0	0.0	0.0	0.0	0.0	0.0	0.0	0.0	0.0	0.0	0.0	0.0	0.0	0.0	0.0	0.0	0.0	0.0	0.0	0.0	0.0	0.0
eti165	0.10375490107195384	-0.09195921676061929	0.029583484584893457	0.02394544687596809	-0.002293929403155539	0.009669127616897661	-0.004027192487190029	-0.0015849114423011094	0.008420729029512285	-0.0058510179704500094	0.0029433440566667734	0.002525193101563694	0.02489884042970086	0.001655377121761837	-0.016903312778825553	0.010010533794036141	-0.0027757154257242274	-0.002404465402447856	-0.002311176723811266	-0.011001648890646018	0.007561310218006122	0.005916119296961023	0.0021796416341187666	0.006628127991325349	-0.004101333401419603	0.0017831127492233285	0.009820426792272704	-0.003483999542711297	-0.0033571424269901893	-0.0018934585182309844	0.007634828175416412	0.005760604209463105	-0.0023244477179806913	-0.00018743330544073142	0.001880701777762033	-0.004925050318149717	-0.00011849726386078222	-0.0013561714996788827	-0.0009789682121389637	-0.0	0.0	0.0	0.0	0.0	0.0	0.0	0.0	0.0	0.0	0.0	0.0	0.0	0.0	0.0	0.0	0.0	0.0	0.0	0.0	0.0	0.0	0.0	0.0	0.0	0.0	0.0	0.0	0.0	0.0	0.0
eti167	-0.04063198442299912	-0.17566285999172718	-0.036869947622037574	0.006138364276957403	0.07073177651425169	0.02710163871341019	-0.030208033467058505	0.028957836761921475	0.0363993298190325	0.0303303919421619	0.014973048427778983	0.03870482097471081	-0.02456609201605685	0.023065457448130308	-0.00243485481959908	-0.0387300346492955	-0.007917787842187681	0.004470050849904564	-0.014246299407892451	0.011373562320643496	0.009911204476922947	-0.006758053022412718	0.003987554435209175	0.004997445175950289	-0.0022185529188786415	0.004239247194411908	-1.6494597988787314e-05	-0.00015523449652820717	0.0007371788537343904	-0.0010486072892538238	-0.002094755228009421	0.001316375377229248	-0.00028529990313617726	0.0003811429942865755	0.00034037425738672506	0.00034822942850366737	-9.79947724404726e-05	-7.67284841570052e-05	-3.224962035962864e-05	-0.0	0.0	0.0	0.0	0.0	0.0	0.0	0.0	0.0	0.0	0.0	0.0	0.0	0.0	0.0	0.0	0.0	0.0	0.0	0.0	0.0	0.0	0.0	0.0	0.0	0.0	0.0	0.0	0.0	0.0	0.0

Biplot	0	0

Site constraints	0	0
