Eigvals	39
0.8458823625307237	0.2755549656912986	0.1321354762535571	0.04797640330581339	0.04046715746408651	0.02829368907205662	0.02264144532151332	0.019552735380597257	0.016292090439261595	0.012805589604972231	0.009467178297045048	0.008339820981114736	0.006753556448065627	0.004664095781370815	0.003913972894740464	0.0031683946590866582	0.002750463064556216	0.002003766514902479	0.0012122605443954243	0.0006754684357063237	0.0005133960728943912	0.0002426224185308884	0.0001645871301263549	8.750452561777367e-05	0.0	0.0	0.0	0.0	0.0	0.0	0.0	0.0	0.0	0.0	0.0	0.0	0.0	0.0	0.0

Proportion explained	39
0.5694034103782846	0.18548907526795458	0.08894663625050048	0.03229518532374166	0.027240356920823005	0.019045819801245336	0.015241027302416275	0.013161870611212613	0.010966976342375328	0.008620047793833813	0.006372805306956539	0.005613927797694944	0.004546138144086375	0.003139623382497293	0.0026346802027243355	0.0021327962423885608	0.0018514667268770882	0.001348829976515606	0.0008160298864497474	0.0004546897392958658	0.0003455911693279536	0.00016332062076858538	0.00011079137874200216	5.8903433287373416e-05	0.0	0.0	0.0	0.0	0.0	0.0	0.0	0.0	0.0	0.0	0.0	0.0	0.0	0.0	0.0

Species	0	0

Site	39	39
ec1249	0.016927457168438576	-0.016845693795464127	0.038539938816291704	-0.043344270479979984	-0.02470047200612675	0.0011051434773934788	0.001056983914776725	0.004360951756674203	0.0006712033822631897	0.02797277415513335	0.013376641597192658	0.014365087435463867	-0.021459691015163714	0.02607765127202293	0.010061012973773091	-0.014122263861698516	-0.004114291487443697	0.014086498062728072	-0.0008997843125376317	0.001724374078205234	-0.00487927348109525	0.0013378762296973243	-0.0008974615807077809	0.0007736090109331957	-0.0	0.0	0.0	0.0	0.0	0.0	0.0	0.0	0.0	0.0	0.0	0.0	0.0	0.0	0.0
ec1257	0.11020605867468054	0.02342188429504211	-0.028812286522011604	-0.00957528662768269	0.003866941611835358	-0.00047690352107986473	-0.007389811084184144	0.01710444005493133	0.005193197365389255	0.008276116099950917	0.015503779942559671	0.012398304232235653	0.01097819650477196	-0.03666732213045091	0.0051831364020790355	0.004836491907158046	-0.003777921527352522	-0.00249836559705569	0.002514947584561608	-0.0038131949320017785	-0.007395103680472611	0.0009905796109749034	0.00041585052434909024	0.0011195693311748804	-0.0	0.0	0.0	0.0	0.0	0.0	0.0	0.0	0.0	0.0	0.0	0.0	0.0	0.0	0.0
ec1265	0.05859646278377707	-0.019324806378460947	0.04481894327043778	-0.027346805069812647	-0.005812775267361519	-0.049278921403603945	-0.011038625654218724	-0.013018364177593595	0.04999980383128231	0.010078855733256552	0.0332145931157568	-0.005344822678120481	0.0031213588872285774	0.01940480170089615	-0.003925740638177401	0.01883537979261273	-0.016495228780552488	-0.01019398211232835	2.2411930098381146e-05	-0.0023494346152440025	0.0007618081316628525	-0.0014400808907033922	-4.6448588313956385e-06	0.000792808078916072	-0.0	0.0	0.0	0.0	0.0	0.0	0.0	0.0	0.0	0.0	0.0	0.0	0.0	0.0	0.0
ec1298	-0.004767878073337067	-0.09968196860718333	0.2592182749434578	0.0017808403778334283	0.008356539480028517	0.07884936415190674	-0.007485355560510392	-0.02756603808131946	-0.013670998490527638	-0.023486002289810154	0.009434704890997627	0.0005152792166499859	0.0034610861378639056	0.0008308014375766508	0.0031409988356088884	0.00356410435928935	-0.0006020228215192734	6.038810354289761e-05	-0.0015903307230476793	-0.0024442927082317266	-0.0013660013352073809	0.00041863609862825764	-0.0003812232764824873	-4.476700808508856e-05	-0.0	0.0	0.0	0.0	0.0	0.0	0.0	0.0	0.0	0.0	0.0	0.0	0.0	0.0	0.0
ec1314	0.12258844991705643	0.0567466430494602	-0.02353501513212543	0.009375587347158737	-0.0011992175150646902	0.009095683981710886	0.009859174845437878	0.006029414514151844	-0.002720465884827392	-0.002787445832479256	-0.009466066105546832	0.00762955541305457	-2.7782515131061985e-05	0.004414845631306023	0.010436699883528843	0.015178862550411065	0.0014097166297046696	0.006025220731916593	-0.005279760069012648	-0.008129521874849005	0.0033243088407241307	-0.005983392894813987	0.0026011598522733682	0.0017655155660911879	-0.0	0.0	0.0	0.0	0.0	0.0	0.0	0.0	0.0	0.0	0.0	0.0	0.0	0.0	0.0
ec1330	-0.11194835266554032	0.05425480432945667	0.038183690200021825	0.04521428518152094	-0.05327801250088484	0.04105215537840902	0.014578070655065502	-0.00530116477225668	-0.004132603111984094	0.03037211517921858	-0.005050737557347022	-0.005734578621979863	-0.00022310383718992377	-0.004823420562641258	-0.01035768476760455	0.01078561882562641	0.00535917689966562	0.0013997471409307142	0.007919854549630248	-0.0018159714118344303	0.0032779310570466564	0.0008686967382310186	0.0020584142508339944	0.0008241171955459052	-0.0	0.0	0.0	0.0	0.0	0.0	0.0	0.0	0.0	0.0	0.0	0.0	0.0	0.0	0.0
ec1349	0.06664460667102104	0.022798025392638952	0.011678129787487317	-0.04043981146749002	0.015591212449672298	-0.0010669593813086046	0.005079924043330136	-0.015704021515699534	-0.024310000205463114	-0.008919126420847133	-0.001945523218908106	0.018501249135966947	0.006578949152177391	0.011311789581911877	-0.0023724839369530064	-0.0028622874407945595	0.012418789271785316	-0.01613200362754065	0.002173719157675165	0.003447430435020964	0.006981425473011463	-0.004552714875678097	0.000464599841823645	0.0015694617923058068	-0.0	0.0	0.0	0.0	0.0	0.0	0.0	0.0	0.0	0.0	0.0	0.0	0.0	0.0	0.0
ec1356	0.015462617813027876	-0.08576469385505141	-0.03179752642595125	0.04264783992708822	-0.021086961493207393	0.028992583701315695	0.024851198995934066	0.07196910533599593	0.015329983198901262	-0.009375208583946292	-0.024112023115212326	0.0018918769003987146	0.0015230716290817378	0.018598578071048925	0.008040246794580326	-0.002672065797878564	-0.007625950625228105	-0.0051745899757020455	0.0007995132007198503	-0.002699535293194247	0.0009657832652392762	-0.0016299255573973498	-0.0013839825424140685	0.0011087792546648956	-0.0	0.0	0.0	0.0	0.0	0.0	0.0	0.0	0.0	0.0	0.0	0.0	0.0	0.0	0.0
ec1368	0.0027693012369594174	-0.061307544705621386	0.1278366690786279	-0.061941296918130974	0.020895443478969995	-0.04621583497213966	0.036465738608648296	0.029067711970172196	0.022237328742860683	0.0052869033472628555	-0.03752956375879074	-0.0143985939216995	0.0031006339799663557	-0.012930560351146715	0.0028020671318412576	0.0019051918923833151	0.014206340723652252	-0.0014195581026468901	0.004145363386485129	0.0035653348455608473	-0.0010926403749185146	0.0009177759701969392	0.0015796535138806042	-0.00016060032297053137	-0.0	0.0	0.0	0.0	0.0	0.0	0.0	0.0	0.0	0.0	0.0	0.0	0.0	0.0	0.0
ec1380	0.11339245666441893	0.06830072756995847	-0.004143471601917381	0.007403819860040723	0.0185105165384772	0.0055132777564363645	0.006313566055978611	-0.0017111287109484346	-0.019598865585339183	0.00686925989820054	0.007052769667753981	-0.023778191621988416	-0.0036633839809985785	-0.002014198965759871	0.0020536759965610937	-0.01517641840715098	0.003170568195594792	0.008517531254221597	0.006732753721373346	-0.0008475346237160356	-0.0004686211946303552	-0.005880734828389616	-0.005913341581751575	-0.00019919380083232349	-0.0	0.0	0.0	0.0	0.0	0.0	0.0	0.0	0.0	0.0	0.0	0.0	0.0	0.0	0.0
ec1392	0.11459332086972845	0.054361808698291	0.006515904040855912	0.012828828849574129	0.013820054686213267	-0.0009428362693923881	-0.009420548681170572	0.005011456192777848	0.018768947492151824	0.007041827220950738	0.010096816267090213	-0.010258709083838361	0.015590344549219773	-0.006922746852807582	0.0036002767960557703	0.008046158095955524	-0.00610671233981887	0.003566309549683054	0.0098822069238216	-0.00172635191636858	0.0021610315212099423	-0.0016564417094817566	0.001696968283752649	-0.0037621576804602497	-0.0	0.0	0.0	0.0	0.0	0.0	0.0	0.0	0.0	0.0	0.0	0.0	0.0	0.0	0.0
ec1396	0.1311711364304606	0.07086736534231032	-0.025982399146641435	0.015110405296736821	0.01404990968202139	0.00977769442501319	0.008806951260546418	-0.004952451769025886	-0.003985678012261828	-0.009133165820344777	0.0026498318459798518	-0.01719772367622126	-0.0016644335492016478	0.006159187898193179	0.0032216422530745433	0.006358142003874426	-0.007091422926175422	-0.0018510293118557462	-0.005937704911903261	0.0008643239847504325	0.0006265245107751719	0.005198202792989092	0.000627949883478191	0.0016111216983722466	-0.0	0.0	0.0	0.0	0.0	0.0	0.0	0.0	0.0	0.0	0.0	0.0	0.0	0.0	0.0
ec1400	0.08873327569189683	0.020345126019171433	-0.017966359780017673	-0.00985837282994583	-0.00781014101395989	-0.0022440848989379184	0.0016663672508968807	0.008512571983636483	-0.006361451359754692	0.0068443789315722255	-0.008922116579737597	0.01373129908347581	-0.006131707025371717	0.011356893526998247	0.026337676442457204	-0.0026652599313914623	0.0008455648030293528	0.0022091379914842713	0.011735618863019754	-0.004857594793012579	0.0032690575230027315	0.006247815287973504	0.0013686135713768305	-0.0016064030599733548	-0.0	0.0	0.0	0.0	0.0	0.0	0.0	0.0	0.0	0.0	0.0	0.0	0.0	0.0	0.0
ec1408	0.13003179054183753	0.06607424616773033	-0.03453653218604807	0.007269707814539567	0.005595945319949145	0.006649167194421707	0.014053155459114786	-0.0003305285641786251	-0.006285001556020267	-0.01827265611032848	-0.004186179413883206	-0.0038763179769864273	-0.003706935303219819	0.0036945748448113736	-0.008869478078108138	0.012773216651608736	0.005301200790640811	0.010972755480554925	0.008632976329623267	0.0050160177456344745	-0.004082629676155221	-0.0004838954778037406	-0.0002649543408502838	-0.0017176085454953948	-0.0	0.0	0.0	0.0	0.0	0.0	0.0	0.0	0.0	0.0	0.0	0.0	0.0	0.0	0.0
ec1411	0.1040165453601781	0.044917845549322884	-0.004566136486504343	-0.012465189323007893	0.012913465728676757	-0.0020369591540816316	0.01716262483360852	-0.026241519615346168	-0.014071603014496321	-0.0044416743446962755	0.002227290381500601	-0.0160591386810569	0.0062140489426196	0.0030188923537097074	-0.0040012844816585185	-0.024903612006839757	-0.00931765326906558	-0.0036068540059464717	-0.0027615397392579543	-0.00245548390545009	0.0014801703455774294	0.001173304281165773	0.003998723853413084	-0.002001700717625836	-0.0	0.0	0.0	0.0	0.0	0.0	0.0	0.0	0.0	0.0	0.0	0.0	0.0	0.0	0.0
ec1420	0.13493593490548453	0.06991365628365208	-0.024046483614470655	0.016566410187827785	0.01045771324722555	0.006929058647891297	0.010812138416347664	-0.006072198164706233	-0.004008523846599528	0.0004963907711089876	0.004253501958174715	-0.01832386389490725	-0.002175231461222079	0.00306780817064512	-0.0057051876482419345	-0.005511823663863637	0.005913524058511558	0.0040418430507696	-0.0054247310492268	0.006263257921956156	-0.0022248068550652744	0.0016758396093869425	0.005885626123814285	0.0029841642597694543	-0.0	0.0	0.0	0.0	0.0	0.0	0.0	0.0	0.0	0.0	0.0	0.0	0.0	0.0	0.0
ec1424	0.11995231042032892	0.06341497993571941	-0.0052142569026035115	0.012392241904491343	-0.00432378726715133	0.004248203741301732	0.008289574427589968	-0.00440303170548981	0.002696316306805898	0.0018103338359539175	0.003782948700185065	-0.005532987479150389	-0.0029695013209575455	-0.008111765609454454	0.015544084993413896	0.003938949365681469	0.0007027231128701844	-0.005486513253572872	0.003928018024089348	0.009099555007901708	0.0013188168565856579	0.0005092983756067156	-0.003496000067481115	0.002981988796349497	-0.0	0.0	0.0	0.0	0.0	0.0	0.0	0.0	0.0	0.0	0.0	0.0	0.0	0.0	0.0
ec1427	-0.19279489163724686	0.07165319209296797	0.05362451429350316	0.057108240185491946	0.0947560014618407	-0.011735370795307244	-0.01855201753921489	-0.0017384283473468585	0.022629592171057398	0.049870132034562496	-0.005319961122906937	-0.004168862547256621	0.012267025004090841	0.005724003112128447	-0.008672586343967994	-0.009184344650351412	-0.0008711237196749546	0.004597150511114589	0.0010543239547173274	7.817186766335725e-05	0.001989197127737993	-0.0006262596652032063	-0.0004835891268671127	0.0005572677320689278	-0.0	0.0	0.0	0.0	0.0	0.0	0.0	0.0	0.0	0.0	0.0	0.0	0.0	0.0	0.0
ec1435	-0.24594912784592446	0.1046858188400945	0.0016970099024403956	0.05612791657087254	-0.045430630978233584	0.012063144113244821	0.0340560067899976	-0.03844349497973574	0.03345238558428164	-0.004419768889297607	0.0028467760127363164	-4.540863640760744e-05	-0.016920732301237876	-0.014995109266846728	0.018048774357667906	-0.003650974714252042	-0.002720465251382764	-0.0063797813762458255	-0.0053109205693767135	0.0013058420584977956	-0.002329028421279497	-0.000261067628593073	-0.0015054501125907529	-0.0008853605092254705	-0.0	0.0	0.0	0.0	0.0	0.0	0.0	0.0	0.0	0.0	0.0	0.0	0.0	0.0	0.0
eti481	-0.001162844197533136	-0.1676652360945136	-0.04944881827411885	0.013421349136411659	-0.017865163335572306	0.036782415530436305	0.030294267391881693	0.023730570478308642	0.01600501937989991	0.00317258825410696	0.018598225826052847	0.019323039802712026	-0.0005649107718206136	-0.005287824782013396	-0.028105201472380846	-0.004311278303963826	0.0022552075027698327	0.007247418251790935	0.002851178197990917	-0.0015859772238412861	-0.00042480154670012266	0.000712097257687614	0.0005368996952129176	0.000726740445652016	-0.0	0.0	0.0	0.0	0.0	0.0	0.0	0.0	0.0	0.0	0.0	0.0	0.0	0.0	0.0
eti482	0.036441092646384156	-0.05829562838727255	-0.012639073541012773	-0.0376452222923284	-0.027138503285480384	-0.03000741151210468	-0.024605241083572087	-0.0078056142546669574	0.0042854408813006485	-0.009029745753429718	0.008037876401588841	-0.011640013632021072	-0.003559352530043925	-0.018879299500639067	0.009269110398984344	-0.010179935835315995	0.003643266874480273	0.014175021598922621	-0.003743760308279191	-0.008452978306349081	0.0038858570876458155	-0.0021420363824693318	0.0009793411458656406	0.0025463295237194952	-0.0	0.0	0.0	0.0	0.0	0.0	0.0	0.0	0.0	0.0	0.0	0.0	0.0	0.0	0.0
eti483	0.08079897728631902	0.0017016155172049634	-0.019315112255378603	-0.04206911373389663	0.006708549626748454	-0.00998208990252536	0.00520055781130223	-0.03622474264231813	-0.01880653415051667	-0.02139454961819744	-0.005073526881275221	0.015042479401317805	0.0148738972214193	0.002047346016386835	-0.008900429481628877	0.011729602330273113	-0.0077069587482864205	0.014803439616504403	0.000817107911752769	0.0009492915415531322	0.0017170802433281189	0.0019884393794866923	-0.0027565634959361594	-7.252309978124988e-05	-0.0	0.0	0.0	0.0	0.0	0.0	0.0	0.0	0.0	0.0	0.0	0.0	0.0	0.0	0.0
eti484	-0.008749956532794688	-0.10114994735848051	-0.02771161483835252	-0.004566187232856317	-0.011243123851614925	0.020994594015013204	-0.016190321600693815	0.024072101244455572	-0.01705753048791465	-0.010540144078693643	0.00567807988471621	-0.0020158742484392028	0.03051725775463243	-0.010299464956109972	0.00898863504007147	-0.011087466103673829	-0.021220332898111604	-0.004433293796305757	0.0008004773350603124	0.0087208333698883	0.0036938387972332842	-0.0008959821598906556	0.000812021951742219	-0.0005612847712027406	-0.0	0.0	0.0	0.0	0.0	0.0	0.0	0.0	0.0	0.0	0.0	0.0	0.0	0.0	0.0
eti485	-0.3235922541468991	-0.04062571917112745	-0.029934855376546967	-0.06464258870325518	0.08348151729252008	0.020576175339344027	-0.010638243268004787	0.014466078064685016	-0.006497575372643401	0.012213430535763107	0.002783587500929387	0.021526648404670702	-0.01231447965040729	-0.009554297875151512	0.00671656877495281	0.0021899177608356506	-0.004880562031956749	-0.0012123022628647811	-0.003730743684101315	-0.0010598667027038253	-0.00014822722076530018	0.0009927734644590294	-7.870157847431606e-05	0.0001507282983349506	-0.0	0.0	0.0	0.0	0.0	0.0	0.0	0.0	0.0	0.0	0.0	0.0	0.0	0.0	0.0
eti486	-0.010014132041327187	0.02536302701163853	0.031903661952952106	-0.02362284439568188	-0.04556825395238736	0.0009804367298178534	-0.0035814700494916055	0.01673422019233025	0.0037757355666620195	0.01452975136372758	-0.01826480854094723	0.0018727566635077181	0.01861423974759606	-0.0014678059274245276	-0.004714864821548083	-0.0005445982305532189	0.006920580652435546	-0.0001986276497642308	-0.015922564818676675	0.00014848100418122747	-0.0017140057689048161	-0.0005754299398285093	-0.0016238149570186663	-0.0018269174625450617	-0.0	0.0	0.0	0.0	0.0	0.0	0.0	0.0	0.0	0.0	0.0	0.0	0.0	0.0	0.0
eti487	0.03728736523362138	-0.06728992435882522	-0.04751408746164782	-0.025384317338373867	-0.007281006867869224	0.006255238986169634	-0.027467385401638667	0.01406648563337839	0.0036562547831762828	0.0020687033057323646	0.019707441167480407	-0.024226063758743203	0.015361906534670993	0.011432236348734996	0.01110000326147641	0.008193581538421542	0.021128202888499495	5.471226038645834e-06	-0.007514722086124663	0.0013358116594424188	-0.0029359737366663427	0.0015607563526493732	-0.0011506547369754651	-0.001922470036623971	-0.0	0.0	0.0	0.0	0.0	0.0	0.0	0.0	0.0	0.0	0.0	0.0	0.0	0.0	0.0
eti488	-0.1091704481673006	-0.22825553357893794	-0.04670013939962079	0.05310848526768569	0.053428206319239384	-0.0421052831445594	0.06200969789150521	-0.03447646867440131	0.013672374991537572	-0.029498668951456083	-0.001985240128856447	0.0005673105197025534	0.002921108222117655	0.0029173127361881634	0.005500834889550447	0.0003004577300125384	0.0023073343106476065	0.003736038082894881	-0.002219027674474255	-5.938750351876461e-05	-0.00042314555385568103	-0.0001447910059421667	-0.000466620371512233	-0.000422944251138495	-0.0	0.0	0.0	0.0	0.0	0.0	0.0	0.0	0.0	0.0	0.0	0.0	0.0	0.0	0.0
eti489	-0.3421755207662385	-0.08535118050531933	-0.08062803010367088	-0.0362386936323111	-0.05291317836351218	0.013893103714605082	0.0065649024769195	-0.01674416854857084	-0.0010275315934438218	0.01735063182987587	0.017260205580247344	-0.022787107326124864	0.009438018334286893	0.00617050888854671	-0.004933598900540625	-0.0011160724982918358	0.005590379194779826	-0.0033566658697772563	0.004066374666722495	0.0012220091203683516	0.00022682449328363986	-0.0006323040550446783	0.00011255645290111185	-6.356234145970109e-05	-0.0	0.0	0.0	0.0	0.0	0.0	0.0	0.0	0.0	0.0	0.0	0.0	0.0	0.0	0.0
eti490	-0.3753161500398238	0.14567371702056328	-0.006449856903092516	-0.029669721653851983	-0.05381263797503826	-0.028399426408986163	0.0014501085601262898	-0.018524919056755056	-0.00921923120213508	-0.010914711995128721	-0.026960400329427415	0.016135642265635037	0.016478504940464152	0.004410975490750222	-0.003977780847135073	1.6311448211988568e-05	-0.005626869215242466	0.003997606782464338	0.0021262238982430424	-0.0005036747434067643	0.00015416311442443073	0.0001547872280315845	0.00017777757032179863	0.0003266329178703103	-0.0	0.0	0.0	0.0	0.0	0.0	0.0	0.0	0.0	0.0	0.0	0.0	0.0	0.0	0.0
eti502	0.11190887833690996	0.04438959887525237	-0.012503272729585364	0.006031350725481758	0.00463537624702796	-0.007111144220523214	-0.006638837855285273	-0.009574983723063948	-0.00582789293763716	-0.007366019350957414	-0.012560408436778438	0.013274200989903577	0.010093536996444207	0.009567224792632091	-0.004020290734976121	-0.007189713655561619	-0.0036454637140202664	-0.010096413775862647	0.002851544602050009	-0.0036121183746871304	-0.015023600258908218	-0.003057637876399856	0.001093017875917015	0.000148975487723097	-0.0	0.0	0.0	0.0	0.0	0.0	0.0	0.0	0.0	0.0	0.0	0.0	0.0	0.0	0.0
eti503	0.12658418150460976	0.0545203765835512	-0.014528844555583342	0.010536302710042916	0.006442433632337743	0.007317837105536369	-0.0020426829052075657	0.006833520902174815	0.008686086430780098	0.015570938176485093	-0.004307219343854263	0.02396567789225682	-0.009097778810975808	-0.003599967469611013	-0.002037292704788376	0.0072475692335947	-0.0056805045408426106	0.009067164182443304	-0.011195582614209314	0.009831416934980903	0.001984988320784868	-0.0017398638624466327	0.0004720066758081483	-0.0016040752301666376	-0.0	0.0	0.0	0.0	0.0	0.0	0.0	0.0	0.0	0.0	0.0	0.0	0.0	0.0	0.0
eti505	0.12173706395550066	0.04744067880657472	-0.023555852328625695	0.004179808800545424	0.013727603003717014	-0.0065540243984740995	0.0013208263661966995	-0.0014068422716552221	-0.00796798417957858	0.006081402591340367	-0.005859216597143879	0.00046864115099009613	0.014243782287525234	-0.0021918651672665213	-0.013788909834485824	-0.0017144398813463081	0.002454734206514496	-0.00871036914262529	-0.0014290074456289317	-0.0051451926545658735	0.001193043831932917	0.006156810357648793	-0.004789604950637369	0.0020154855107167836	-0.0	0.0	0.0	0.0	0.0	0.0	0.0	0.0	0.0	0.0	0.0	0.0	0.0	0.0	0.0
eti507	0.13760800351163469	0.06560962947068004	-0.029403763086556175	0.013727999037255429	0.0068997814174025255	0.0102512095136998	0.014435881609818181	0.0017376621214883455	-0.0009210716156515313	-0.001340587129586521	-1.4293193269650156e-06	0.0036301229997354016	-0.011886212532109027	-0.002562491587887542	-0.008089095223294407	-0.003841318539908064	0.004218516125675765	-0.007320070141004002	-0.00821889395987348	-0.007361680738320866	0.004756045888808312	0.0008153525516992136	-0.001195942013948825	-0.0030272647545807677	-0.0	0.0	0.0	0.0	0.0	0.0	0.0	0.0	0.0	0.0	0.0	0.0	0.0	0.0	0.0
eti508	0.09284291252570358	-0.03438508916159656	-0.0570324546009789	-0.04490630825050663	0.008545749270241574	0.015798595720250948	0.005247840800142876	-0.022983373716757807	-0.003379716248297822	0.01508251103681605	0.008301626339806599	0.018712115393588503	-0.023927208393821613	-0.005469298322939393	-0.0015211927038110745	0.00022903272158889123	0.00961702098473703	-0.01257724003289791	0.004863652512401321	0.0020182098113837067	0.0003619161794408914	-0.0013069734747025207	0.0008596608362491399	-0.0010605903361625274	-0.0	0.0	0.0	0.0	0.0	0.0	0.0	0.0	0.0	0.0	0.0	0.0	0.0	0.0	0.0
eti509	-0.0288662437033137	-0.04984373121621336	0.09279462075876213	0.07217754485870422	-0.03836380555357813	-0.08679329239846326	8.562225495430279e-05	0.028411881423025018	-0.06118189233154738	0.008689964402547897	0.02732231152953257	0.013630470133250824	-0.00993006040002733	-0.003954934288700738	-0.00288961311988352	0.0010401850917259264	0.001676087362228894	-0.0029319005988851644	-0.0010502793471055922	0.0012647095839173586	0.00036718029752456644	0.0004488899882423901	0.00025949164444939596	-0.0006720765618440091	-0.0	0.0	0.0	0.0	0.0	0.0	0.0	0.0	0.0	0.0	0.0	0.0	0.0	0.0	0.0
eti510	0.078921748397673	0.003969816043974038	0.029875316152392188	0.012721078867955753	-0.029347534482532613	-0.015321523751765102	-0.06263301552179927	0.0028476610020207473	0.059290563926804325	-0.0393466330014671	-0.0047494287555054655	0.012689898079391186	-0.01338670973609197	-0.002077702616416277	-0.011871307944246885	-0.015397499079619981	0.006055472871792519	-0.00013711299608048063	0.00392434612553154	0.0031524545861843544	0.0028788916901956695	0.0010333200459852869	-0.00041128652250333603	-3.6077908009646076e-05	-0.0	0.0	0.0	0.0	0.0	0.0	0.0	0.0	0.0	0.0	0.0	0.0	0.0	0.0	0.0
eti536	0.0140135919545811	-0.09861003395698095	-0.006996084178403148	-0.030669351056088322	-0.00936956232778458	-0.005725587360166645	-0.01828412339041633	7.638456003448368e-05	-0.020223021523076173	0.005618753946104128	-0.03176073254653618	-0.03629183780164786	-0.03844001347650744	-0.005340357205263103	-0.01353501456100873	0.008044213597892246	-0.01898311966467805	-0.004116724194415525	-0.0004624417102697818	-0.00025559891996231434	-0.0007407330987481882	-0.0005117113226236591	-0.0007538723925847316	-0.00041265920627122434	-0.0	0.0	0.0	0.0	0.0	0.0	0.0	0.0	0.0	0.0	0.0	0.0	0.0	0.0	0.0
eti537	-0.3499248217898364	0.17112689170172743	-0.00797284202971781	-0.0013197492489033012	0.042646345223871465	0.004421178688028718	-0.013539035115528735	0.04755190547882612	-0.012302283294824953	-0.050243038982807395	0.021676464078130418	-0.011527810000362411	-0.013051327855523098	0.004107756511997746	-0.004589262171594389	0.004424619253176837	0.003999116212881758	-0.0001492469090130602	0.00044744961896846073	-0.0007475477092793841	-0.0008089951185584717	8.69296442454297e-05	0.0006860188712200193	-0.00011155004668013507	-0.0	0.0	0.0	0.0	0.0	0.0	0.0	0.0	0.0	0.0	0.0	0.0	0.0	0.0	0.0
eti542	-0.06373291889511673	-0.13715474346593404	-0.0637515037360456	0.07597508734684238	0.011215462319343854	0.004451391581472536	-0.08015446600918294	-0.029360639617229428	-0.0167927780306148	0.005211384503802959	-0.025750890936427257	0.003336250473045884	-0.0002764103591559559	0.0028372450520464223	0.006832855190360066	0.006493766452122271	0.007273079888454846	-0.0005260968856170147	0.0004017325285689618	-8.45866065532032e-05	-0.0013182972752653422	0.00023306234243524704	0.0008713560888922392	0.00016849275093680334	-0.0	0.0	0.0	0.0	0.0	0.0	0.0	0.0	0.0	0.0	0.0	0.0	0.0	0.0	0.0

Biplot	0	0

Site constraints	0	0
