Eigvals	70
3.3601256604786363	1.4956057247402537	0.5754508963661437	0.32448459231246973	0.20112854507726982	0.18015800507001914	0.13279798413497698	0.10778464169534738	0.07138687345489284	0.06634421537841556	0.05144935189452238	0.04163356120207112	0.037855416805606695	0.03571195497173146	0.025023148762954806	0.021572341993498667	0.019611044792119503	0.014648933974209244	0.010471635026746556	0.00874126969802222	0.006468648188229481	0.004495768669159045	0.0035938072077933703	0.002825584223491745	0.002504889645072478	0.0021810476233766474	0.001660144371781469	0.0011544190639157514	0.0007245836162485783	0.000640666964050105	0.0003786290435649725	0.00033873645718920996	0.0002542091358877014	0.0001913225584880353	0.00014686421315544135	9.00830855565289e-05	4.582757187375779e-05	3.0309879902319528e-05	0.0	0.0	0.0	0.0	0.0	0.0	0.0	0.0	0.0	0.0	0.0	0.0	0.0	0.0	0.0	0.0	0.0	0.0	0.0	0.0	0.0	0.0	0.0	0.0	0.0	0.0	0.0	0.0	0.0	0.0	0.0	0.0

Proportion explained	70
0.49343143828472996	0.21962835870856603	0.08450444779369842	0.04765027122919237	0.029535546376993415	0.026456041393268723	0.01950126481391783	0.015828077920503614	0.01048309831319826	0.009742588499318305	0.007555291161496364	0.006113851105772923	0.005559033991186417	0.005244268544156432	0.003674626943195553	0.003167879065423364	0.0028798643312236668	0.0021511828099912422	0.0015377502077420185	0.0012836476118322998	0.0009499151822855701	0.000660199595125433	0.0005277473638313017	0.00041493450789384194	0.00036784079680418185	0.00032028488649348046	0.0002437907113901635	0.00016952540370472925	0.00010640445389538133	9.408136881634477e-05	5.560133531316303e-05	4.9743144798500435e-05	3.733038350962124e-05	2.8095546045030374e-05	2.156687792429819e-05	1.3228620284680883e-05	6.729737809729427e-06	4.450978667359885e-06	0.0	0.0	0.0	0.0	0.0	0.0	0.0	0.0	0.0	0.0	0.0	0.0	0.0	0.0	0.0	0.0	0.0	0.0	0.0	0.0	0.0	0.0	0.0	0.0	0.0	0.0	0.0	0.0	0.0	0.0	0.0	0.0

Species	0	0

Site	70	70
ec1254	0.13320433519565075	-0.36479712060515607	0.03508417638089351	0.2002643335430153	-0.06858329728091536	0.08199121447539888	-0.032738228859162055	0.017212852067835595	-0.02839797737485702	-0.04560091647950946	-0.02275757409221622	-0.009867411340485311	-0.03660474135977227	0.03523071952840007	0.04680018926988666	0.02163798051282138	-0.03888059192503912	-0.013145335297610295	0.010260080198294635	0.013421551552302919	-0.0018448903157742475	0.0011640590210791012	0.010067851991233896	-0.0025552984505680066	0.005434472921314656	-0.0026853164319109264	-0.003761106846426367	-0.0035006916072469127	-0.0007464824162695364	0.0008948195654308637	0.0006804019891596731	0.0007955736978148395	9.062193203431798e-05	0.00014798179424699827	0.00017859699690315215	3.886307292172975e-05	-6.708721079605965e-05	3.0901667474061475e-06	-0.0	0.0	0.0	0.0	0.0	0.0	0.0	0.0	0.0	0.0	0.0	0.0	0.0	0.0	0.0	0.0	0.0	0.0	0.0	0.0	0.0	0.0	0.0	0.0	0.0	0.0	0.0	0.0	0.0	0.0	0.0	0.0
ec1270	0.08045708615249841	-0.29914329436531345	0.10640110395790396	0.1544545832745583	-0.03422203019232191	0.0462300457896469	-0.02421972945730359	0.008906226507044692	0.031245045422901088	-0.012302162505911608	-0.003814188000137297	0.02228394308438665	-0.015267948534011096	-0.0568243840091657	0.03045860143863435	0.025531209462792623	0.009731988439811079	0.02617020793210994	-0.0033153283660399056	0.005856661448196906	-0.005008744572186646	0.0013040609702164856	-0.010019842893809545	0.0014583050811172193	-0.00512074834378796	0.009272895375248074	0.002992021660141454	0.00368024775145622	-0.00023203591578442847	-1.571569577766734e-05	-0.0008885769941503615	-0.0015429820399033801	5.825276353379725e-05	-0.0008137556436951913	-0.0004431745624662525	-0.00010203009398092436	0.00024271273930978276	-0.00012108678981008078	-0.0	0.0	0.0	0.0	0.0	0.0	0.0	0.0	0.0	0.0	0.0	0.0	0.0	0.0	0.0	0.0	0.0	0.0	0.0	0.0	0.0	0.0	0.0	0.0	0.0	0.0	0.0	0.0	0.0	0.0	0.0	0.0
ec1278	0.06823235918204133	-0.2740240257405968	0.05068718743739144	-0.018465921609736636	-0.042248695470820496	-0.007648141550410095	0.0503095292482483	0.011683773352494055	-0.016582654784973123	0.014491688392863503	-0.11497619140500748	0.043168259220830354	-0.03204552608046272	0.000993731042073244	-0.08587391160988157	0.0044499653517226	0.010955949926207529	0.028408660757253505	-0.009759922726164997	-0.007771700367211644	0.009996315060428538	-0.004391679770556419	0.007597703078197057	0.005292920146471783	-0.0011656718107938607	0.0006797731050312809	-0.002973854679195566	-0.0022862088274922727	0.00015664581476010147	-0.0003397484273987603	0.0006790586231131252	0.0004301900752777027	0.0006048853834853992	9.659448477898948e-05	0.00039047177670365857	0.0001152660814018635	-2.9043224716289342e-05	0.00015943348895447392	-0.0	0.0	0.0	0.0	0.0	0.0	0.0	0.0	0.0	0.0	0.0	0.0	0.0	0.0	0.0	0.0	0.0	0.0	0.0	0.0	0.0	0.0	0.0	0.0	0.0	0.0	0.0	0.0	0.0	0.0	0.0	0.0
ec1306	-0.017539472969013745	-0.010511767907986387	0.046755315634220564	-0.035032191011654654	-0.02117153702784159	0.0023909801122430135	-0.010010549067739339	-0.04009251803167845	-0.008259148646249447	-0.009368101752987863	-0.06126039152116125	-0.022249967538788197	0.06184088217947028	0.0013918286019395675	-0.018353607888763727	0.003154149915706192	-0.018779909773901014	0.0016599768237338327	0.007388984481628963	0.023376883603407065	-0.020273914420831506	-0.0018697946039492569	-0.02246080124652908	-0.006417111219411505	-0.004419269596493931	-0.005817331939702057	0.002522705344085894	-0.0013870850581679008	0.003522011362544629	0.0017168545062500086	-0.0007995965785419808	-0.0005819441977747835	-0.0011257708222084878	0.0005334842102040594	-0.0008056250243143223	-0.0004977260404303215	-0.0005691853358738676	3.670325765180867e-05	-0.0	0.0	0.0	0.0	0.0	0.0	0.0	0.0	0.0	0.0	0.0	0.0	0.0	0.0	0.0	0.0	0.0	0.0	0.0	0.0	0.0	0.0	0.0	0.0	0.0	0.0	0.0	0.0	0.0	0.0	0.0	0.0
ec1322	-0.09238727931460045	0.03775827519351865	0.018956970021744794	0.0029357588198817217	-0.003283562241939734	0.01042483506316724	0.0013976301342425636	0.011217466936688335	-0.007026420483267147	0.023221796672692967	-0.01556515134256106	0.0034435959967068453	-0.0004606673207733668	0.007342842646734814	0.014300860681659422	0.010281092562181767	-0.009957046820020781	-0.013575541530971872	0.0003988681931380462	0.004784758835661688	0.014538731590032463	-0.009203967361825102	-0.01562541501343238	-0.006385162620747913	-0.011643082497118092	-0.009407056205737608	-0.008877259394531663	0.0004866496830956319	-0.005378132248681445	-0.0025866858995550242	0.001391689175909145	-0.0019939145673311255	0.0014073736461739472	-0.0005176303773464224	0.0029937999382914447	0.0010840809743607545	0.0004570127108274306	8.263500736289205e-05	-0.0	0.0	0.0	0.0	0.0	0.0	0.0	0.0	0.0	0.0	0.0	0.0	0.0	0.0	0.0	0.0	0.0	0.0	0.0	0.0	0.0	0.0	0.0	0.0	0.0	0.0	0.0	0.0	0.0	0.0	0.0	0.0
ec1325	-0.0988223114776108	0.06134055185455443	-0.022816478979930253	0.018007829189619445	0.0051936995056476535	0.01772224712265101	0.0064120618271209275	-0.007261419889473203	-0.005275599424634521	-0.00938189470762801	-0.017445540657348838	0.0034328625816060065	-0.020889977435803404	-0.007076259769076558	0.0006829583158420898	0.02811815351279882	-0.008887489116749142	-0.0008508937697498543	0.003758546000876388	-0.009890881914912338	0.0054181053436976635	-0.01046678730736868	0.01561380909741952	-0.0006435757725614536	-0.007186812904660267	-0.006856308274443498	-0.006726874596769229	-0.004543087925443452	0.0019223047758825298	-0.002324878197042038	-0.004142618472979395	-0.0037419322005676453	-0.0044415986962580605	0.002526369423576814	-0.000977774573244505	0.0005785110530599907	-7.432015484545897e-06	-0.0015818304725309284	-0.0	0.0	0.0	0.0	0.0	0.0	0.0	0.0	0.0	0.0	0.0	0.0	0.0	0.0	0.0	0.0	0.0	0.0	0.0	0.0	0.0	0.0	0.0	0.0	0.0	0.0	0.0	0.0	0.0	0.0	0.0	0.0
ec1341	0.006826338383952043	-0.09320400215607247	0.1238885034636391	-0.022280795528655792	-0.029560359993869478	-0.013390640629789398	0.028577776659463185	-0.03278571161770233	0.028564543281975018	-0.02618865549140033	0.00941185567293547	-0.055210137210819084	0.01661723076995116	0.0613186963541265	-0.004890329495346274	-0.016250692233036705	-0.055461251438433376	0.036291551549058484	0.02455766912991634	-0.02976303884568619	0.024447883636808235	0.0005334461795636142	-0.008363327909360894	-6.489556603867055e-05	0.00225753154330718	0.0039501303857887304	0.00046507812738595493	0.0023760224787494756	0.00012419883412679306	-0.0016188196005189383	-0.0004419491122525126	-0.0005836063751081155	0.0005277671172239735	-0.000427451966057258	-0.0002591867930798305	0.00010025566235608382	6.204922795707012e-05	-8.129407099087211e-05	-0.0	0.0	0.0	0.0	0.0	0.0	0.0	0.0	0.0	0.0	0.0	0.0	0.0	0.0	0.0	0.0	0.0	0.0	0.0	0.0	0.0	0.0	0.0	0.0	0.0	0.0	0.0	0.0	0.0	0.0	0.0	0.0
ec1350	-0.09748513125277272	0.054002908416630864	-0.026220448075693546	0.016680445570944287	0.010988968623829096	0.028673878754536423	0.0044941777937222635	-0.012128685202686016	0.0008363332941319562	0.0031183960783526927	-0.01942281034089925	0.00835187521345788	0.009800267664355976	-0.013642551977788783	-0.00012016536397576415	0.024550235723901612	0.005392958507704469	-0.007480165951744356	-0.0009246557570356249	-0.010330252369531497	-0.003561246358846533	-0.002267918174097416	0.010778314448203787	0.006439935567678944	0.00900369619921197	-0.00308780555091013	-0.013023460710138251	0.00758778812935912	-0.004228188705921265	0.0008952869959752325	-0.0023288718322644108	-0.0033108840444117708	-0.0007268210099574061	0.00048604470384551804	-0.0010554678424419478	-0.0012649287603000115	-0.0009638951858812186	0.00034992497524367905	-0.0	0.0	0.0	0.0	0.0	0.0	0.0	0.0	0.0	0.0	0.0	0.0	0.0	0.0	0.0	0.0	0.0	0.0	0.0	0.0	0.0	0.0	0.0	0.0	0.0	0.0	0.0	0.0	0.0	0.0	0.0	0.0
ec1353	-0.06425272057521769	0.011308535603299035	0.027189854941770248	-0.0051619971689287805	-0.002316918544794642	0.014206029686772023	0.016014321886318118	9.772516189178714e-05	-0.023211271758709934	0.0026536614902522657	-0.04165108715455319	-0.00883292062576324	-0.018787313276316914	-0.013942037956474442	0.00693379197984459	-0.002714327900726004	-0.007810618778621884	0.012515347946654067	-0.017123821919551755	0.0034163822323321465	-0.002087906503424804	0.019655038283264804	0.012770935341488763	-0.02096379557079733	0.004116236668029101	0.0006000611534907141	0.014811862324500127	0.00389391564339732	-0.00010322280014477212	-0.004363117812961834	-0.0019456517890044202	-0.00022783275244156185	-0.0006688979604802189	-0.0006261380131373877	-0.0010994160771901182	0.0007619810772737134	4.741497617190313e-05	5.6445177517020984e-06	-0.0	0.0	0.0	0.0	0.0	0.0	0.0	0.0	0.0	0.0	0.0	0.0	0.0	0.0	0.0	0.0	0.0	0.0	0.0	0.0	0.0	0.0	0.0	0.0	0.0	0.0	0.0	0.0	0.0	0.0	0.0	0.0
ec1354	-0.126497534915275	-0.08426672831612972	-0.09031730943194798	-0.2200617813958578	-0.10606752016334794	-0.012339765850077842	-0.012292785052516606	-0.06189088331173578	-0.1302273169879415	-0.011138433744228272	0.025740222970409347	0.007448755247263787	-0.0211383476919798	-0.03524082341419355	0.006315444343037149	0.0247102056913448	0.0009838134378742668	0.012146502898800315	-0.006405905307485498	0.009066043663908271	0.0004979649760066434	-0.0003998429860588182	-0.0034374384488772077	0.0006634387306054211	0.00044431055537953544	-0.00020223439060149177	0.0013513488752739556	0.0009531460435436277	-0.00020687151845499193	6.411393117058663e-05	-0.00022482150433897683	-0.0003494844658765661	-0.00011630870476309363	0.0002495694821767112	-6.545575797366413e-05	-8.003280193780896e-05	1.5133601210036191e-05	-3.754237939611816e-05	-0.0	0.0	0.0	0.0	0.0	0.0	0.0	0.0	0.0	0.0	0.0	0.0	0.0	0.0	0.0	0.0	0.0	0.0	0.0	0.0	0.0	0.0	0.0	0.0	0.0	0.0	0.0	0.0	0.0	0.0	0.0	0.0
ec1357	-0.116581882117693	0.08198940369733174	-0.03937553598641071	0.027254770059882274	0.0047266966312240226	0.010649659980203945	-0.008561269934459298	0.005679779519601711	0.007055024631652205	-0.013251027127949812	0.01199107927109416	0.01195724317054261	0.012610238133729782	0.0012914245459773174	-0.008462842348001154	-0.0075265819941837744	0.01230341448423235	0.0005912245855342876	-0.0049341029914089524	0.013785079021984704	0.01537955878376076	0.00019460596070090285	0.002286403289704037	-0.007917222817519418	-0.0025207570979570975	0.016223797235849147	-0.001224216095912499	-0.0012920273936732072	-0.00010230651036638387	0.0004871172725724166	0.0006427477006760712	-0.005796233679624501	0.0012513633921160453	3.6712075478593316e-05	-0.0024958615392146714	-0.0016490174614721825	0.0013734652892759126	-0.0012009388681552742	-0.0	0.0	0.0	0.0	0.0	0.0	0.0	0.0	0.0	0.0	0.0	0.0	0.0	0.0	0.0	0.0	0.0	0.0	0.0	0.0	0.0	0.0	0.0	0.0	0.0	0.0	0.0	0.0	0.0	0.0	0.0	0.0
ec1364	-0.10535223759058841	0.06114612138979325	-0.018870207548914133	0.018045005891553063	0.00465262163917269	0.010761126345055095	-0.006595310109035602	0.00781423787764315	0.0019286701949193204	-0.00419558418568751	-0.02630403803363376	0.008581319271154377	0.023243214381287753	-0.008283720305136967	0.00901286059625283	-0.01096654765989188	-0.0014520522786398502	-0.019258688938564375	0.008134826360802273	-0.0013693878138470118	-0.004769721325110358	-0.009346002910796946	0.004893912830184852	0.00022993962159354928	0.006776119964614427	0.0010354287408553945	0.0017656180717166609	0.008659877335633594	0.004313121294214094	0.006299023351450054	0.0038471730847745036	0.0015690542600559111	-0.00016264611642442033	-0.002412892199123021	0.0006858519900537584	-0.0004020045619276145	-0.0005348231994212727	-0.0014469800538934815	-0.0	0.0	0.0	0.0	0.0	0.0	0.0	0.0	0.0	0.0	0.0	0.0	0.0	0.0	0.0	0.0	0.0	0.0	0.0	0.0	0.0	0.0	0.0	0.0	0.0	0.0	0.0	0.0	0.0	0.0	0.0	0.0
ec1367	-0.10222255027470642	0.06341851137372281	-0.012101925626208853	0.0065031743773343725	-0.0005664061587294998	0.006795469650022663	-0.002406264012380483	0.009200402610348872	-0.0019198586397370365	0.011045097047635672	0.01271330860354827	0.001300108306919307	-0.015091698004781141	0.0028849508429252893	-0.0008286044692394762	0.0038102073161386677	-0.005573980975942111	0.006331624011907671	-0.0026724857970842277	0.0071064617032151394	0.009813560261032082	-0.01908987051133206	-0.005616632444602036	-0.0019817023116145463	0.011021119276449947	0.00531276610994637	-0.0041858010738591266	0.010314848657854132	0.0025220497704229205	-0.0007375796310508976	-0.0020430627718833927	0.0005951298332943463	-0.004540237514253149	0.0007861771293260594	0.0005220949996988492	0.000753030240053456	0.000973853439995854	0.0012842295883221566	-0.0	0.0	0.0	0.0	0.0	0.0	0.0	0.0	0.0	0.0	0.0	0.0	0.0	0.0	0.0	0.0	0.0	0.0	0.0	0.0	0.0	0.0	0.0	0.0	0.0	0.0	0.0	0.0	0.0	0.0	0.0	0.0
ec1369	-0.11292657790958538	0.07430865913221818	-0.02394199835728952	0.01736959566759628	0.0033760433869585	0.00538428649212788	-0.001826331303061361	0.003024533603216474	-0.0002906653292580865	0.008298234386017482	-0.0008151259325307658	0.007650332877357717	0.014691277342150526	0.0018948620029873848	0.0015850432067677593	0.01672212824970154	0.00030236113757041064	-0.0008891062950816868	0.005621513054606829	-0.006501998840426205	0.0001945400685664955	0.002185836765561567	-0.004689640384814063	-0.00022254789616357577	0.010115192433881972	0.0031980575402718384	0.004874596309861062	-0.0021071405822288987	-0.0065466328092072075	-0.0040223641753204305	0.002146961077684524	-0.0018680469518000738	-0.003239420474534536	-0.00017663491680081558	-0.0009119222932389417	0.000989327804449961	-0.0012152936180523358	0.0021608575977703787	-0.0	0.0	0.0	0.0	0.0	0.0	0.0	0.0	0.0	0.0	0.0	0.0	0.0	0.0	0.0	0.0	0.0	0.0	0.0	0.0	0.0	0.0	0.0	0.0	0.0	0.0	0.0	0.0	0.0	0.0	0.0	0.0
ec1372	-0.09902764423844393	0.06696920022444915	-0.02892979863700248	0.01317963763471503	0.010751140560211104	0.019802821521063038	0.008675880665047653	-0.008333724259082874	-0.002873715983512453	0.004847369357244418	0.003146890230449878	-0.006473349626935124	-0.015505848022125427	-0.0013893346950232467	-0.00163457418401839	0.02477422162956913	-0.00012392534704319937	0.007940483193962919	0.006178132303697326	-0.010515508162617593	-0.0005274102348399371	-0.007040149687323361	0.004551337291728661	-0.007672322874851564	-0.008801719045085726	-0.0011093286517751845	0.014431614807739456	0.01284602697617432	-0.003142391173024815	0.007014866279301155	0.004884388431946868	-0.00035522254423118863	-0.00019241033120888758	0.00043559365726543973	0.003587713638505022	-0.0012949688683833922	-0.0001979208742288446	0.00030578097468712795	-0.0	0.0	0.0	0.0	0.0	0.0	0.0	0.0	0.0	0.0	0.0	0.0	0.0	0.0	0.0	0.0	0.0	0.0	0.0	0.0	0.0	0.0	0.0	0.0	0.0	0.0	0.0	0.0	0.0	0.0	0.0	0.0
ec1382	-0.11008605111635233	0.07223368132066613	-0.030927106765351833	0.026771542298294676	0.006583891761862906	0.010514533551731731	-0.0063918996341701066	-0.001133782529377133	0.0024662706826953534	-0.006249802147973188	-0.0060434863758033475	0.008616580132553273	0.02070250606713432	-0.004551237924821895	-0.0029543181838354478	0.009655833929071898	0.00042482212497148194	-0.004113884140996904	0.004454200583211655	0.003640298698894769	-0.003005247494272088	-0.006343328736634656	0.0064214023800823125	0.009147347974176856	0.0008657934717894496	-0.0043914694569153175	0.0013701299606053564	-0.008614861723377467	0.0025591783902488806	-0.0027422517200116877	0.005151680597953114	-0.0006459211524602365	-0.0010075455667649489	-0.003518669407731993	0.002649455378405356	-0.001770823065959049	0.00030056686715961803	0.0008922613764865462	-0.0	0.0	0.0	0.0	0.0	0.0	0.0	0.0	0.0	0.0	0.0	0.0	0.0	0.0	0.0	0.0	0.0	0.0	0.0	0.0	0.0	0.0	0.0	0.0	0.0	0.0	0.0	0.0	0.0	0.0	0.0	0.0
ec1384	-0.08832618905667529	0.04853607722510709	-0.009153843765115598	0.008442418650711752	0.0012643364563219134	0.009454673752605777	0.013727282098983435	-0.003291068817336727	-0.009969144266132332	-0.014328762997595335	-0.04588705393802745	-0.005344660779855585	-0.020072265142480693	-0.016274667677990073	0.003671305239234338	0.027624680034590413	-0.019411417376412197	-0.033347606572369744	0.0010636661109826677	-0.010595607336141129	0.008006914095721804	0.004191736750729108	-0.00837727937132308	0.005148675253083017	-0.004858884484206354	0.007635488131120969	0.00245019985972114	-0.007015175934379111	0.007121055118877826	-9.505478966135283e-05	0.00015518009943963604	0.005480882227054962	0.001730534031941028	-0.00022517598396318666	0.00038490461537295435	0.0004340609365921419	0.00018219773412330717	0.0005446385469539043	-0.0	0.0	0.0	0.0	0.0	0.0	0.0	0.0	0.0	0.0	0.0	0.0	0.0	0.0	0.0	0.0	0.0	0.0	0.0	0.0	0.0	0.0	0.0	0.0	0.0	0.0	0.0	0.0	0.0	0.0	0.0	0.0
ec1386	0.07949753055716476	-0.1483160404669592	-0.11106784743560792	0.1966037629620844	0.13429105740377967	-0.2347647854959325	-0.06798780523887818	-0.08176233588194749	-0.0319103116319471	0.057137886667852855	-0.013038515212708084	-0.0011847771507236655	-0.028820409912005376	0.0022776880506350135	-0.007193727475692363	-0.020513588107309796	0.0031967177430051816	-0.0010043530459025243	0.0025896428039788063	0.002908536940358271	-0.000927163334786974	-0.0032718632986504246	-0.004933242372104515	-0.001938192494943414	-0.000996582635104833	0.001808824650574053	0.0017999728978209885	0.0005232969769028409	-0.0001755671007500804	-0.000695410105031926	-0.00022147969639377022	0.0001737915347698755	0.00012878649457193759	0.0001807045509249709	9.00762869988765e-05	-8.331919576255506e-05	-7.256655619920016e-05	4.667348100040469e-05	-0.0	0.0	0.0	0.0	0.0	0.0	0.0	0.0	0.0	0.0	0.0	0.0	0.0	0.0	0.0	0.0	0.0	0.0	0.0	0.0	0.0	0.0	0.0	0.0	0.0	0.0	0.0	0.0	0.0	0.0	0.0	0.0
ec1388	-0.10548025113849337	0.07807377365497188	-0.029896294529615588	0.013628773081373901	0.0017309283999934766	0.010131188925898338	-0.00545630590828061	0.008852005404154078	-0.0028594175879705307	-0.002265244724420874	0.020356640091787073	0.005669703678132619	-0.015531607918189812	0.00015992051940277413	-0.007775444923333971	0.0017443677240202916	-0.004438373243279559	0.02304697561696826	0.00199456846239544	-0.008484240835366972	0.011218175720137336	0.0120087626526004	-0.0014634043117444247	-0.0025582276177813766	0.005774806612620835	-0.0069927542855385055	-0.0010828834355863684	-0.002843750025682131	0.0004643942985044349	0.008857846653248885	-0.003432965350515549	0.003568340813966167	8.425905950798013e-05	0.0024058313810699098	-0.0007815840200679153	-0.0026603776992650883	0.0005964009165899959	0.0007599335460371837	-0.0	0.0	0.0	0.0	0.0	0.0	0.0	0.0	0.0	0.0	0.0	0.0	0.0	0.0	0.0	0.0	0.0	0.0	0.0	0.0	0.0	0.0	0.0	0.0	0.0	0.0	0.0	0.0	0.0	0.0	0.0	0.0
ec1398	-0.11540842237346632	0.0834718805033835	-0.03950465794529781	0.025321101685562834	0.004978546492830939	0.0057809369872232575	-0.013888212401101172	-0.0045699610086469755	0.0020232770144690453	0.0006497969712732491	-0.004993738547388354	0.024378006078828438	0.031174108077959388	0.008594978828259167	-0.017184940066450716	0.0038891903160834912	0.008088265861622678	-0.005204974450578747	0.009475914850911654	0.007901282613184735	-0.006058732161363846	0.015008490200379495	0.0008023446913622502	-6.731107284631866e-05	0.0021047195835100564	-0.004707172361941522	-0.0028466020693847026	0.0021755877286299997	-0.0020537615863569616	0.0027215766528465458	-0.002984919473610221	0.0027755870051821203	0.0007373176836724397	-0.00017619678420126284	0.001442137698931357	0.0023862024549475567	0.0017297213981851758	-0.0001223364563729148	-0.0	0.0	0.0	0.0	0.0	0.0	0.0	0.0	0.0	0.0	0.0	0.0	0.0	0.0	0.0	0.0	0.0	0.0	0.0	0.0	0.0	0.0	0.0	0.0	0.0	0.0	0.0	0.0	0.0	0.0	0.0	0.0
ec1401	0.08642736462907356	-0.1340595345468344	0.09540271999416527	-0.04048113162825633	-0.05563626411918659	0.00523135280467825	-0.023803110706346452	-0.07127881506857624	0.07232041562826723	-0.040318522305719286	-0.013704027988684876	0.01679480258801688	0.03092970864207552	0.07444354664467202	0.012492448045799487	-0.007073346074888939	0.007340191853419725	-0.004240600992265718	-0.028902978542508933	0.02217064329598338	0.002522866362335893	0.0018175743737969014	0.007006604828255799	0.0038336681901226244	-0.004543016620054936	-0.0033566351616161018	0.0037634822936551218	0.001987516865735794	-0.0006796649774577707	-0.0009878115486232646	-0.00015674833604752543	0.00035809811389870075	-0.0003366914411605741	0.00023138437099704207	0.00012208918649334285	2.7234098487292324e-05	-4.35703608877681e-05	1.4107923986452748e-05	-0.0	0.0	0.0	0.0	0.0	0.0	0.0	0.0	0.0	0.0	0.0	0.0	0.0	0.0	0.0	0.0	0.0	0.0	0.0	0.0	0.0	0.0	0.0	0.0	0.0	0.0	0.0	0.0	0.0	0.0	0.0	0.0
ec1403	-0.11277746937255825	0.07948885631002385	-0.03157103152237153	0.0176400449417186	0.002941888233392289	0.004507432742626091	-0.003591521055667316	0.00521675030019725	-1.7858241303758083e-05	-0.004735655547876283	0.011575500555557262	0.005881093224657549	0.0014950328740818784	-0.00038306558617599216	-0.0009982048941890728	0.001160950725723371	0.004712403858872988	0.011215606349259517	0.001806162995009031	-0.004052496627517666	0.0004309677669868055	0.002441709972433259	0.0012673917964068553	-0.009104550328270901	-0.01461663726787561	0.006308282063634937	-0.0022486607412279913	-0.0001997438287421981	-0.000646245428669203	-0.0008687588590450503	0.0028873617514207995	-0.0014859659219352938	0.0007482164043872359	0.000537347030663493	-0.0013159916912186909	0.004222922257869874	0.0004038722221088865	0.0012369513188779625	-0.0	0.0	0.0	0.0	0.0	0.0	0.0	0.0	0.0	0.0	0.0	0.0	0.0	0.0	0.0	0.0	0.0	0.0	0.0	0.0	0.0	0.0	0.0	0.0	0.0	0.0	0.0	0.0	0.0	0.0	0.0	0.0
ec1404	-0.10693182103927316	0.07332701277341976	-0.023966620628982797	0.010953213297542482	0.007035984623760521	0.0032322422260049333	-0.0001545400920801184	-0.003436719682691455	-0.0033511685334217563	0.015698071825577604	0.00709371527508705	0.006693125621826905	0.010169349386736342	0.00794313654908611	-0.0018674311913506676	0.01881958706766849	-0.0010306230345987948	0.0015813447582864206	0.0062851906516849885	-0.0043984893848145745	0.001967086903184238	0.003582540941124237	-0.0006677985373311539	-0.006725468829058001	-0.00033019642182169486	-0.003190525490001549	0.008208421270874233	-0.008169216303002574	0.0004100593951420413	-0.002485017896256342	0.0010746960374735024	0.001970863014944709	-0.002450893017253123	-0.003898258644741641	-0.002113629467524493	0.0003608259168248004	-0.0009349869690273769	-0.0003679766610002723	-0.0	0.0	0.0	0.0	0.0	0.0	0.0	0.0	0.0	0.0	0.0	0.0	0.0	0.0	0.0	0.0	0.0	0.0	0.0	0.0	0.0	0.0	0.0	0.0	0.0	0.0	0.0	0.0	0.0	0.0	0.0	0.0
ec1412	-0.10653114563214462	0.061837124012259784	-0.016776336799300354	0.005015266443715599	0.0035477141284054967	0.017040284188696842	0.0034490378217346034	-0.0018714828845522885	-0.0015292891757346181	0.026579809209636762	0.0146270066978838	-0.0044792945073791396	-0.002052861045960436	0.004205309776445426	0.0022932321290301694	0.028337324070857876	0.010105190835791329	0.0014109996402920813	-0.002095245022748296	-0.006297453080681905	-0.004156435569777003	-0.010393075892527614	0.0026665242066750104	-0.002112064314284868	0.0033680963999402386	-0.004313320963913547	-0.0030637410580636655	0.0008836170401728146	0.004590796578442229	-0.0009967923337456548	0.0026214824082577987	0.005496775017298629	0.0043958179637350134	0.0005654508462586295	-0.0028471302883810233	0.0019083099665724208	0.0010630749293224172	-9.913324119812786e-05	-0.0	0.0	0.0	0.0	0.0	0.0	0.0	0.0	0.0	0.0	0.0	0.0	0.0	0.0	0.0	0.0	0.0	0.0	0.0	0.0	0.0	0.0	0.0	0.0	0.0	0.0	0.0	0.0	0.0	0.0	0.0	0.0
ec1416	-0.11152453964603026	0.06614735634899542	-0.01958383288185006	0.024202234255874727	0.003534885739978927	0.01016760963654131	-0.007800945520052072	0.004857688559155317	0.0031145178730543972	0.0036602850406522672	-0.013228839793362326	0.011557312401691363	0.027111124324690455	0.005510005633404331	0.002340229850778401	0.00424307976334902	-0.00013148494438238156	-0.012839767191032532	0.011977435581357472	0.009183455938694437	-0.0006331359742621772	-0.011761708164110377	-0.002603073530462119	0.010654715061795522	0.0013750347851328266	-0.0013908082761284015	0.0027333394450994694	0.007365585770733966	0.00044535452717050903	-0.0035999514646221985	-0.005088220665892412	0.0003177814894044234	0.0027905716175390793	0.0016949141766461812	-0.0008170486882700926	0.0013876841265730556	0.0007654190917459373	0.00044476845220998295	-0.0	0.0	0.0	0.0	0.0	0.0	0.0	0.0	0.0	0.0	0.0	0.0	0.0	0.0	0.0	0.0	0.0	0.0	0.0	0.0	0.0	0.0	0.0	0.0	0.0	0.0	0.0	0.0	0.0	0.0	0.0	0.0
ec1417	0.019323067603369833	-0.16842244053267938	0.13957951547634825	0.031647128042451206	-0.029128020072336388	0.018143196056331082	0.022256480840791817	-0.011980009580651622	0.009095807442283223	-0.004844344545686774	0.033130472910557394	0.03355857649726442	-0.00945317672315752	-0.0026920760316670386	0.030889818569279703	0.01206238206698941	0.04222008886515244	0.009858498361923736	-0.013465307335622467	-0.017844729786835076	0.0002608157406960225	0.006518577925214834	-0.017090436776711737	-0.0040030549067590696	0.010038142810747025	-0.01014465218433992	0.0004820113630257857	-0.0019821761660569082	0.0007602753522609995	0.00035875602725769204	-0.00029798002900746385	0.0012696141203982862	-0.0006723765109932616	0.0015144954435862236	0.0005121451666338904	-3.3228743283940284e-05	5.882975594505504e-05	-7.194693527620477e-06	-0.0	0.0	0.0	0.0	0.0	0.0	0.0	0.0	0.0	0.0	0.0	0.0	0.0	0.0	0.0	0.0	0.0	0.0	0.0	0.0	0.0	0.0	0.0	0.0	0.0	0.0	0.0	0.0	0.0	0.0	0.0	0.0
ec1419	-0.011720375721979478	-0.09198637869969034	0.12621152476696493	0.034886109964656735	-0.05395771853340301	-0.013362763641301989	0.027192493196912856	-0.023072597912299573	-0.008409361567859222	-0.013551140009648393	0.026976156072011395	0.00328030429641561	0.04828175635524389	-0.01914499588575716	-9.1261947782278e-05	0.014399692529092028	0.022275515985421074	-0.019307800110298288	0.0212106508319454	-0.019698383491887517	0.008680237943951414	-0.00781977604732243	0.015305944269645986	-0.00025223301363841395	-0.011391419791342363	0.0032755939553698273	-2.0552867482890255e-05	-0.000892370083056041	-0.0003831458039941229	-0.0005911719366810725	0.0005743766755139513	-0.00044532708388244133	8.858765091128846e-05	-0.0012161921901747258	-0.0005920325615567521	-2.2524593012302068e-05	-0.00019671885627468183	0.0002339547350213104	-0.0	0.0	0.0	0.0	0.0	0.0	0.0	0.0	0.0	0.0	0.0	0.0	0.0	0.0	0.0	0.0	0.0	0.0	0.0	0.0	0.0	0.0	0.0	0.0	0.0	0.0	0.0	0.0	0.0	0.0	0.0	0.0
ec1428	-0.11810152190343903	0.0823151620154971	-0.0350489229248309	0.02422128270525646	0.004383898392960461	0.008172648477599985	-0.007258084179719683	-0.0014083310807226218	0.003495450832276111	-0.0069751993706101256	-0.00029246921185164073	0.009466265085536852	0.030269719056280682	-0.0015917604767657267	-0.011717670040389587	0.006494597855069192	0.003144671207939338	0.002370879719224367	0.007088065341399596	-0.0046222669747361	0.00242676445260475	0.009543513562870956	0.0009950598670391809	-0.0018203753538285964	0.0032387444156311463	-0.0021051248529309024	-0.004477759402316775	-0.00015362394131248857	0.0032496761701804925	0.0064946616640860055	-0.0015033703868812052	0.0017728396386795997	0.0009437248736613423	-0.00036240644263228864	0.0014814959679898061	0.0009040696469832387	0.00028734152076043525	0.00013784125759732385	-0.0	0.0	0.0	0.0	0.0	0.0	0.0	0.0	0.0	0.0	0.0	0.0	0.0	0.0	0.0	0.0	0.0	0.0	0.0	0.0	0.0	0.0	0.0	0.0	0.0	0.0	0.0	0.0	0.0	0.0	0.0	0.0
ec1430	-0.11744530535137172	0.07717898827652296	-0.026768549085917564	0.023780676722033104	0.004121533935149391	0.006794298833559479	-0.0038234659221290214	0.0012376899516306644	0.002759768528013282	0.006426306106472632	-0.0034520277913168023	0.010886477491287893	0.024718598861868148	0.0025291860461955167	-0.005372967586799521	0.011210950643013279	0.0047260309517320135	-0.0024270182919989562	0.008731885034799594	-0.0027914982781018513	-0.004306612092716399	0.0008794898398423005	-0.006775343873190619	0.006402047150084408	-0.0037677936130888923	0.005582444772134368	-0.00013122280878232045	0.0007291380300022892	-0.004479382088680152	-0.002301635618826354	-0.0031180607088641585	0.0035979122071581712	-0.0021456845473917076	-0.0007962497370197013	-0.0009075307293724087	-0.0024647681709938046	-0.0004915214596554559	-0.0007414214238904511	-0.0	0.0	0.0	0.0	0.0	0.0	0.0	0.0	0.0	0.0	0.0	0.0	0.0	0.0	0.0	0.0	0.0	0.0	0.0	0.0	0.0	0.0	0.0	0.0	0.0	0.0	0.0	0.0	0.0	0.0	0.0	0.0
ec1433	-0.041876628960881936	-0.008149164351078928	-0.007218109207412491	0.04588434698048529	0.054217690462417555	-0.18054170666844999	0.04206599453033049	-0.10689052804555149	-0.018635921349394735	-0.009633652557006624	-0.0032223752045931822	-0.02129073411153901	0.03354600546286999	0.0014406212073967825	0.038295026705128195	0.017401218645524984	0.004068644107137582	0.007055595888536201	-0.021181102071673456	-0.009410052246428838	0.0065283093251934125	0.004204906587041095	0.008302650892467218	0.005025982322144428	0.0009449876967498914	-0.0030643952496514143	-0.003920546929585298	-0.0004586290057202377	0.0006499915361167733	0.0011986417272681193	0.00028983907291776255	-0.0002084003550207041	-9.270974840550386e-06	-0.00015213328306565548	-3.5598647848251845e-05	-5.539428174926159e-06	-2.514470814968774e-05	-2.68816767030154e-05	-0.0	0.0	0.0	0.0	0.0	0.0	0.0	0.0	0.0	0.0	0.0	0.0	0.0	0.0	0.0	0.0	0.0	0.0	0.0	0.0	0.0	0.0	0.0	0.0	0.0	0.0	0.0	0.0	0.0	0.0	0.0	0.0
ec1436	-0.11906674449928009	0.08120536725771024	-0.03208393172198157	0.02445210993237123	0.0033772894792436533	0.005531525260053429	-0.004556923525148401	0.0036656566938127614	0.001650746655138463	0.002115179998000049	-0.0007618494134716166	0.011795906636080048	0.024854147715351584	0.0068215782660751055	-0.004561702939561604	0.013349633699401908	0.0020777449888419756	-0.0009364314743092753	0.006471302779117049	-0.0036126146964969535	-0.002024913438583062	0.010592354677801718	-0.0069506583867426685	0.0008711808699205049	-0.0020358178594323305	0.006887813157448727	-0.003364708538286565	0.00405672140429863	-0.00410289084055881	-0.00014063456126542703	0.004412220302163181	0.0016190373608130203	0.00016618681941760403	0.0027502672205976927	-0.00015202004084087986	0.00015440943302764309	-0.0014794353834414315	-0.0016376526961899896	-0.0	0.0	0.0	0.0	0.0	0.0	0.0	0.0	0.0	0.0	0.0	0.0	0.0	0.0	0.0	0.0	0.0	0.0	0.0	0.0	0.0	0.0	0.0	0.0	0.0	0.0	0.0	0.0	0.0	0.0	0.0	0.0
ec1441	0.20946626692758408	-0.3821256817572213	-0.26619541796356366	-0.2465858753997834	0.009166662276306794	-0.02720525756061577	-0.1394257997550933	-0.03681271354897515	0.030394769321462723	-0.026146022562411116	0.009307889467360745	0.022467881333037405	-0.013035241058333315	0.014003547694626629	0.005567645667940968	0.01566800902150376	-0.01221737161348797	-0.009260020980247445	0.010139504830862693	-0.0009616593381432443	-0.0014355690505237027	0.00231565852786693	0.0022062614958212276	-0.0012490241527631416	0.000482497470270797	0.0028475920112293177	-0.002236928556487783	-0.0008979429104236414	-0.0008939429828214429	0.00023513298947411748	0.00023122473140298178	-4.602892505104829e-07	0.00018746639995981623	-0.00019631222790853213	5.43730133282308e-05	-7.80069494498827e-06	4.590798068356832e-05	1.965119704083643e-06	-0.0	0.0	0.0	0.0	0.0	0.0	0.0	0.0	0.0	0.0	0.0	0.0	0.0	0.0	0.0	0.0	0.0	0.0	0.0	0.0	0.0	0.0	0.0	0.0	0.0	0.0	0.0	0.0	0.0	0.0	0.0	0.0
ec1449	0.12440566809724198	-0.3504701582180835	-0.23044659228083228	-0.014239761172391686	0.04726221558470976	-0.013350806056797134	0.06296627275985332	0.1553174430288495	-0.019460413663180295	0.0038471275557196765	0.0023716930870164308	-0.09672576733744526	0.03237989094304702	0.04447033753540377	-0.008153488476491248	0.026764377442689752	0.04453006171187997	0.004298694940103275	-0.013220058973550306	3.4934973220299006e-06	7.755972480976813e-05	0.00019853638698402612	-0.001013438938418801	0.00035019415536067654	-0.0010181432160261742	-0.001488819250507085	0.0006005706320926289	0.0013874386407372655	0.00036205766336874643	0.0001312300434159622	-0.00018306719343990475	-0.00022163035450658541	-0.00026175487493442174	-0.00021041594867315233	-0.00020981081928680718	-9.391978989690359e-05	-3.206836283293364e-06	-7.440163743186785e-06	-0.0	0.0	0.0	0.0	0.0	0.0	0.0	0.0	0.0	0.0	0.0	0.0	0.0	0.0	0.0	0.0	0.0	0.0	0.0	0.0	0.0	0.0	0.0	0.0	0.0	0.0	0.0	0.0	0.0	0.0	0.0	0.0
ec1450	1.119123604359056	0.3068816597440643	-0.08226059847159123	0.10499779446192	-0.12053387156652054	-0.09326026070255193	-0.0742724044554283	0.11557648911785275	-0.03794759808262525	-0.039014570605983956	0.003156163987330374	0.020466434856669335	0.013483004220277497	-0.005215075798541172	-0.0013312401707313679	-0.008665496476836223	-0.014491692497240841	0.00011880844703637827	-0.00721629510778694	-0.0022617688780961725	0.003028478369392208	-0.0009174980148435223	-0.0011352482839189566	-0.00031688393043699943	0.0007433828383354037	-0.002087290058365547	-1.1578028047605257e-05	0.0007337664409513837	0.00043390327329741673	-9.967486278501019e-05	-7.112019741631035e-05	-1.636649078007659e-05	-0.00030392220807873993	0.0001948623809245804	-8.047932275925849e-05	-4.348279660547104e-06	-1.6340431555183576e-05	-1.8618300535421253e-05	-0.0	0.0	0.0	0.0	0.0	0.0	0.0	0.0	0.0	0.0	0.0	0.0	0.0	0.0	0.0	0.0	0.0	0.0	0.0	0.0	0.0	0.0	0.0	0.0	0.0	0.0	0.0	0.0	0.0	0.0	0.0	0.0
ec1460	0.027545945257337934	-0.22399216730651852	-0.06815836069787333	-0.154427227997338	0.014419092428942442	-0.04972994868566469	0.07170072184723153	0.0545132953870789	0.03918803000393312	0.007270768709056046	-0.04635623047361234	0.04779782133869744	-0.004217060522220396	0.0038143354376289217	0.06535342537720436	-0.03875323471015884	0.011957381206987248	0.0037636105580741482	0.01620172572921581	-0.018320113481374453	-0.011971790089712409	-4.082203498593871e-05	0.0017565159835361093	-0.0006010361194937383	0.0011513863721558952	0.00452243151991817	-0.0009541022879555815	-0.001041474925034408	-3.102398836822318e-05	0.000761994169469573	2.785037750642453e-05	-7.445688928077922e-05	0.0003815517089615691	-0.00044317778017336754	2.606957005097427e-05	-4.991863432260544e-05	0.0001636415884545171	2.2180881030526652e-05	-0.0	0.0	0.0	0.0	0.0	0.0	0.0	0.0	0.0	0.0	0.0	0.0	0.0	0.0	0.0	0.0	0.0	0.0	0.0	0.0	0.0	0.0	0.0	0.0	0.0	0.0	0.0	0.0	0.0	0.0	0.0	0.0
ec1468	-0.02153785198112522	-0.019122388355391408	0.002407929946594254	0.002370489651580587	0.012167896065569539	-0.08671068603877703	0.10010913623140094	-0.013585386797434916	0.04060559819326591	-0.1632415771448181	0.027115887929730523	-0.012409319911687323	-0.0647725284485694	-0.012198622031595323	-0.040669291563901915	0.0008643569365713375	0.014328533905201443	-0.03454148027606728	0.010644832766091716	-0.0005779807502864488	-0.009178283532551164	0.0010884695543789246	-0.010062843754254485	-0.0005562879180822947	0.0005166049230062806	0.0011428885140925113	0.0021155248124550908	0.002187667383818832	-0.0005571373709114019	-0.0004288149344552095	-0.0002230878890894168	-0.0005297832780599056	-0.00010417893206630852	0.00019538569862974847	-0.00011766242874967795	-8.023181883832909e-05	7.68348915835846e-05	-3.953455971562663e-05	-0.0	0.0	0.0	0.0	0.0	0.0	0.0	0.0	0.0	0.0	0.0	0.0	0.0	0.0	0.0	0.0	0.0	0.0	0.0	0.0	0.0	0.0	0.0	0.0	0.0	0.0	0.0	0.0	0.0	0.0	0.0	0.0
ec1489	0.3438899191174769	0.32876308584072356	0.07145718836098523	-0.1089235093655201	-0.08426480466295426	-0.044845929535578005	0.036551072968703496	-0.03660389117954823	-0.004831724688659891	-0.04167655963690432	0.015712379521631112	-0.0144030040281454	0.02772736186185966	-0.026228414767332217	0.011862252439378076	0.005495514932928167	0.004924734261002659	0.017123425668439957	-0.008190504701986455	-0.0006569565391683337	0.0021200063934780633	-0.003418575443154306	0.004920826760466711	0.0007481981143945743	0.0004259330873169231	0.0006106114729970237	-0.0002727949191856934	-0.0006730653779697497	0.00042248182494332453	0.000616227927964659	9.970318445325118e-06	0.000240646931060246	6.734155357801618e-05	-0.00016662242174804478	-3.195311311187625e-05	2.92133339488438e-05	-1.811104320226227e-05	1.1947061376186986e-05	-0.0	0.0	0.0	0.0	0.0	0.0	0.0	0.0	0.0	0.0	0.0	0.0	0.0	0.0	0.0	0.0	0.0	0.0	0.0	0.0	0.0	0.0	0.0	0.0	0.0	0.0	0.0	0.0	0.0	0.0	0.0	0.0
ec1490	-0.10730055871061858	0.07704213395437272	-0.03584598301354536	0.016939742878757245	0.003167265980100499	0.0069991292258581765	-0.00507965447906353	0.01165753559114856	0.0026967983576332297	-0.013813423194266414	0.013814105107341114	0.0063160566707490436	-0.002435573832865419	0.0006941962517102946	-0.0016812332267435812	-0.00935993986156537	0.006878120950511908	0.013440123253121574	-0.0030347754487138117	0.0008834968363906883	-0.001044966037615118	0.002682560962455136	0.00026641372366032124	-0.002988664465395783	-0.006151590432268562	0.004415766407891252	-0.0016349860679270164	0.001116777929190789	-0.0010930675267598765	0.00039274444743678987	-0.009568426712883172	0.00035804178370767257	0.0001329765413930099	-0.007599859884911431	0.0030548115287663802	0.0009987349549008373	-0.0002991158797404318	-0.0003413623057272599	-0.0	0.0	0.0	0.0	0.0	0.0	0.0	0.0	0.0	0.0	0.0	0.0	0.0	0.0	0.0	0.0	0.0	0.0	0.0	0.0	0.0	0.0	0.0	0.0	0.0	0.0	0.0	0.0	0.0	0.0	0.0	0.0
ec1492	-0.08433751002346904	0.03976754300462246	0.0028077414791235922	0.0030734304345106152	0.0022343250999070615	0.014156023037650138	0.0020597261727989197	0.01732694873439387	-0.004590178163226743	-0.009071650459150893	-0.026834092173679137	-0.0060464571702055925	-0.02478727653195913	-0.015459813261733355	0.008550005191006632	-0.031418380000016656	-0.006871150143009559	-0.00472328891280663	-0.00683483347989961	0.004464346490381837	0.008109665822718165	-0.0008832640809789218	0.001373225142146383	0.003854532262460567	-0.010012312560664911	-0.014778779544984511	0.0021459944269273364	-0.0013276024110637425	-0.00625767982788181	0.004087378249356509	0.0007352180617132405	-0.0001394004467593973	0.0020916330477989175	-0.0003342950636498523	0.0006824844396522847	-0.0003824240832307521	-3.9240986257060745e-05	8.48186135023005e-05	-0.0	0.0	0.0	0.0	0.0	0.0	0.0	0.0	0.0	0.0	0.0	0.0	0.0	0.0	0.0	0.0	0.0	0.0	0.0	0.0	0.0	0.0	0.0	0.0	0.0	0.0	0.0	0.0	0.0	0.0	0.0	0.0
ec1497	0.373795769427693	0.0771552790375626	0.1838342736563748	-0.0867898629567485	-0.11804477293104926	-0.08652912262242113	0.014252076122002428	0.021047329093280744	0.08461471787395806	0.09254137716455844	-0.025234241921510928	-0.021171072352605506	-0.021546535904206354	-0.015444170505616068	0.002523248729560908	0.0011728101683958704	0.01933319616493438	-0.0053630007756253735	0.012097718401679738	-0.0012037276598139658	-0.004451700532572205	-0.00045790908356006137	-0.0027440817577726183	-0.0013872842847494865	0.0011276215365694034	0.0014235242336067672	-0.0012279569129076602	-0.0009027493844952608	-0.0009690762712454015	-0.00031847132219483567	0.00019941203263410375	0.00015406691312171765	4.850313504352591e-05	0.0002285881071355807	0.00016930260686644325	-1.9071844119427407e-05	6.35070172684859e-05	2.0996781493632634e-05	-0.0	0.0	0.0	0.0	0.0	0.0	0.0	0.0	0.0	0.0	0.0	0.0	0.0	0.0	0.0	0.0	0.0	0.0	0.0	0.0	0.0	0.0	0.0	0.0	0.0	0.0	0.0	0.0	0.0	0.0	0.0	0.0
ec1498	0.1342297236997239	-0.43677807147410097	-0.02490357023769303	0.02231309212068831	-0.09006891145584965	0.051692583847306774	0.014830745898888557	-0.021802976132230017	-0.0827107641601084	0.04113188483583115	0.06030984443980542	0.027229604067201447	0.034167939227049415	-0.008226146036084942	-0.025790070894195	-0.05051262175608963	0.0007499008162039273	-0.02260398557455568	0.009271478017285154	-0.009964700369669633	0.005942064420669871	-0.00266893840211756	-0.004557111297371908	-0.0010554817866852044	-0.002500650234907588	-0.001727053559185986	0.0023969955094175475	0.001456197676604666	0.0004889968834008973	-0.0007191183947099085	-0.00036659625417738575	-0.00014328598458749996	-8.773947789525453e-05	3.9754970105648305e-05	-9.914001842447366e-05	-6.344948817408755e-05	-9.743570009536531e-05	-3.140214935228794e-05	-0.0	0.0	0.0	0.0	0.0	0.0	0.0	0.0	0.0	0.0	0.0	0.0	0.0	0.0	0.0	0.0	0.0	0.0	0.0	0.0	0.0	0.0	0.0	0.0	0.0	0.0	0.0	0.0	0.0	0.0	0.0	0.0
ec1500	-0.10210315073200163	0.06964614001260436	-0.024636435302515552	0.009936344502873257	0.00571652676027774	0.011396888088050484	-0.002388338056753618	0.009067917981551148	-0.0017783445305730975	-0.004116935588215827	0.01078239132034624	0.0016943723701568325	-0.023133445851418605	-0.0036787878082953623	0.001249611744354948	-0.0043571160890637315	-0.0033471896569562272	0.009747706808014681	0.0013559662004219923	0.001400132984493694	0.0007039453881759088	-0.005820275185837179	0.0006974403232168456	0.005370999921301852	0.011191216426245534	-0.006584480486100328	0.0012204203038789947	0.0032797148476324976	-0.0026808026170051166	-0.002101846760334073	0.0011938389925668462	-0.003964757626899047	0.008950049194139994	-0.003248504670755384	-0.002335253494854288	-0.0004985782719080082	-0.0005763801319556913	0.0004175282840287624	-0.0	0.0	0.0	0.0	0.0	0.0	0.0	0.0	0.0	0.0	0.0	0.0	0.0	0.0	0.0	0.0	0.0	0.0	0.0	0.0	0.0	0.0	0.0	0.0	0.0	0.0	0.0	0.0	0.0	0.0	0.0	0.0
ec1503	-0.07727385628572478	0.02240099496961325	0.025420992146176068	-0.006246461924907204	-0.001376052125784508	0.020967006987651443	0.006657887774965026	0.016923697434508514	-0.01622648069364472	0.027993274641024316	-0.013474993363025104	0.00011156154959377351	-0.02961015017353856	-0.0009177982415496003	0.010603409998992164	-0.006053659567792467	-0.009520252428601403	-0.004008846332859069	-0.011222464506906258	0.003907490007290061	0.01269399797183911	0.013139006840418183	-0.014765388291685975	0.013576485174529918	-0.004295780751054787	0.0027079930772183182	-0.005562561988262915	0.00885543940949267	0.005502505216489654	-0.0001766889625469679	0.0018547816186898828	-0.000804936143155929	-0.003070211788559344	-0.0023374304425687036	-0.0028254335525772748	-0.0009506686858266437	-0.0006913957945899283	-6.349183746524488e-05	-0.0	0.0	0.0	0.0	0.0	0.0	0.0	0.0	0.0	0.0	0.0	0.0	0.0	0.0	0.0	0.0	0.0	0.0	0.0	0.0	0.0	0.0	0.0	0.0	0.0	0.0	0.0	0.0	0.0	0.0	0.0	0.0
ec1505	-0.12903080299742045	0.08997834649091221	-0.028273972746060215	0.013866325910206498	-0.007738809535158228	0.013400010918150258	-0.0019578918743826525	0.017564593929745208	0.006479933308089925	0.028526406264718557	0.035944663257356645	0.004098948297046391	-0.024458588849082093	0.022029831253671323	-0.010067856549778114	-0.002194909784391656	-0.013217426029261618	0.004410443281693044	-0.010628128869758209	-0.0025666645662689256	-0.018680934590271803	0.01393704485467776	0.002323392995664668	-0.0008620207342478675	-0.001354993202435555	0.008504420451627534	-0.011224140182368201	-0.0027774674840169203	0.00221081515420244	0.005453230110436208	0.003241674888979405	-0.001427126083731032	-0.0003405574893177088	-0.0027717799252794783	-0.0004123028232609956	0.0002976830993057585	0.00015777854232052867	0.00012464446056444315	-0.0	0.0	0.0	0.0	0.0	0.0	0.0	0.0	0.0	0.0	0.0	0.0	0.0	0.0	0.0	0.0	0.0	0.0	0.0	0.0	0.0	0.0	0.0	0.0	0.0	0.0	0.0	0.0	0.0	0.0	0.0	0.0
ec1508	-0.08457398270578796	0.02728897071253874	-0.04588856896124284	-0.013269383778613962	0.022062290289384116	0.05560955931676755	0.015823129472326388	-0.01834377949090873	0.013894376391165938	-0.0043747245433731815	-0.016248005658003408	-0.005467767412012729	0.0108575583109057	-0.006899604504565133	0.013335877100874534	-0.027978355983474062	0.020705737959273943	-0.02208225910999188	-0.02897315169784304	0.008758544711914267	0.03613165573637563	-0.0027372182981822576	-0.0035919001878220187	-0.0006326194787877622	0.0045130651845650144	0.002577667494780191	0.003795765206017866	-0.0039307993294008855	0.002434035067693508	0.0025295275187305986	-0.0008031552892380215	-0.0006913231643336438	0.0008741757109030206	0.0005925580616932672	0.000173367495377373	-0.00019437134643302863	3.756742297862225e-05	-0.00014982143607921914	-0.0	0.0	0.0	0.0	0.0	0.0	0.0	0.0	0.0	0.0	0.0	0.0	0.0	0.0	0.0	0.0	0.0	0.0	0.0	0.0	0.0	0.0	0.0	0.0	0.0	0.0	0.0	0.0	0.0	0.0	0.0	0.0
ec1510	0.24896303801720307	-0.24142869423784066	0.2667232067206465	0.019270202382355148	0.10838568124599966	0.06392007986731678	-0.1550598877105265	-0.011945398843898163	0.02253229803474795	-0.019962278813778288	0.017682587042483953	-0.029676143299222173	0.010259829361364752	-0.0315017375718278	-0.019503091853840818	-0.003808048503158572	0.03368795276047062	0.0037398332949156524	-0.0009916327946205836	-0.00834660439758332	-0.004291793513478839	-0.0001396133328231349	0.0022839434722890287	0.0010824773235973205	0.00028790436971318624	-0.0002208907911543408	-0.0010430977134002406	-0.0007838617770365237	0.0009354486767397849	0.000332703193974018	2.5796415150207277e-05	6.701103949574997e-05	4.044758808102053e-05	-5.848542884207489e-05	7.717471576198189e-05	2.7644159339803523e-05	2.7391416940280064e-05	4.021669255628453e-05	-0.0	0.0	0.0	0.0	0.0	0.0	0.0	0.0	0.0	0.0	0.0	0.0	0.0	0.0	0.0	0.0	0.0	0.0	0.0	0.0	0.0	0.0	0.0	0.0	0.0	0.0	0.0	0.0	0.0	0.0	0.0	0.0
ec1511	-0.04009216958567681	-0.014996860248758192	-0.0007517088864949818	-0.030806796418130826	0.024964874545564494	0.030142356627661147	0.04474337706267128	-0.017320828235210417	-0.01596250462012747	-0.018455055903319823	-0.020093895447206384	-0.04774633170270401	-0.0061918796861318475	-0.02865778014909189	0.021906658553926088	-0.033354964952945466	0.0021483280811868647	0.012184771882657213	-0.00024714791670289005	0.015526618142770976	-0.018925600939440238	-0.006194821617322446	-0.0032469626196797224	-0.0020090616649400795	-0.004239162046307291	-0.0009849524734271086	-0.011118872104999879	0.00038850970852119754	-0.001654171443457582	-0.0027699107781167204	-0.0001970096293644325	0.0012629995648507275	-0.0008669611559320451	0.0004336535537885773	0.0005017187103583268	-7.403409549953854e-06	-6.908969035457243e-05	0.00037307659942963876	-0.0	0.0	0.0	0.0	0.0	0.0	0.0	0.0	0.0	0.0	0.0	0.0	0.0	0.0	0.0	0.0	0.0	0.0	0.0	0.0	0.0	0.0	0.0	0.0	0.0	0.0	0.0	0.0	0.0	0.0	0.0	0.0
ec1514	-0.11406433501198088	0.0789387236648538	-0.034328513764300454	0.020131007888905605	0.004998929754554344	0.009628610778480125	-0.006429282349808086	0.010371687055771297	0.005956454039736243	-0.014615565160796045	0.009883464187664013	0.004151385692953733	-0.0067692824838374655	-0.0005126781410562388	-0.002458978364261798	-0.02212574231192535	0.006458612659310144	0.00748545551805383	0.0005176874638212033	0.0053245591249892294	0.0004670270044929995	-0.004914671380418637	-0.00027852646637511715	-0.0002828144532935556	-0.0065818204912855985	-0.008006310224091968	-0.00017089338131360112	-0.0029487061005174357	-0.01011460034993438	0.00040691725798522034	0.0012962894786995834	0.005590481635835757	-0.0015285787600611339	-0.0009461267945898086	-0.005583509674343417	-0.0004066545986898377	0.00019629053131328932	-0.0003800590472285225	-0.0	0.0	0.0	0.0	0.0	0.0	0.0	0.0	0.0	0.0	0.0	0.0	0.0	0.0	0.0	0.0	0.0	0.0	0.0	0.0	0.0	0.0	0.0	0.0	0.0	0.0	0.0	0.0	0.0	0.0	0.0	0.0
ec1521	-0.10127847447358763	0.06843999240481027	-0.03766627098645492	0.014902385744561313	0.010357795995939232	0.01293526152602563	-0.003757770719292112	0.010034926878477964	0.002663047549274376	0.004891162094092019	0.015143769431472201	0.008039560372180248	-0.007507719010779924	0.013887117904315543	0.004944177094019752	-0.013622914884662206	0.0015733763057511334	0.010341138501272145	0.009771210012486254	-0.0001964206688986145	-0.007015160121178367	0.003394869469699887	0.005663522306429709	0.015385096217217944	-0.006110823056317549	0.00012669981099353174	0.006599186950719842	-0.0007967106820191591	-0.0014245442536089524	-0.0015933607428428133	0.0011183200888113158	-0.00043950594275309925	-0.0034182500873870627	0.0007656436555804358	0.00043342085801093466	-0.0017756595357199289	0.0036966539563586484	0.0009077814597165119	-0.0	0.0	0.0	0.0	0.0	0.0	0.0	0.0	0.0	0.0	0.0	0.0	0.0	0.0	0.0	0.0	0.0	0.0	0.0	0.0	0.0	0.0	0.0	0.0	0.0	0.0	0.0	0.0	0.0	0.0	0.0	0.0
ec1524	-0.11773013095834978	0.08280428687983248	-0.042434919863148714	0.028698587392531547	0.0046185524239732365	0.015395595503605723	-0.010971441648541583	0.008117482445776132	0.010498833124288183	-0.02162971125628736	0.012262396201656582	0.013157569770643916	0.007571037179308034	0.0028366205674143948	-0.007594018340638197	-0.022452358221136618	0.014341111813441719	-0.0056898320025187766	-0.00042111616585748234	0.013396068453757006	0.011025066196904328	-0.0005818635288352154	0.002403775004119804	-0.004366098122634794	0.006947975943269023	0.009861426566136195	-0.005930204708902069	-0.006491310736036902	-0.0027614024061018453	0.0021533141513149236	0.0013331908292770834	0.0003245030189504311	-0.001193055849280995	0.0017706200082896193	0.0015280619903512138	0.00046852832955033	-0.0018870696928032457	0.0015794261877317955	-0.0	0.0	0.0	0.0	0.0	0.0	0.0	0.0	0.0	0.0	0.0	0.0	0.0	0.0	0.0	0.0	0.0	0.0	0.0	0.0	0.0	0.0	0.0	0.0	0.0	0.0	0.0	0.0	0.0	0.0	0.0	0.0
ec1525	-0.11070099308103148	0.07825440460631146	-0.03770377289336962	0.02009275477762215	0.0035196140975225164	0.0101968383291594	-0.00895191587721639	0.015338251521963076	0.0027209006040965935	-0.004660378127569786	0.015407968947191895	0.01222381154318028	-0.009279611698758088	0.008251197993557594	0.0037432668731353417	-0.01772948962779197	0.000704179738154335	0.013602369332659929	0.0057899119306973335	-0.0003263974460276264	-0.0030748278053059153	0.012730473054746134	0.0018114828785444925	0.008390673528091506	-0.009307263850393906	0.0023565129727373692	0.0022786052111624425	0.0007396225778303635	0.000989342031920878	0.001188175835506248	0.00010597755496221373	-0.001558597391288649	0.0015675455548265329	0.004983570438454602	0.00047697087761913753	0.0018917952900504025	-0.0007159771015090382	-0.0007341852987753885	-0.0	0.0	0.0	0.0	0.0	0.0	0.0	0.0	0.0	0.0	0.0	0.0	0.0	0.0	0.0	0.0	0.0	0.0	0.0	0.0	0.0	0.0	0.0	0.0	0.0	0.0	0.0	0.0	0.0	0.0	0.0	0.0
ec1526	0.2354881437728807	0.04367842660357369	0.3223259216043649	-0.13618391910252703	0.2172507526960695	-0.03919028052645962	0.03550864664281186	0.0876487064962004	-0.061818132221205885	-0.0025106924352643755	0.02084062720784656	0.0706574853383386	0.00117705127843291	0.038171717644484654	0.006249701501418956	0.021000116443157683	-0.015994179342523337	-0.009871099270352622	-0.0040321911681025085	0.013343138255799926	0.003536656434964608	-0.0008605215254378969	-0.00038323678207394934	0.00017058714516848304	-0.002570886873298864	0.00039267851530368713	0.0011070262306988631	0.0005532731995522792	-0.0003350857190817441	0.00010653440170535291	-3.642846341109489e-05	-0.00011853820081785941	2.320419594578552e-05	-2.882295239492984e-05	-5.46064735596324e-05	-8.641361443264563e-05	-0.00013826223377697288	1.902108866358603e-05	-0.0	0.0	0.0	0.0	0.0	0.0	0.0	0.0	0.0	0.0	0.0	0.0	0.0	0.0	0.0	0.0	0.0	0.0	0.0	0.0	0.0	0.0	0.0	0.0	0.0	0.0	0.0	0.0	0.0	0.0	0.0	0.0
ec1529	-0.06548375227585256	0.10522442938259545	-0.027290026610493852	-0.02779017379141334	-0.01359379361273027	0.0067860702603360495	-0.06969842775790851	-0.01883758748930032	0.03261375248686894	0.004092556516495373	0.00439416057777243	0.012850187525108218	-0.007986329266755018	0.04166544311971722	-0.02078254150767584	0.008467818839682366	0.010698848854817852	0.016969216191187447	0.002769413676596333	0.01627668896076133	-0.008968242308483776	-0.014674739094343069	0.0002832443945491113	-0.006565893454374612	0.002119647487945016	-0.002079867822245961	0.0032068818875199837	0.0008533657078308513	0.0020335775839017433	0.0009457365268574497	0.00028460837096293783	-0.0006062786772908361	-0.00017327019081398202	0.00043093394097404547	-0.0005491777421962269	-0.000690876250656483	-0.0006837943067887232	-7.409070134529974e-05	-0.0	0.0	0.0	0.0	0.0	0.0	0.0	0.0	0.0	0.0	0.0	0.0	0.0	0.0	0.0	0.0	0.0	0.0	0.0	0.0	0.0	0.0	0.0	0.0	0.0	0.0	0.0	0.0	0.0	0.0	0.0	0.0
ec1530	0.09081975179327581	-0.23643299335069665	-0.1327808585197868	-0.021485641021538528	0.07930836271955902	-0.012629916585796321	0.04556266744518696	0.03919503558940138	0.10967749062800355	0.015878524730364954	0.04453520591932191	0.01443823107946922	0.03633113997362016	-0.08582911525614932	-0.017385730994793482	0.01041522096994003	-0.06043403689827112	0.011045565505933958	-0.015957897096052467	0.010848045658908116	0.006669366717063762	-0.0016718268754182563	0.002580277200703649	0.0016678720722372823	0.000504346864964658	-0.004704472900292918	0.0016839407406186164	-0.0006064290249794967	0.0004493811456288577	-0.00021481613277902418	0.0004696093751708537	0.000664684161535432	-0.0002246819134861027	0.0005695619420921835	6.3576473501530884e-06	0.00035156291780205666	-0.00014436072588343524	-3.5056975152439264e-05	-0.0	0.0	0.0	0.0	0.0	0.0	0.0	0.0	0.0	0.0	0.0	0.0	0.0	0.0	0.0	0.0	0.0	0.0	0.0	0.0	0.0	0.0	0.0	0.0	0.0	0.0	0.0	0.0	0.0	0.0	0.0	0.0
ec1534	0.0009074957867178885	0.08537922479680497	0.13428664036027413	-0.10797211259223806	0.11615216678230669	0.026551553877130343	-0.08841404026953947	0.02465942294900718	-0.04272067293476159	-0.020440419994974403	-0.014170688213030719	-0.06658103473731079	-0.002853875532353569	-0.028921533166278098	-0.0037012204331703124	-0.02371945399519653	-0.012653554344225215	0.0008259396436772942	0.00874821201321925	-0.010678059428284523	-0.00015502710395597135	0.0016623196792500533	0.004508050510031911	-0.0009668565083613689	0.0037011449157471894	0.0004526297499808789	-0.001422916270060297	-0.0013154379532126787	-0.00027125716675224944	2.8292939305216923e-05	-4.931710927317505e-05	4.5976695906128555e-06	4.0051465382634346e-05	0.0003574152775197689	8.171994849219884e-05	5.632758824506235e-05	0.0001904309332302543	-0.00010120523350015739	-0.0	0.0	0.0	0.0	0.0	0.0	0.0	0.0	0.0	0.0	0.0	0.0	0.0	0.0	0.0	0.0	0.0	0.0	0.0	0.0	0.0	0.0	0.0	0.0	0.0	0.0	0.0	0.0	0.0	0.0	0.0	0.0
eti112	-0.12049038690356174	0.08505309592379598	-0.03710430894635939	0.025421225893122054	0.0013590567429679296	0.006150188766002122	-0.007000434528907729	0.007272316590141954	0.0031442648100062955	-0.008498582295937739	-0.00023203637152669187	0.013784655973863184	0.02400531075770307	0.0008591532802665257	-0.003964455034325931	-0.0003012949743175137	0.0023681305389425243	-0.0005663727321493225	0.003472749196036869	-0.0068699629403025176	-0.009278783620268457	0.009682520863579153	-0.004011823731240908	-0.005903810855454178	-0.008271629789806351	-0.0051448269419660225	-0.0020674052124169066	-0.0019537353339358476	0.007793214409000645	-0.005318020376202706	8.909952888829974e-05	-0.0045313615965890605	0.0030767951213453697	0.001174596447444633	-0.0003154736304921311	-0.0029265550062436223	3.758129017153519e-06	0.0008709325772059958	-0.0	0.0	0.0	0.0	0.0	0.0	0.0	0.0	0.0	0.0	0.0	0.0	0.0	0.0	0.0	0.0	0.0	0.0	0.0	0.0	0.0	0.0	0.0	0.0	0.0	0.0	0.0	0.0	0.0	0.0	0.0	0.0
eti122	-0.09912998955508431	0.0501961253665499	0.006166725140821001	0.001339773741034293	-0.003464363691452579	0.0032325477462267944	0.002190121472911308	0.015777802626291543	-0.000273970233209184	0.01896781472463121	-0.025331787429965735	-0.003926455389536316	0.0003112374988654442	-0.00373339949364359	0.007914338856157579	-0.007195921529039427	-0.010754701522425233	-0.013617933006371742	-0.009184457099388236	-0.015582501156926715	-0.006924078854103229	-0.009484820814796062	-0.0032798380640663848	-0.015939155316319554	-0.0022963452958647615	-0.0020349680192495345	-0.0027043287346909	-0.0038301125044206226	-0.0021630794648810348	0.005476958076977934	-0.000735694110925811	-0.002363024373019136	-0.00097151842479822	0.0011471991352477106	0.0002929409312967779	-0.0008477690908649265	4.726096426620533e-05	2.681033762410715e-05	-0.0	0.0	0.0	0.0	0.0	0.0	0.0	0.0	0.0	0.0	0.0	0.0	0.0	0.0	0.0	0.0	0.0	0.0	0.0	0.0	0.0	0.0	0.0	0.0	0.0	0.0	0.0	0.0	0.0	0.0	0.0	0.0
eti124	-0.0633020599369991	-0.0010202165249283543	0.038056870683255	0.012432525790594017	-0.017634999588594776	0.004221643975227172	0.008189362436452024	-0.0003778959447883949	-0.02949656952772648	-0.011659769261737046	-0.053473176921610584	-0.008414442794177432	0.041414525458007376	-0.018336864716110766	-0.005295819218927939	-0.01254364443249077	-0.009687678334875991	-0.01383217342929242	-0.0035917763884072123	0.0017039215373642737	-0.009675898920212263	0.0170494839377451	0.00603617782412616	0.007865224708865276	0.013585708412244282	0.006283506327025753	0.002488372804253633	0.0018659554380071738	-0.005169073357144845	-0.0025364168063221697	0.00147092737429731	-0.00024031824372696095	0.0005618129235219324	0.0008925010681372015	0.0007180503378191225	0.00042679742888115664	0.0006438847437101314	-0.00019924673499021695	-0.0	0.0	0.0	0.0	0.0	0.0	0.0	0.0	0.0	0.0	0.0	0.0	0.0	0.0	0.0	0.0	0.0	0.0	0.0	0.0	0.0	0.0	0.0	0.0	0.0	0.0	0.0	0.0	0.0	0.0	0.0	0.0
eti126	-0.11543515987120627	0.07496809495498946	-0.01845381891362619	0.012913220705988855	-0.0012879415147703105	0.0035418618547251534	-1.5870984115183312e-05	0.005986989710384744	0.0004877138550262264	0.019456067283311927	-0.0009170455797141854	0.002367485927985256	0.005251529036179387	0.007839315224326264	0.0007475176325461705	0.013120966266226356	-0.008383427778261279	-0.008968322105538835	-0.0028682344091389674	-0.008886684675100218	-0.012961657253797594	-0.0063390064781969485	-0.009404421510538073	-0.004334238989398123	0.009403339181169547	0.005044341811252728	0.004242942595292179	-0.007408457070492843	-0.00113709849209853	0.0013366070505196953	-0.0029337989323398824	-0.0037121738335211016	0.0018267849198335545	0.001176545833214788	-0.00025006608666072	-0.0004647762498761319	0.0014869409344548297	-0.0005146975556432844	-0.0	0.0	0.0	0.0	0.0	0.0	0.0	0.0	0.0	0.0	0.0	0.0	0.0	0.0	0.0	0.0	0.0	0.0	0.0	0.0	0.0	0.0	0.0	0.0	0.0	0.0	0.0	0.0	0.0	0.0	0.0	0.0
eti146	-0.10215103076570234	0.06161729577923264	-0.018217421418938555	0.009659334149389959	0.0036792120777631608	0.009628877684463813	-0.003044493199865188	0.01626845498272731	0.0043291089076704465	-0.010514740301886209	-0.01133725281077609	0.00620268756620912	-0.008695531923425495	-0.0032096834177351217	0.012745652838226068	-0.03401633901319755	0.0025810415268325065	-0.002523211404704139	0.004333641809473112	0.00019564543672744386	-0.0021083575091603115	-0.018856244827023597	0.008622300944412032	-0.006314090366289533	0.0022838146122093265	0.005291754581677404	0.0027873381587614743	0.0015426672097038523	0.007356264425793618	-0.0009540353704520862	0.00022554698972829015	0.0033235631927399133	-0.0009730801221535456	0.0004595983147617857	-0.0015033445398489702	0.00015495750748035077	-8.827233273880236e-06	3.54911496971157e-05	-0.0	0.0	0.0	0.0	0.0	0.0	0.0	0.0	0.0	0.0	0.0	0.0	0.0	0.0	0.0	0.0	0.0	0.0	0.0	0.0	0.0	0.0	0.0	0.0	0.0	0.0	0.0	0.0	0.0	0.0	0.0	0.0
eti147	-0.10529879428811602	0.06798628872694272	-0.014558391471464828	0.005597641555553602	-0.00022166878431524893	0.008507980973491067	0.0009239514676230375	0.013664267089982357	0.0009358200163710931	0.028286466965293588	0.023427609749827095	0.002171610992690298	-0.019054334559086915	0.011543202767895453	0.0016391943364438822	0.006108653199476255	-0.004241471317629762	0.00606524339030028	0.003530669401451467	-0.002544216002998494	-0.0023582456875139595	-0.008765389987320743	0.0006093527426639627	0.004823127718583449	0.0021347359632537923	0.009560510621775566	0.004371884066367615	-0.005144289754072018	-0.004545948932739978	-0.003734260598783367	-0.003799852242011813	0.00325739670191838	0.0027877762092474376	0.0017369422891796603	0.0024063380731451063	-0.0012349670141882233	-0.0015745918444853488	-0.0006135571711430493	-0.0	0.0	0.0	0.0	0.0	0.0	0.0	0.0	0.0	0.0	0.0	0.0	0.0	0.0	0.0	0.0	0.0	0.0	0.0	0.0	0.0	0.0	0.0	0.0	0.0	0.0	0.0	0.0	0.0	0.0	0.0	0.0
eti149	1.0678870030761056	0.14597681727211165	-0.15357690168612023	0.016091666468137394	0.12803649010778465	0.17613544631146572	0.10826529198060235	-0.12899442803173253	-0.000592981392021378	0.033136750187565234	-0.004597221876813931	-0.005793435662113551	-0.017016755475854545	0.011145004320406467	-0.00043197231546658886	0.003377606977920152	0.008794816049937025	0.0009377775971234213	0.009917892948314728	5.541524939634745e-05	-0.003338447341321595	0.0019411387643748896	-0.0007866530545287891	-5.782882748461938e-06	-0.0004462121434346535	0.0023010942598875304	0.00012497292707463467	-0.0005125189468435574	-0.00032667376127585527	0.00010285693869850804	2.2301864120875985e-05	-0.00016001487769940932	0.00038788889172652885	-0.00017150497348031568	1.9503215397026454e-05	-6.270118721363067e-06	4.4761153591245205e-05	-9.947445916251265e-06	-0.0	0.0	0.0	0.0	0.0	0.0	0.0	0.0	0.0	0.0	0.0	0.0	0.0	0.0	0.0	0.0	0.0	0.0	0.0	0.0	0.0	0.0	0.0	0.0	0.0	0.0	0.0	0.0	0.0	0.0	0.0	0.0
eti153	-0.10283518309487366	0.06952560172879922	-0.03811272187583496	0.01547209905293692	0.008568448128237984	0.01566240331369636	-0.0038034829738134517	0.012119641974264085	-0.0005872204188752241	-0.0015491252119221818	0.008729284112371295	0.004797442002626728	-0.011403877056049663	0.006995931978699518	0.00345306489884904	-0.018346045760369807	0.006454606079446419	0.011301853994723467	0.007204336782784323	-0.0062063160117137575	-0.009864924440607487	-0.0009213178193041762	0.0002250426928817479	0.017364855234388202	0.0016918302456802234	-0.010956256417422738	0.009041445446129713	-0.003372630594971448	0.006133892115115729	0.0032417927148187075	-0.0018182242471520723	-0.004398823592120174	-0.0022366832087390657	0.00024388217866302462	-0.0004227006144343397	0.0023991574258878526	-0.002013132801356463	-4.564340258920705e-05	-0.0	0.0	0.0	0.0	0.0	0.0	0.0	0.0	0.0	0.0	0.0	0.0	0.0	0.0	0.0	0.0	0.0	0.0	0.0	0.0	0.0	0.0	0.0	0.0	0.0	0.0	0.0	0.0	0.0	0.0	0.0	0.0
eti154	-0.10406130055448178	0.07057648366409171	-0.029355627295447214	0.008041557573238807	0.007627606895909904	0.01114277936494503	-5.563687403277558e-05	0.0049188071835055	-0.00030284448812505055	-0.004322297090986104	0.016515330024629682	0.0019123528025671158	-0.012468855522788985	-0.002687851522935272	-0.0066441356084696295	-0.006838068503070347	0.005878499013718537	0.01097717004576058	-0.00278499626479377	-0.0016506673662334786	0.0047061806240238195	-0.004440996464447495	-0.008506427291663374	0.0005463163537270762	0.013174761815664399	-0.005288867425545984	0.00017411817171924358	-0.004072694220994619	-0.0007502790269366759	-0.00540457561867649	0.005139651362820354	-0.001449817153815241	-0.00246851438693973	-0.000885606195561272	0.0027988918884222047	0.0015810639244060944	0.0012506028862473246	-0.0021858615256568734	-0.0	0.0	0.0	0.0	0.0	0.0	0.0	0.0	0.0	0.0	0.0	0.0	0.0	0.0	0.0	0.0	0.0	0.0	0.0	0.0	0.0	0.0	0.0	0.0	0.0	0.0	0.0	0.0	0.0	0.0	0.0	0.0
eti156	0.010625072779914955	-0.11427972474115747	0.11322314815751273	0.005957642147894952	-0.039833733393687086	-0.01450714238471774	0.06080224356743052	-0.022008044746677252	0.012222628646762896	0.04099513166321113	0.05270517505121515	-0.0003231370847513197	-0.010073184755273579	0.023501146360894416	-0.03238337628214272	-0.01485186128059007	-0.02496302351405466	-0.031958666612151	-0.02030115726900521	-0.007678092095740624	-0.01897169037702464	0.002684161877355424	0.007287900821454497	-0.0059445241422524725	0.004599568286110858	-0.004739621806544166	-0.0026752618618668634	0.003089750354208432	-0.0003560625193108407	-0.000533303841019487	-0.0007143600869633422	-0.000321148376513085	-0.0009134233736375864	-0.0003791371894746199	-0.0005586803518651347	0.00011346554345103234	8.494554643908008e-05	1.0847904118023552e-05	-0.0	0.0	0.0	0.0	0.0	0.0	0.0	0.0	0.0	0.0	0.0	0.0	0.0	0.0	0.0	0.0	0.0	0.0	0.0	0.0	0.0	0.0	0.0	0.0	0.0	0.0	0.0	0.0	0.0	0.0	0.0	0.0
eti161	-0.07983670803564817	0.03566989948538817	0.012024090514342695	-0.01573392320096536	-0.016798166603907566	-0.005665063561359715	0.017763378920804398	0.026394835128663415	0.00545837107489107	0.05668979057104682	0.021671712323267797	-0.03871294819901366	-0.0234622908698233	-0.0114278900178698	0.007230880180655313	0.008181010660868617	-0.003099662572484758	-0.031073727594817108	0.004208319855037887	0.013796563482325337	0.004681565240443373	0.0073868275218809745	0.006333967289357411	0.0015176831127664114	-0.003777452292945866	-0.0009736264784490618	0.006829743981922095	0.00048635583565274644	0.0005670287384919692	-0.0018762677163756394	-0.0024255451500324876	-0.0005467729863717843	-0.0005648839296116405	0.0015510657543109808	0.00036288475481405696	-0.00032678495303295176	-0.00048290158311594343	6.484587704286282e-05	-0.0	0.0	0.0	0.0	0.0	0.0	0.0	0.0	0.0	0.0	0.0	0.0	0.0	0.0	0.0	0.0	0.0	0.0	0.0	0.0	0.0	0.0	0.0	0.0	0.0	0.0	0.0	0.0	0.0	0.0	0.0	0.0
eti164	-0.03122371310065039	-0.058154317234790705	0.10384811897161343	0.006409968683470899	-0.052462699357587975	-0.0023469661682928573	0.02442651228021465	-0.00818819822204722	-0.027688622903417656	0.010291507896335112	0.03241940664737857	-0.031008455330792682	-0.005800656764642699	0.007549372555513926	-0.0009363748803466454	-0.0006106131662164836	-0.014266175750687624	0.016808050956065013	-0.03243923870415143	0.007413566728469451	-0.01716854355945392	-0.01343964130780226	0.00133898610382805	0.011708156577003841	-0.004960567643086696	0.010935472393687631	0.0009964916375155195	-0.004903593308259607	-0.0001530583353178173	0.0030588807719217673	0.0009224643460897934	0.0013491061190712057	0.0015717091639014483	0.0006650243040814905	0.001006499967948073	0.0001142981668160474	-7.53561238604539e-05	-2.7867290709245382e-05	-0.0	0.0	0.0	0.0	0.0	0.0	0.0	0.0	0.0	0.0	0.0	0.0	0.0	0.0	0.0	0.0	0.0	0.0	0.0	0.0	0.0	0.0	0.0	0.0	0.0	0.0	0.0	0.0	0.0	0.0	0.0	0.0
eti165	-0.1135781965057665	0.08123208106252164	-0.03648136017219304	0.0164361015463539	0.0010976407850949012	0.01247902873841603	-0.005501484765192945	0.012306954226694918	0.003722179663041675	-0.008498928580471826	0.02095598495640024	0.011385899865095738	-0.00834657319879801	0.003618442201836538	-0.00047318854065157883	-0.015725560301725422	0.0056519704634887995	0.01594127108240668	-0.005343166724997726	3.2674624683708386e-05	-0.0006764817173062732	0.009059571173418346	0.007077706242670221	-0.008066686006716476	-0.002169662217669518	-0.005155912109656396	-0.007043745692478716	0.004469055712799229	0.005146494982495908	-0.010482820435334012	0.0011237134242533574	0.003981598855813382	0.0008772161037089657	0.001354742134964719	0.0028235749882577804	-0.0018671329094976663	-0.0007354866917821876	-6.915866090048219e-05	-0.0	0.0	0.0	0.0	0.0	0.0	0.0	0.0	0.0	0.0	0.0	0.0	0.0	0.0	0.0	0.0	0.0	0.0	0.0	0.0	0.0	0.0	0.0	0.0	0.0	0.0	0.0	0.0	0.0	0.0	0.0	0.0
eti166	0.0012092748984616028	-0.06090404309820438	0.1034435878269673	-0.01768886568081441	-0.04694575639863768	-0.05572283217758088	0.039280544380603404	-0.0032527420490116544	0.003001931356940105	0.036896856281306116	0.02210179250538329	-0.02295813547561082	-0.015943426108830164	-0.006766420333073171	-0.002117199956405404	0.006760158365013858	0.014088812415450019	0.0072879972012947795	0.044669305846977626	0.04341464613043038	0.013437906056393998	0.009728918694098036	0.006911151451409176	-0.0015534366173802902	0.0054479118943937775	-0.0024439848044198217	-0.0031049414674681848	-0.0027401060648167986	0.0018682378324978866	0.002787010441693415	0.00088557977890076	-0.0008097562647142659	0.00039989156951404273	-0.0004063131552283067	0.00016350827235080722	-0.00017214703004292647	0.0001229948238484959	-0.0002698621673881612	-0.0	0.0	0.0	0.0	0.0	0.0	0.0	0.0	0.0	0.0	0.0	0.0	0.0	0.0	0.0	0.0	0.0	0.0	0.0	0.0	0.0	0.0	0.0	0.0	0.0	0.0	0.0	0.0	0.0	0.0	0.0	0.0
eti167	0.028897141167743858	0.17608294158189416	-0.014616396808107451	-0.07088272870144394	-0.04680760031907639	0.023527171086324388	-0.10798799334968144	-0.016475175776902308	0.04334123475938282	0.03226506104281382	-0.007017191157394151	-0.02822233485895689	-0.03441960884865841	0.00773936127201551	-0.004444750564299146	0.006051460433751315	0.005193031202812201	-0.027705558954494728	-0.015827802007223085	-0.013933001036427854	0.00604713856973687	0.0073874742225436465	-0.0020069110716212438	0.005716229694008236	-0.0034496970825393753	-0.0009076583289162162	0.00010534302622429374	0.002351939712324584	-0.001086802505914469	-0.0016010064571011001	9.827237788138414e-05	3.7188596242045446e-05	-0.00011124797052955973	-0.0006393868319023719	0.00012718581223624342	0.00037121772992423246	0.00019848190733859637	7.241815897880234e-05	-0.0	0.0	0.0	0.0	0.0	0.0	0.0	0.0	0.0	0.0	0.0	0.0	0.0	0.0	0.0	0.0	0.0	0.0	0.0	0.0	0.0	0.0	0.0	0.0	0.0	0.0	0.0	0.0	0.0	0.0	0.0	0.0

Biplot	0	0

Site constraints	0	0
