Eigvals	46
5.244301069095114	1.9178386416851696	0.9992105155772055	0.6846224053301669	0.6303137547315172	0.5613397510089022	0.4545665921366169	0.44188287996570963	0.4373100785972587	0.4160825691191446	0.38494948482942987	0.37239355097678484	0.3460975680738565	0.32197197402384986	0.3106742574443149	0.30439961816390376	0.30341356609793896	0.2849524718537927	0.2814107212912694	0.2717773605242557	0.2676337226465886	0.2519966123060278	0.2448081795648594	0.23338963190524115	0.22373688356282273	0.21659166174851308	0.210386553451802	0.19555803220881715	0.19270781917294308	0.1854244068323245	0.1776671017495426	0.1350300515458832	0.09905453348884286	0.0737412022806047	0.06165674104875707	0.054376221825196	0.027573329985757344	0.020917935575091307	0.01432428468843732	0.0028554145425879127	0.0	0.0	0.0	0.0	0.0	0.0

Proportion explained	46
0.2936513207674058	0.10738816149752281	0.05595016070931935	0.038334998487577404	0.03529401995349397	0.031431864248681114	0.025453168763380784	0.02474295232421224	0.02448690120438507	0.02329828023988991	0.02155500288018349	0.02085194130711221	0.019379514379560852	0.01802861700281945	0.017396008509995314	0.017044664052887383	0.016989450691239943	0.015955733397709254	0.015757415315507093	0.01521800137351719	0.014985980991863403	0.014110390890533918	0.013707879146665635	0.013068504793951169	0.012528005256941246	0.012127913081586762	0.011780461967925128	0.010950148301592967	0.010790552425722074	0.010382722359267611	0.009948356968504934	0.007560922314969469	0.005546495939833004	0.004129091972290669	0.003452430210362712	0.0030447621421676703	0.001543951169392008	0.0011712865696349023	0.0008020792594452892	0.0001598871309488107	0.0	0.0	0.0	0.0	0.0	0.0

Species	0	0

Site	46	46
ec1058	-0.3523674701791886	-0.05971633896403185	-0.0029284333600044744	-0.12226644169860708	-0.004682336662116268	0.19302533780019676	0.06196477391823365	-0.015311648522902939	-0.10368089019040065	-0.1569720208788693	-0.18800175310298067	0.041136296005867774	-0.013609849825815748	-0.062445123121684855	0.027671624871462984	0.2533135328822632	0.05851246410604056	0.19164133750968057	-0.13496882003499933	-0.08718208198392018	0.01441585998403714	-0.11211763327163711	-0.11210970815060194	0.1468678115978232	-0.011515208410281443	-0.023574544270975033	-0.0622358553447249	0.00048616544346750625	0.005404475079722398	-0.003768310837462918	-0.0030084333831216035	0.003527696360839327	-0.001755836144669939	-0.0001497256312008489	0.001415662302480567	-0.0011939392822192623	0.00010754810435776542	-0.0001588625935156956	0.0005445135875646777	-0.00014476395275848372	-0.0	0.0	0.0	0.0	0.0	0.0
ec1059	-0.38126837201598246	-0.072907296939282	0.24117544655060294	0.09689456373745625	-0.007205725629909073	-0.027064589777369183	-0.031073217835216504	-0.03774722367776228	0.11831500697981656	-0.10852418392803301	0.059747525475605794	-0.035243812744427304	0.003891778193307573	0.05737521625831649	-0.07058898625819482	4.468373666993166e-05	0.1181745764517798	0.08111887934126226	0.14616286796377642	0.052612123719540146	-0.008041158227380813	0.04895891317765076	0.01006617814258626	0.0837921815091788	-0.0197278965490943	0.03635084130483248	-0.029077300296524153	-0.20648729823501463	-0.16349448449873039	-0.16152074996857063	0.10706361435203267	0.0024442643538563603	0.0038035564261503785	-0.00024065446274906593	-0.0026089510876574824	-0.002026806244004986	0.0012058927281540222	0.000378085076451544	0.00040240869674727667	-0.00022958674405780579	-0.0	0.0	0.0	0.0	0.0	0.0
ec1065	-0.30666250525375566	-0.03715639099353141	-0.06498283578995039	-0.017891968556016987	-0.011451144958240228	0.2508815259208468	0.33377607490810723	-0.1778220087027723	-0.14346322749250034	0.03843925765342276	-0.092513537859816	-0.028668376153204327	-0.17631531038134637	0.16211730704489064	0.03632374423038496	-0.20265975795086935	-0.10052696982702207	-0.054066824704738115	-0.028657244440058845	-0.026567355901715432	-0.01450711900535555	-0.006944623532196881	0.03928324650398622	-0.048033817695517116	-0.07777553824870234	-0.016539052290977952	-0.05953647955574803	-0.057558445222310274	-0.02343553741028493	-0.015491525041227146	0.03200481229244514	-0.0022899306425764273	-0.003738514571265823	0.0019425234900260098	0.006713325679660606	-0.0031855284587088395	-0.0008170452923717225	-0.00019582424894130213	0.0017691065788988495	-0.0005867512737270593	-0.0	0.0	0.0	0.0	0.0	0.0
ec1073	-0.35844721105933214	-0.06118569514309972	0.09604077536528312	-0.0882498187416256	0.004580525037677455	0.09389852543867298	0.10203024818079584	-0.06447939674718486	0.016203231162823375	-0.21626082084886442	-0.17643593227519283	0.019048268546112263	0.19532160933021026	-0.008042459138106943	-0.15778328560357546	-0.059521868924694785	0.11948502528467049	-0.13957875982318108	0.07852315472399758	0.08549138618271	-0.09867823477284347	0.08018492851050832	-0.017329991424006232	-0.05364271672036714	0.16549928974020117	0.025245478157269897	-0.006340373800849896	0.0912162462888235	0.11509335745710039	-0.03241547726178117	-0.016784168342274294	-0.012961655580871347	0.0020895839650484855	-0.00038431721739052535	0.006193433100691605	0.0005360626722628552	0.0006382835645280178	0.0020498642785029652	0.0010635347547373315	-1.664374790608815e-05	-0.0	0.0	0.0	0.0	0.0	0.0
ec1075	-0.38831047485563963	-0.0757944660022446	0.14210164533799524	-0.06959259304219508	-0.004029285924948656	0.11081107195618568	-0.014453016998708365	-0.024708072198540352	0.14729648854216426	-0.07641863808408189	-0.05335082691962179	-0.0032306995634323135	0.028157880708549216	-0.02978512629005043	0.18486823708836858	-0.04359783099043655	-0.09059348095079445	0.09450214751667248	0.09877814765308603	0.08976461082072552	0.16782839414933956	0.03992534085042523	0.08445000592230324	3.261413613267812e-05	0.12121367199644742	-0.06670168026509697	0.07541500170067648	-0.07761899555182028	-0.04634981544428161	0.21170912408701506	-0.08475270644113041	-0.015196009066024814	0.007193342322764283	1.1420106407655528e-05	-0.0004233705162804129	0.00021736402726972513	-0.0002926484014323479	0.0009249733061954161	8.367483457153671e-05	-0.00010405661548599674	-0.0	0.0	0.0	0.0	0.0	0.0
ec1078	-0.3584276701881842	-0.06405826595075703	0.03240425149504261	-0.2854785942046907	0.020678208234968312	-0.015318596500837866	-0.10460255585689644	0.12617608593748073	-0.10385727237111729	0.009702976669020017	-0.02196525946989759	0.04896587511139748	0.07942135102816501	-0.16422677557181764	0.013201700813848149	-0.020851464093505898	-0.09761215583470365	-0.07456843863099975	-0.17105999994655277	0.06500455122132451	0.032405609859018476	0.05089991787573634	0.12048464940585175	-0.07199180276718274	-0.06268589503184101	0.23258093340769476	-0.09419825086602755	-0.10042307784717738	-0.025787844219332588	-0.010598759027666575	0.01461193021202907	-0.007988934172062551	-0.0020020036254743442	0.001591951220156606	0.004568544602753112	-0.0010892873852219598	-0.0016420988358948824	0.00013778969342030767	0.0005976941036614846	-0.00026915906725119706	-0.0	0.0	0.0	0.0	0.0	0.0
ec1084	-0.3382158128762524	-0.04448532454290153	-0.26199676584622694	-0.09506983302587957	-0.0043412704795171755	-0.036034381206594884	-0.16338622432045674	0.10597840131187124	-0.09037661600154241	-0.1710547365146484	0.1090557306237815	-0.02982060638359056	-0.0730180899728089	0.11986967890849914	0.11982487639688266	0.13572527244434648	0.0231750625998633	-0.0617447124033294	0.07322079815162681	-0.020494733408750646	-0.07168845907304558	0.08682657490501136	0.10424051283221412	-0.11816555038003702	-0.004195022489107934	-0.18843065264239095	-0.17132631569861906	0.0036643150531722388	0.022902828655519788	-0.00848524073681853	0.015080232049151435	0.0030691018646247523	-0.00575140537244424	0.0017270143725536514	0.0009424177961161077	0.0009387387080309597	-0.0012886110779806793	-0.0006723622824538441	-0.00023950556637021916	-3.076946768814951e-05	-0.0	0.0	0.0	0.0	0.0	0.0
ec1091	-0.2752947349478755	-0.023057753656184427	0.20604847840583906	0.33444460497997797	-0.016270932943427047	-0.1317028989963776	0.03928873785913001	-0.013952365747510768	-0.13322609173583536	-0.1660168409064366	0.18384022860710114	-0.038922479168483126	0.241529172415471	0.11549248853220272	-0.05367388848670715	-0.06213078986736378	-0.12001398764066687	0.06107570379347464	-0.21312666450370504	-0.04741124844042714	0.07669458310319376	-0.0006529936879881783	0.04445465851778559	0.025658720041471992	-0.010105842405594069	-0.058874501547981864	-0.011831342842961253	0.028024016320125866	0.02622402362909377	0.01388189139407481	-0.011618888395153697	-0.005803575826469417	-0.002263835879083002	0.0008910761118780892	0.005675340698018531	-0.0008136048832655068	-0.0037201639478407333	-0.00048643453959196464	0.0004886792456813916	-0.0002613579541574277	-0.0	0.0	0.0	0.0	0.0	0.0
ec1092	-0.32534322143774297	-0.029265605955769682	-0.34569385704227784	0.04561309548420431	-0.0006106933327034789	-0.09734488838118284	-0.10872385226597053	0.04788085418914044	0.03536019279181985	-0.1008720634770782	-0.016506135274899796	-0.013029016210558434	-0.015371907519380473	0.13009955402985024	0.10755946004871401	-0.14236797421577263	0.03789906095263185	-0.059676966838468216	0.03628103101925017	0.07914604079423815	-0.06927784139636281	-0.023936882646930564	-0.02440217436068964	0.28155889395806766	-0.10050803423895564	0.12845181477112236	0.009154375090839946	0.05213763206389146	0.030912462911082805	0.040374404762091295	-0.08644139853544289	-0.005598138037793342	-0.0013491601113860777	-0.001462734849458798	0.0066374320071487785	0.0022028369964652425	-0.0034317068776057173	0.0023157965228519546	-7.686802672725706e-05	1.2154832946259264e-05	-0.0	0.0	0.0	0.0	0.0	0.0
ec1094	-0.308107823161907	-0.04382110502981047	0.20891569399482438	0.05350538068483678	-4.745561716437754e-05	-0.052203024962930916	-0.07021921767748535	0.06698911788056781	-0.05460538980008851	0.37617795218218036	-0.17335098691522272	0.12752255031377172	0.15194908139973215	0.16634135686579182	0.11941821816363463	-0.021522357963455547	0.1258408320051317	0.13064361739869434	-0.024012879327907407	0.04703431787394622	-0.12486610029855646	0.04998461473107005	0.004271851756711155	-0.03723466902889896	-0.014629800124783408	-0.037733624725115	-0.04111305685460272	0.019909633156929164	0.010366149259124246	0.010474128159655864	-0.003467508192796336	0.006526808622987727	-0.007173840289080337	0.000578511828854131	0.0024356323322424125	-0.0004530613907155781	-0.0012841966741937755	-0.0006445097913860998	0.00027407017797378703	-0.0001985736148948791	-0.0	0.0	0.0	0.0	0.0	0.0
ec1098	-0.3610220045957818	-0.0690428564468758	0.2499276753872607	-0.00011434416390856761	-0.005393273328383058	0.051669051202976476	-0.12624746019726318	0.024256460172631587	0.2222292120659242	-0.053441219675513116	-0.0496656253728219	-0.0354079641980432	-0.13539371355611746	-0.020003795863713765	0.009147252385468025	-0.06722710108354117	-0.051710118457147305	0.09445429796751866	0.014578482917981608	0.033993568900606466	0.15017590381731694	0.03665442059525623	-0.0527046734091381	-0.09560840343457465	-0.18481512365568764	0.005188404739600383	-0.017272362068186116	0.19299163786862514	0.10286109407887663	-0.1044092722157098	0.02642527441924908	0.008659020108613885	-0.0029483427707719745	4.412092857498004e-05	0.0013780425159142747	-0.00044257764043759856	0.0004804991215879211	-0.00014891116168022248	0.0006051991405842527	-0.00026155716155838423	-0.0	0.0	0.0	0.0	0.0	0.0
ec1100	-0.3556529951743086	-0.05279170652654362	-0.2169204653940009	-0.1107825677864384	0.0004852869346669577	-0.01307750785909041	-0.07967755529412086	0.06995191735016643	-0.15694164225073176	-0.04364320581514825	0.09384283314438273	0.0006027297094828948	-0.16118197149104754	0.060002071932481645	-0.12659384244133348	-0.08823720954187778	0.08680457544267413	0.236717672360202	-0.04949079595521888	-0.02525829483327884	-0.05027374892228484	0.023934885211130384	0.03580297522899725	-0.1057989632293463	0.10400721227131837	0.06696378983978102	0.22367710255720968	0.03704084764446157	-0.02511813778779554	-0.006824953013770474	-0.0035145807514950205	-0.0009478093747530728	-0.0017983237160007733	0.0003558987116293268	-0.0016113860984688715	0.001186365070106593	-0.0007907243061746425	0.00032433206357076615	-0.0006264602405406359	2.1200184546595386e-05	-0.0	0.0	0.0	0.0	0.0	0.0
ec1108	-0.38852125029384643	-0.07371665678138507	0.061201928626461975	-0.14784961803695038	0.011727521394324739	-0.04673112265661745	-0.010139493322132893	-0.0027283107588809835	0.026979218084306044	0.08152255933123763	0.1885256136160384	-0.029801101680496	-0.03685707579362253	-0.08190351792525995	-0.1760306227779505	-0.09564568669648206	0.015579003324563133	0.006824825150420111	-0.007922781271864176	0.014385371336046945	-0.07213619603026236	0.03407545176386161	-0.28840501460936374	-0.015704063836954368	-0.04883636110280611	-0.07490747381746872	-0.11367820490667759	-0.06754975987253617	-0.0002147076669332403	0.15563187551760654	-0.05649384001616751	-0.01691472409683066	0.00291542442542892	0.001353094231820741	0.003418180702667498	-0.0018223333986529127	0.0001438672661142156	0.0017567082494273024	0.0011402773531993132	-0.00041074884594015186	-0.0	0.0	0.0	0.0	0.0	0.0
ec1113	-0.2732282617758007	-0.017610783223974854	-0.3422658275455002	0.17852486543535656	-0.047053662706910686	0.24553480413840076	-0.053799712309783976	0.01247388272220898	0.04269140882921668	0.1595681406677907	0.013040358667734817	0.07031940076724254	0.0899097697856451	-0.14340911475123916	-0.24403716481814106	-0.015678317512065304	0.08235716733454751	0.008287554098191412	0.061077972843431326	-0.02032658347326857	0.09746597481336809	-0.04355911364247793	0.19137082521245147	0.052213684136770855	-0.08752803643555788	-0.08449569910902219	-0.035097224677377116	0.01511689014845603	-0.0023300360530152955	0.032633224661007654	-0.009274027184983175	0.005606046662581898	-0.007389884223162748	0.0011718714358357931	0.001983220263796882	-0.002870334260378805	-0.0005087280346522274	-0.000239329329234144	0.000521702261965031	-0.00018091334283713628	-0.0	0.0	0.0	0.0	0.0	0.0
ec1116	-0.3285325327565423	-0.03172395101589572	-0.11601460588285965	-0.0319600996180287	0.02182398929167871	-0.25012501312132274	0.1404631934857248	-0.12484860064720958	0.07147452626973971	0.16519679324002284	-0.013478686683823014	-0.0772501930250141	-0.14775969999644603	-0.04950968394129005	-0.046146738030365474	0.13257000360218932	-0.009171410054313314	-0.04779749124236671	-0.1642934010056171	0.16832103694839143	0.07499405581562661	0.166697544107218	0.0487902315594306	0.11714949416729475	0.09000790483323216	-0.08703361021068362	0.025005471469286184	0.016145124666354663	0.03203055650141756	-0.07143679595732531	-0.008212638254481463	-0.01502293498572288	0.015893912869276754	-0.005295288939262635	0.0023867592673715325	0.00018842255958405901	-0.0002550920203087092	-0.0009344784722759948	-0.0014276342347148442	0.0008212498467304863	-0.0	0.0	0.0	0.0	0.0	0.0
ec1122	-0.320953952296474	-0.04935107716106323	0.2762475596043823	0.15787139954897675	-0.01359850628582637	-0.011775699793211561	-0.09716765346988558	-0.008262038737928669	0.2321073478898369	0.027488969540807172	-0.03403566447051416	-0.055930526400829676	-0.19899863615080085	0.0698720220712611	-0.07719040116161584	0.0796590572281919	0.024061767451214078	-0.12666974974568884	-0.1082755942483172	-0.1607866235209186	-0.14071776305510425	-0.1356320938509953	0.11924315257901034	-0.01848022313415823	0.07836745594169545	0.07507866357813608	-0.01775366604980764	-0.025300910563512295	0.025167192896229318	0.09006790669582793	-0.03975989614848432	-0.002903166436301862	-0.005096476369647638	0.002086285407163907	0.00609072601889053	-0.0009950394598210294	-0.0002956466919236048	-0.00036572743424895737	0.000915462497569061	0.0001834546256278917	-0.0	0.0	0.0	0.0	0.0	0.0
ec1124	-0.2160142001978528	0.03267114907594475	-0.3061543156662578	0.05125633615415185	0.029642523303776785	-0.35706141503619426	-0.04895259532605488	-0.007576622937981166	0.016539318040063387	-0.008488759898490121	-0.27627807375706775	0.01829632959676648	0.041015544059713666	0.05704286512626031	-0.06434049017269614	-0.02650266996822681	-0.05068314223045603	-0.0399026548055885	0.05122857461511257	-0.10013829995009228	0.1675236977744249	-0.12133072223143082	-0.09983680542306796	-0.11066910947097505	0.013612744059282698	-0.01271736746101854	0.009051169217800824	-0.08634150483959628	-0.000993354212276849	0.012071288917486265	0.06752409243102685	-0.01857834146155014	0.018484947775507937	0.0026503956589977082	0.017195738359732027	-0.01075830978682237	0.004902043154688192	0.0007439539369619221	0.008774806106795797	-0.0018213050298141167	-0.0	0.0	0.0	0.0	0.0	0.0
ec1129	-0.251523100481612	-0.007087764348634877	-0.3453140320770045	0.256559697345198	-0.054303060918122315	0.27736408348695196	-0.07493511664326344	0.0017937292292716687	0.1811224514704344	0.059594438904068646	0.06692973299624141	0.0044012235914447145	0.08772376994389196	-0.04032080850561944	0.1405598238779061	0.046820945767959685	-0.11754340004691509	-0.04852766513530482	-0.0972670225140768	-0.0036417427097186145	-0.07691363717866112	0.06192171752222088	-0.1728270594266496	-0.07828265739300645	0.08699683028402322	0.03885639947796611	0.07093245672795011	-0.04797397451290692	-0.0005425485774984613	-0.08200488270217256	0.04943520265773055	-0.008137877748152476	-0.004478985516413036	0.001729839035330373	0.00810900343564413	-0.0056016581744233445	-0.00024048111071230702	0.0005640511394593115	0.002245642365861607	-0.0005300710241346057	-0.0	0.0	0.0	0.0	0.0	0.0
ec1132	-0.37039188288591485	-0.058136923179667316	-0.023082234051262737	-0.011581702086044674	0.005922719282032178	-0.037228022376328655	0.18739489489106792	-0.1443666813749419	-0.03492034277064208	0.07159210216453321	0.16688894344503627	-0.04665349596916982	0.09461476858498855	0.08911594590985909	0.03143999741072179	0.26745438617187023	0.07025680857229008	-0.0441678437501354	0.1475397875374699	-0.0328059914993648	0.06279078750196533	0.01016489697980953	-0.01234004839798521	-0.09448587153461636	-0.13011968260979867	0.1671499087267605	0.08121080615805694	0.03757471334347547	0.01867336120932959	0.06074509897548879	-0.04507181220193455	-0.02127238583843306	0.00569138677303496	0.0026027295825528677	0.006144862972376651	0.0034696447765476582	-0.00020931365224736255	0.0033812413990464197	0.0013783857105156027	-0.00040124753329285663	-0.0	0.0	0.0	0.0	0.0	0.0
ec1133	-0.3748287530443964	-0.07048758831607638	0.08469339660179484	-0.18419532210924	0.00810711242058136	0.0019226816999351045	-0.005012174254855281	0.020026713696764398	-0.06939409111419748	0.17583126346008882	0.19113261746104873	0.01887874408334014	0.01523745630429824	-0.015545348880703405	0.06370229791733736	-0.06222186200590459	-0.09058847108709132	-0.008740221356203432	0.14310175054025842	-0.1335257588398445	0.09527782329170875	-0.1383303464084198	-0.004815228257226988	0.11383865472946607	0.20444360152994673	0.026852227183852887	-0.07145800178195397	0.052845380838980334	0.08817542756420876	-0.11932531189648458	0.03014183871676295	-0.0005266905603449846	-0.0023917808108834416	0.0013077814118975068	0.00373946129877758	-0.001321951072290276	0.0005973098673003769	0.0003091049908016929	0.0014336651287571072	-0.00018361434036306366	-0.0	0.0	0.0	0.0	0.0	0.0
ec1138	-0.23884948362008765	-0.009045817222679754	0.19097003329184795	0.4182377874108926	-0.02654708312711579	-0.05702862762710028	-0.01644900090659488	0.061504888766812836	-0.3146424078396293	-0.023692056143997206	-0.04339268687884455	0.1035862081338688	-0.18316903239564666	-0.23524352545644087	0.07702497743650238	0.013752008231686328	0.014046174818840941	-0.07901187968792961	0.11903313740832462	0.056204010405148164	-0.01311762222916467	0.020912094974159343	-0.04715696221601187	-0.005514274261451422	0.009107681678607137	0.015460667153972138	0.0265665057635208	0.0002689170584861392	0.024111301231988385	0.016183820571291113	-0.009191098170097991	-0.004516516239107791	-0.005357918760877272	0.0011378635331535788	0.009290705437452347	-0.0030262376397906148	-0.0003922454123452181	0.0003550821819055236	0.002236058557307653	-0.0005571550446518374	-0.0	0.0	0.0	0.0	0.0	0.0
ec1140	-0.2327521516017478	0.07573091211025505	-0.12572210681112606	-0.003757088799334378	0.0392533525870927	-0.22066651723516278	0.20853585309325423	-0.08911635444793502	0.14577740060024777	-0.05760327924718934	0.05888153250353796	0.022848631841126628	0.05813276020553481	-0.21644985323881663	0.1301425319292479	-0.073072721219772	0.03131043094044131	0.09097899494262678	-0.0028736857757443775	0.02113389754473687	-0.16319454720316576	-0.14459032801622435	0.06329150025336402	-0.06810107592930371	-0.02163008705719215	-0.023080499323703024	-0.028910421556899338	0.0713558032901805	-0.06050388754263779	0.003253861210088008	0.04286661293401455	0.10034567978462267	-0.036565704742636235	-0.006674021824308112	-0.03639170511274065	0.007428129588194986	0.004340898677480203	-0.012057043417016983	-0.008187030269857488	0.002188650850227209	-0.0	0.0	0.0	0.0	0.0	0.0
ec1149	-0.37269569216147386	-0.07407448224415848	0.18144935577104138	-0.23282530766205864	0.0158901230774621	0.016263252109633457	-0.05531227724226603	0.06793698665925964	-0.04620681044468937	0.0144626597214253	-0.0202684723529058	0.02398833277225402	0.07058034320006618	-0.028585359208465527	0.00699562321947991	0.01200582579279162	-0.06739409927245793	-0.2086008797102654	-0.013243200517910827	-0.06888154464422414	-0.06842433965974135	-0.04134155901805348	-0.007956687778348117	0.0642377675669348	-0.12193331212364929	-0.17394784441137562	0.25109487801758523	0.01813063444735983	-0.0887404931185829	-0.03642647595569321	0.03704880564170165	0.013674116651798959	-0.0013047921053233092	-0.0007330234223186283	-0.0027850955218723422	-5.045772528988303e-06	-0.0016529525798327199	-0.0013991996990645676	-0.0007360407603676794	2.9431994675110804e-05	-0.0	0.0	0.0	0.0	0.0	0.0
ec1249	0.20614608808258375	0.31726620591712795	0.027063890791762735	-0.04828842700773105	-0.33289610459173324	0.001402651487856529	-0.09023336534479486	-0.15623546395405952	-0.019393070260872076	-0.016558409018429112	0.038169958558915106	0.1470557313546514	-0.025076448671627553	0.03348779900581685	0.0180847054174172	-0.014617052691169237	0.06570935276965888	-0.068344871381095	-0.053912958726320834	-0.017636076857317065	0.06256390040545691	0.03353330657618154	-0.024223884801671206	0.010411238700658923	0.04222081434003525	0.02771212969801064	-0.04351508945291352	0.12031261077393363	-0.14574216123788158	0.04776559574594476	0.06307651599883568	-0.02271502747991146	0.029465751594013927	-0.024883722578795755	-0.03402352778591762	-0.036863653158272246	0.025273310543536095	0.01617892615865838	-0.00965048333889577	-0.004286594316304541	-0.0	0.0	0.0	0.0	0.0	0.0
ec1265	0.1459567091791389	0.47733935899145136	0.007306294422289084	-0.002869652062243459	0.15310797931501952	-0.014680978755964637	0.005539184642809486	-0.041052444979167234	0.021818843434069393	-0.005308618409151628	-0.022243591008145467	-0.008084302394312947	0.01280460296218316	-0.07246897281916224	0.02259472257544065	-0.02948210585747121	-0.027194270425026958	0.05545285427507145	0.03500964080825952	-0.18279098031116112	-0.06700340444165953	0.16956959184652814	0.03664212204755565	0.0646518961059385	-0.025224297685484627	0.020288234332091898	0.003123989737862856	0.01385664922426967	0.04601243194453675	0.0621121956564821	0.11565879419812286	-0.04889546095517813	0.1237563577637277	0.031097474010926832	0.00883784351500285	0.039024865154741725	0.010402656843752633	-0.012944176473555391	-0.007201705404998417	-0.002901339693364543	-0.0	0.0	0.0	0.0	0.0	0.0
ec1314	0.3588537170759492	-0.14967860490783666	0.007669040889186051	-0.02546755826371954	-0.28888414124887624	-0.009819647670642646	-0.039091811291172486	-0.06232920737715012	-0.022978335854610316	-0.0012033647241169714	0.006771540690317235	-0.013267745263712247	0.006965597709619471	-0.007262611268574203	0.024938630876671898	-0.019820656156556364	0.045219663238465026	-0.006746790218043809	-0.022414698835361024	0.02189942680127932	0.012452181616862897	-0.05583065632453768	-0.0002734446777993201	-0.03410506347603384	-0.029011503270239335	-0.02716546691054655	0.03225192620008898	-0.1150081601807125	0.11372369594808635	-0.0719502415386424	-0.12516480897846521	0.0948748140003806	0.07475666273477416	0.08396381308313934	-0.07354586086475345	0.049158835682239665	0.015248723223593552	0.007118756092336035	-0.008562187154610401	-0.0015693059392273858	-0.0	0.0	0.0	0.0	0.0	0.0
ec1346	0.4319259930784557	-0.1556313640350492	0.010416910077191652	-0.015182826856298366	0.009201756566608167	0.026249201217247525	-0.07578419678030378	-0.09142225991060575	-0.03934948729687652	0.00786454919588418	0.01428238991806033	-0.07693771372219313	0.012678193744080538	-0.008027541618501163	0.023167078145695255	-0.010268358564186621	0.04619258363980241	-0.009949165366994793	-0.017646934721252987	0.06702280026464875	0.006973528077233541	-0.08722214143817529	-0.003217813749564657	-0.031982019085151595	-0.0010508035161382989	-0.013012894502032824	-0.0006222639656391714	-0.0013157092549589582	-0.019969190254653768	-0.027943774282366603	-0.044818016784672655	-0.04680578312426501	-0.01299203676817249	-0.11845887216442	0.044385126813328235	-0.04653448417450223	0.029767789408111974	-0.06340472431888186	-0.0033255225378365297	-0.002369127522749826	-0.0	0.0	0.0	0.0	0.0	0.0
ec1349	0.3779274098148618	-0.049125645478082826	-0.01284156302017896	-0.022314714591560068	-0.12150957864676845	-0.07125522134824024	0.05785988843946303	0.008411115330160679	0.04785724736718097	-0.015633770547718574	-0.02795458026478346	0.02727756745945839	0.00917178402166691	-0.06240216428787757	0.03993680319878126	-0.044141648871887276	0.03754326722244382	0.02386422323644783	0.0048736624352166335	-0.15145364223973887	-0.0037444549646341555	0.08298472467326454	0.01483377627750239	0.0031918902469852276	-0.030368754599158436	-0.017901483345670023	0.015819025253061454	-0.0528761454730322	0.0438058257745586	-0.050417249519530104	-0.07335831126936142	-0.20642872879733873	-0.14497913178794	-0.007467589966553055	-0.06241391722215025	0.015182921237189605	-0.02405248460781156	-0.012905022269753293	-0.01435590065616155	0.0021852957130535596	-0.0	0.0	0.0	0.0	0.0	0.0
ec1361	0.4394310194806365	-0.03795845508291676	0.0031313034925168647	-0.034201434183268827	-0.06118888064194243	-0.03210467674626344	-0.005602499241107589	-0.0742521924679388	0.024310352125761825	-0.01733374564553078	0.010083195644745744	0.07938273851668409	-0.0038778726261260448	-0.021275118232195373	0.012248820813162763	-0.01210438736672287	0.007975888369126006	0.0019412086054973604	-0.0040312582448285	-0.041053292551222385	-0.003852407455961163	0.028923729777450304	0.0009068866271999511	-0.005073505040630809	0.01185874032740567	0.0025454360154553942	-0.02512015916035987	0.06348930700847122	-0.10913224029325978	-0.02619855920570845	-0.06670719620213614	-0.028327956824010816	0.0013159352588731062	0.10008103491091254	0.03325142159590718	-0.04987230864412296	-0.016881164753091253	0.005481657155334711	0.0604727554351695	0.020265990566910558	-0.0	0.0	0.0	0.0	0.0	0.0
ec1362	0.18644787891539444	0.37947886342630144	0.023429620037184413	-0.0013986875109241908	0.06971852840969286	0.04466967951576601	0.10777529630746846	0.19714039692421126	0.04737108191015267	-0.01598739039790966	0.07258521365055655	0.0961974745222147	-0.02869148002965712	0.06657082226060788	-0.019455829480481475	0.036887510227586115	0.0033505785031005203	-0.013897145256043141	-0.019040428567401596	0.2139545318230456	-0.001875914152301988	-0.1970468203932948	-0.003136821399660016	-0.03670130321763329	0.00176516493201511	-0.024378658838552416	0.0023287494931642275	0.007179087185782133	0.0007812916228854698	-0.010096567562935038	0.03494120577957017	-0.16860226089699132	0.07141943535218895	0.05434965146461042	-0.012310677839017254	0.004852557963918585	-0.01980737390418498	-0.007142326502698896	-0.020398270842935152	0.0006581091979845576	-0.0	0.0	0.0	0.0	0.0	0.0
ec1377	0.12553858029064735	0.5182281713275124	0.03426394246510029	-0.002216996463653337	0.21462012271761072	0.06143333861122048	-0.08233340054428052	-0.039968567210946285	-0.05954458470798983	0.02069917824908077	-0.014381336827456912	-0.11651192003385237	0.004403734478220616	0.03213831530793568	-0.017734936627579405	0.017644007737926785	0.003580612407825579	-0.014734779692950265	0.01146469819112339	0.02005070441390329	0.02649686158424509	0.021636995543512512	-0.013985572300932503	0.01978770082995838	0.002145594231539675	0.016628363369113518	0.016851564799625955	-0.033216820282857176	0.059979438813285185	0.025101400002555764	0.022192314474548572	0.07169718523471043	-0.09744315077713271	0.004553411831367159	-0.08497210818213127	-0.10220532495088344	-0.007981199129218413	-0.0003238235496636772	-0.013883966269114268	0.00604834205996155	-0.0	0.0	0.0	0.0	0.0	0.0
ec1378	0.3789443427227121	-0.3712085609254932	-0.0038406910771593057	0.03271152301991508	0.16134907745922467	0.0448263745270776	-0.02905739102147314	0.0059433551077570325	-0.023941619718611713	0.0076454633878417265	0.01409118187046783	0.03336641075401275	-0.015538631943044083	0.05185205467719007	-0.03309101944734161	0.030987922972262646	-0.03538945506563079	-0.02266239253271865	-0.007376316367407403	0.0737780638663244	0.011313432237014198	-0.021001328423689722	-0.011013755341691783	0.012291219921409002	0.01917135545637177	0.013374834470990174	-0.009700042185728303	0.03631730544446259	-0.02324159642296479	0.03633400923330693	0.06297879207367617	0.0010369855252374118	-0.024508232158995953	0.05103078365286301	-0.042890302935662414	0.0070185213180407905	0.02414686945014999	-0.023559684579474355	0.034368792855550535	-0.006134806194078362	-0.0	0.0	0.0	0.0	0.0	0.0
ec1393	0.13046429909068363	0.44427127087041024	0.017469635228825137	0.0022394501637456464	0.14362644459786664	0.0435643615095124	-0.1919280846988783	-0.2168715992237262	-0.10101172808403105	0.040883659633485364	-0.047906853458781026	-0.19191976273523753	0.030969729725819538	-0.02396319187600442	-0.004759358806196433	-0.0023035704752716103	-0.0232165625188531	-0.0030352869956242223	0.0023244783465966356	0.05858095294999801	-0.006765513143742795	-0.07812368446011703	-0.011395613468228174	-0.039645480250038986	0.0193585465637886	-0.010503946563496356	-0.02561236520726489	0.037095658529921416	-0.09867120336051835	-0.05074250632275673	-0.0922002199369064	-0.017729276031194056	-0.01672084225443188	-0.005602160461409368	0.0028388932092825035	0.09563307495309475	0.004495909827961596	0.02439103320589711	0.003380153446143403	-0.00017725001431914008	-0.0	0.0	0.0	0.0	0.0	0.0
ec1396	0.4147752757577785	-0.27441953682333053	-0.014255390209036406	0.017704857593130573	0.1478920510508215	-0.005008937530293496	-0.006664653564985245	-0.0020628855240318756	0.00450850261454826	-0.00473258768070111	-0.01905887287869303	0.07140508834350386	-0.008115555272990104	0.033880252148812615	-0.03966552136588135	0.02116275314432368	-0.062345515076706506	-0.004643150636057725	0.021534321420116978	-0.01498569915896851	0.007951291915981224	0.029687925510415346	-0.014622417004443848	0.006185653685352463	0.010040444216763075	0.015625981963784716	-0.007982238646888599	0.009094501928709576	-0.019084748465431275	0.007008052136763914	-0.007030788417286535	0.04245653523669083	0.03459032625733506	0.0416553769714532	-0.09173818899253686	-0.04694026411270986	0.04035206071147464	0.00037725597597724835	-0.033603633730529436	-0.0011646272800367524	-0.0	0.0	0.0	0.0	0.0	0.0
ec1400	0.354759101712762	0.14806409148629013	0.02679933246971642	-0.0473066021093586	-0.24663242440666205	0.009096405640961768	-0.011617154161999524	0.012151817634973534	-0.00586770287187191	-0.003728350868915248	0.02423102910170338	0.025867540142488495	-0.017263469687486772	0.05395719407301477	-0.027741765459430856	0.029393760208516417	-0.009431812150690583	-0.007449645812862291	0.0030982038265860946	0.08296073395806701	0.01810936349386727	-0.022819995515064563	-0.0093404370561842	0.030227769271303974	-0.002145403847650729	0.011816622616605101	0.02886016452946214	-0.03887851612904977	0.1071435884229828	0.08905194411921033	0.1838135338384034	0.053504795255165875	-0.0634065814811173	-0.0678997304637657	-0.029747932306898223	0.07675930137794135	-0.017907811796109254	0.007443082933126975	0.025642618824235408	0.012468053030646456	-0.0	0.0	0.0	0.0	0.0	0.0
ec1409	0.4224032336617157	-0.2837239394672985	-0.012257307910021626	0.008356742673090872	0.09886259457491321	-0.012561722188062847	0.003608199127018643	-0.0128627077800557	0.010492507514139545	-0.0030378967634095396	1.7725881547216373e-05	0.04512881688990181	-0.006901864509011195	0.007041783919824902	-0.014193251210611173	0.013159774167104305	-0.030702022465007264	0.004257283910387184	0.0033318659633224303	0.021546956353138146	-0.003391945582403641	-0.01331938013634699	-0.0013879347776819242	-0.0029548546679741914	0.008162763808049164	-0.0010856615148286312	-0.004362912742112733	0.0139120814744507	-0.014213520247485746	0.018060489572562673	0.04481930215686818	0.04511530672762303	-0.04913191518746926	0.015372249838987169	0.07312492087875655	-0.01853207068634179	-0.05214708017054045	0.06022917300015378	-0.04147928693397192	0.013455418258358044	-0.0	0.0	0.0	0.0	0.0	0.0
ec1411	0.4476562817586039	-0.17175681619659766	-0.0031312706934598783	-0.0029764106343840805	0.12236757697747341	-0.007840451970037236	0.0327651207866365	0.015991876031268497	0.030028006766583727	-0.008263394090707733	0.013775565007277517	0.039003288389169735	-0.009747013921116763	-0.005507195726494036	0.003290228128979561	0.0019128652411728767	0.0110518130266729	-0.003453560526613061	-0.006293657020083002	-0.007914889941888107	0.00032188546571898193	0.013130392072220803	0.003339860740139945	0.005086074003362459	0.011958844184062381	0.002935403475357668	-0.008746140156912172	0.028806953193123708	-0.0332821335530302	0.006818500083317966	0.007640213098942307	0.018312302033917757	-0.014876503242584356	-0.030614465348615272	-0.03534894674737843	0.012124564252727415	-0.062055333160865395	0.025764433001777828	0.03141229585458179	-0.037205103406655726	-0.0	0.0	0.0	0.0	0.0	0.0
ec1420	0.41429943703993455	-0.2897399318646154	-0.007997929144114284	0.019300692176856673	0.15744599740549453	0.014280999974759005	0.005973133844037208	0.02170495681321202	0.005171035130143011	-0.004009464424298318	-0.0012509006191400698	0.0512841905808487	-0.008795407861527936	0.026706457984997985	-0.02326294857448196	0.012997032275430129	-0.027099723753265338	-0.010640967279990284	0.009204873012816904	-0.018777096402557775	0.010940901625661146	0.04446575293422643	-0.010684841640264191	0.018298891102860676	0.012950188548564376	0.020002867796831025	-0.010338319766269212	0.029134126069909925	-0.02791715657452779	0.028212808054535004	0.031025083826657238	0.036517196221293374	0.0006141900326702458	-0.008438782394664088	0.0027846180309187415	0.07419637893379233	0.01077174243833483	-0.06254317099234658	-0.0015880433966083856	0.01364934642042312	-0.0	0.0	0.0	0.0	0.0	0.0
ec1424	0.15543356323891877	0.42494839864777023	0.010220742844993467	-0.008176117058440803	-0.005520710372728328	-0.022929321524456557	0.06106648303097789	0.07536634300756312	0.05378970354233887	-0.0230473890309312	-0.015369449640128438	0.24189425510507379	-0.029255416389532482	0.07110599439174897	-0.10849158700647758	0.0681382087878811	-0.1968656125136129	0.03342763888036341	0.07180059961046213	-0.01628763998303375	-0.0355972915467564	0.0539283321986594	-0.00918055936718439	-0.0035101923445858157	-0.0003600325069711523	0.011134030922709086	-0.009990562407159993	-0.022797807410138485	-0.028328852304166825	-0.06824379373539333	-0.1748829906242498	0.09533597412113394	0.013660583008936033	-0.07393760722970406	0.015155547737050993	0.01081876521827983	-0.025841038293298323	-0.017545889658589244	-0.0013525224287096725	0.0010280572515711107	-0.0	0.0	0.0	0.0	0.0	0.0
ec1425	0.41205622830088073	0.14611458068200733	0.023199807709621385	-0.050897651844941494	-0.1304793208975986	0.000890967286485596	-0.02167192346392674	-0.031155379648518177	-0.002995217966979547	-0.002842851998021714	0.010959630174858718	-0.02448824392399857	-0.0028753037223900914	0.007476496208373294	0.006899830514974587	-0.0037387547051950807	0.05046366752750482	-0.014719417347128587	-0.008757154708637119	0.0007445227104075612	0.03815275594151281	0.020674887869800283	-0.012760955743915458	0.012580137067912639	0.0092750297852598	0.004585782719585269	0.010121127744699853	-0.008360836167087387	0.008112607604585837	0.019142629523772	0.025257296656785767	0.06664316618369888	-0.07869290860131184	0.10910326102978263	0.12084487440196631	0.01124884347060954	-0.00781285388565608	-0.041428305371974845	-0.03571142001679063	-0.017065838305789695	-0.0	0.0	0.0	0.0	0.0	0.0
ec1427	0.20138616191047284	0.24540179572102813	0.013594457153586117	0.019839475883052893	0.13404987979541458	0.052222525601301945	0.15987849084341615	0.27656656242216393	0.047322428006792414	-0.00484037807726841	0.04415903398521059	-0.04862182162525583	-0.013221046236880871	0.001762175948958389	0.09144967137973972	-0.0708276421310889	0.2717830208941229	-0.10001757195209894	-0.09848756779028364	-0.08401195032617233	0.16412278051028945	0.028211793383755103	-0.04076903749245568	-0.024474789452243653	0.022210222151721935	-0.009836127886398677	0.0014651388548903243	-0.019421173661724418	-0.028619564842946983	-0.021496890156081645	-0.052243855443860135	0.0783142032807102	0.009656522161534505	-0.02959073932011906	0.012698470090456966	0.012285093882155665	0.018126281153529145	0.010721517493973487	0.012833255686093706	0.004354359078098453	-0.0	0.0	0.0	0.0	0.0	0.0
ec1438	0.2027720159429244	-0.09754568820683548	-0.006992363798924715	0.04165651713277773	-0.2682592073124776	-0.0029959331318686025	0.11214467667255437	0.283301050246664	-0.033269186480056404	0.0629088702749554	-0.11219882367921705	-0.35341518083177664	0.03640460852679746	-0.014011072142950751	-0.05646430793914324	0.03673765292777824	-0.11853361724460135	0.0345540481759936	0.08023838873053743	-0.007898236317613473	-0.046639797479153956	0.030228597704195146	-0.008862001558965977	0.01413055466215203	0.028095960974389093	0.032787016943124914	-0.038164853724274146	0.08922909885587309	-0.11564226852141607	0.018733745471323223	-0.001730872031343659	0.00824534090961936	0.021848572289360733	-0.0025252717430160427	-0.02106661505662103	-0.0081374459252206	-0.007559766060979838	-0.0012454603424362756	-0.008109195995395136	0.0006265946778860494	-0.0	0.0	0.0	0.0	0.0	0.0
eti111	0.3676994764148039	0.22778337162784867	0.02578402873616544	-0.04278928803049781	-0.048345299072086664	-0.028047594223380618	0.06490489048345723	0.06527240035260064	0.03224820329254954	-0.0077951641591797035	0.013928864031281452	-0.03174115699603102	0.011917638083074741	-0.02460722189120576	-0.015244149896791709	0.02412264556484656	-0.08573810550001808	0.07769958150138187	0.0388853422474248	0.039767186831239	-0.09867758899213092	-0.014794426703661379	0.051770443448495726	0.019469711087973785	-0.04086340457907376	-0.02361379597653474	0.03618754223582111	-0.06107573612949033	0.11200262512232809	-0.008444282060417587	0.00503319374414985	-0.00961697011944967	-0.03478603946859735	0.007977247222496738	0.06353750882749538	-0.05650899956543484	0.07479485329917401	0.025560759289502175	0.03760647508613924	-0.007200767610112451	-0.0	0.0	0.0	0.0	0.0	0.0
eti114	0.4331986661560266	-0.2489262110167199	-0.0051050389174134275	0.008064803876290645	0.1280306578339883	0.004719103039241333	0.012438987181513376	0.015497887526456824	0.012975733855064656	-0.005567925345941089	0.004961156182154701	0.031973610784067796	-0.0035891370380195225	-0.00033330612598861766	-0.0036724176411451915	0.000968769004107774	-0.01900375581106737	0.010814675177729105	0.00859236191606081	-0.017521128892443665	-0.013674800750156993	0.015235798596437387	0.005533475867432212	0.006370397770308842	-0.005213761961185552	0.00014158455935274857	-0.004319359103145135	0.006304782699591975	-0.013399619455911428	-0.00810048448552734	-0.018902109595948267	-0.05349989281631847	-0.01708527234015315	-0.0426881522557025	0.026557511791812757	0.054361221228784985	0.06836691997517308	0.061094963386761424	-0.01937717588476109	0.0015100820531688869	-0.0	0.0	0.0	0.0	0.0	0.0
eti123	0.43404197904077335	-0.20358753994871898	0.00424276957056882	-0.023764006604632616	-0.11798157700417865	-0.01046691098989381	-0.01920145886484687	-0.06393785167278772	-0.0010144799861110017	-0.00925739375435167	0.020401714471533453	0.01107230561922922	0.0071948801493074786	-0.028469136002716548	0.03531028736750949	-0.024105040910892918	0.044961042565462565	0.0064077155562647595	-0.012459389146191486	-0.02007243446370709	-0.012046742736817037	-0.0072908830469965115	0.013782291723428817	-0.005425101655134167	-0.016657501352762064	-0.00657771287311969	0.009749617681392427	-0.020142523664089872	0.04511359856323692	0.0035549510998430043	0.02210315536911575	-0.0002775334641162262	0.11447928763183923	-0.08662374161575011	0.02317401598530507	-0.05545105671229557	-0.017027075300695815	0.006629554577626669	-0.0154341432685133	-5.080173937450208e-06	-0.0	0.0	0.0	0.0	0.0	0.0
eti135	0.435294098195041	-0.07947802628588928	0.011729017915695243	-0.013316120547235823	0.1188476478410483	0.02634775944419219	-0.06407106479694359	-0.07924691506266698	-0.033309253046333066	0.01255708607908981	-0.0006952659991835273	-0.1415574899103618	0.024627880432100062	-0.049509828721815065	0.0343613689978075	-0.022811788352493215	0.03602324847717248	0.02868457343454149	0.005728311786901097	-0.005973469068116469	-0.0338649446861934	-0.01746751714246745	0.0221807991872851	-0.002447448293500241	-0.025568758053006884	-0.015645118737013342	0.019436549586630353	-0.049292725023272095	0.07615776777538308	-0.012580842167210513	-0.0061116516200246445	-0.014348958564334689	0.09435364043455814	-0.00669607919416895	0.010369344601065637	-0.022181186292907672	-0.05826862338104025	-0.003886828080938968	0.015135768668098392	0.006762324574250644	-0.0	0.0	0.0	0.0	0.0	0.0

Biplot	0	0

Site constraints	0	0
