Eigvals	79
5.5903815613271375	4.378710022747658	1.8497605328402642	1.2747530757795822	0.9547886022896416	0.926583317478442	0.8145584672241682	0.5735651291662454	0.5084762242775102	0.431929857444761	0.41549008934929066	0.3646961576781037	0.31613796398628746	0.30120019961216027	0.2969046916618914	0.2526076070932023	0.23401799343725682	0.213076709667481	0.19806794263383315	0.1870494989356582	0.17738919564421096	0.15462222517623742	0.14168708871446772	0.1320761348609928	0.12834117096521297	0.11092875124228196	0.09450633490226551	0.08923168139969073	0.08140215912586768	0.0791366230997862	0.06954467061176872	0.06439939708547476	0.05090058443570877	0.04912275461480192	0.04208375092809957	0.0355115181439386	0.03383651169998103	0.03323290115118166	0.030135475296325875	0.0284014442866668	0.021778045202767715	0.01965060548809472	0.01621359041348469	0.013394340826818951	0.012070604731190149	0.011171587715583464	0.009163435331887515	0.007225611244589758	0.0044625905730182325	0.0012871061986975407	0.0	0.0	0.0	0.0	0.0	0.0	0.0	0.0	0.0	0.0	0.0	0.0	0.0	0.0	0.0	0.0	0.0	0.0	0.0	0.0	0.0	0.0	0.0	0.0	0.0	0.0	0.0	0.0	0.0

Proportion explained	79
0.25613798875678345	0.20062208031279735	0.08475162873335326	0.05840615446545525	0.04374614319175595	0.0424538441161741	0.03732113188175236	0.02627939023374827	0.023297171398469988	0.0197899989036958	0.019036767824670477	0.016709510667608247	0.01448468970799355	0.013800276867592838	0.013603466908379705	0.011573879835521725	0.010722147945423486	0.009762668123172839	0.009075002109763006	0.008570163222270253	0.008127551098445127	0.007084422653314907	0.0064917654614459345	0.006051414411511712	0.0058802872478557955	0.005082491584305111	0.004330055521450796	0.004088383441518975	0.0037296533501748365	0.0036258518770891984	0.003186371424533439	0.002950627227438672	0.0023321437331036495	0.0022506877985339867	0.0019281773889340543	0.0016270533120692988	0.0015503085001090766	0.0015226525001981964	0.0013807358134599699	0.0013012866362645352	0.0009978182412234123	0.0009003440127222214	0.0007428681555057121	0.0006136968438501035	0.0005530464039007725	0.0005118555821814485	0.0004198468155106253	0.0003310603241343435	0.00020446528765140644	5.8972145180822466e-05	0.0	0.0	0.0	0.0	0.0	0.0	0.0	0.0	0.0	0.0	0.0	0.0	0.0	0.0	0.0	0.0	0.0	0.0	0.0	0.0	0.0	0.0	0.0	0.0	0.0	0.0	0.0	0.0	0.0

Species	0	0

Site	79	79
SRR21280500	0.21700124589612502	0.34640318681035753	0.01418005783135739	0.2719167026643332	0.06228577571557294	-0.03272660308888385	-0.017605131320938196	0.11770553966089778	0.12758095057402616	0.039876703483710335	0.3018300312471397	0.19022607956088072	-0.11219465923344654	-0.07275091031659398	0.05209771083071351	-0.031815973414313865	-0.08372818039273522	-0.07643265545670005	0.07322856220800134	0.08958532280714095	0.10231883348426718	0.03324062453710932	-0.05578332144043236	-0.004418315058315702	0.015722941722867884	-0.07210032595447179	-0.01606639272694987	-0.0049548470895185125	0.01607005416959829	0.016290912847459108	0.03924109019655804	0.002758007926589136	-0.009295958908557287	0.01927597488810926	0.027652925045786172	-0.00030811822859332425	0.004833421297097113	0.0002557312876081248	0.0004641454100933252	-0.01017229503726151	-0.009359480042110966	0.020251128008823296	-0.005055290784651501	-0.0026534092805585246	0.002140107659981784	-0.010777621628815065	-0.002993157757987417	0.00025572747338163524	0.00231333061989828	0.0028081546421327946	-0.0	0.0	0.0	0.0	0.0	0.0	0.0	0.0	0.0	0.0	0.0	0.0	0.0	0.0	0.0	0.0	0.0	0.0	0.0	0.0	0.0	0.0	0.0	0.0	0.0	0.0	0.0	0.0	0.0
SRR21280501	-0.5029687732090375	0.03025685094268417	0.06547298226042703	-0.007579363680198149	0.1453414415484054	0.06916603682443749	-0.025846227519050115	0.034118228794563665	-0.013931156793802994	-0.0418624210015974	0.027685591078463453	-0.04352941348849642	-0.007978574960747657	-0.0034986544380950294	-0.004690543475941793	-0.016907945365634038	0.00694386740332656	0.027477075198196935	0.013232181599556471	0.0017812704066410682	0.019631305819569754	-0.0024274105148815485	-0.017547717570222787	-0.025680179613607506	-0.032229548977278394	0.022737748388935206	0.02002771370979296	0.0035375887088734113	-0.030296034157426294	-0.03130460497541255	-0.020564744120091145	0.01195933239074478	-0.04075612807783601	-0.0047638668725809704	-0.002576320853311343	-0.02320542151380453	-0.0010401936768915524	0.008944928564265816	-0.03319382102548025	0.010084909013551366	0.008323822941101696	0.013591569511285689	0.0158621438366654	0.002593740670117386	-0.02037867380386977	-0.008579578591629061	0.022069288372487162	-0.01161438625284852	0.007039640382415022	-0.0028064131080773953	-0.0	0.0	0.0	0.0	0.0	0.0	0.0	0.0	0.0	0.0	0.0	0.0	0.0	0.0	0.0	0.0	0.0	0.0	0.0	0.0	0.0	0.0	0.0	0.0	0.0	0.0	0.0	0.0	0.0
SRR21280504	0.22937828915981717	0.2592001595321423	-0.026634106777378708	0.0178548233957673	0.14623575935534672	-0.10560694336673744	0.35728500005658353	0.016768217266254142	0.026314077174063522	0.06682298366379921	0.0640035654983085	-0.00022698932784571534	0.08377524922407624	-0.06013025233165444	-0.1273051808545107	-0.036645762117999	-0.01178442844340996	0.11616627014235593	-0.1787808577235423	0.16344695191399186	-0.07430983557698516	0.0057397085966274545	0.02879122749951147	-0.013423739644361206	0.07098040450668247	0.033672745057248016	-0.05363183443320578	0.008551086772771803	-0.049267138772904895	0.0386099626782111	0.015590842059854173	-0.003067862035465398	-0.010148785455095824	0.0006189987102209787	-0.011314332240442987	0.008047669432151277	0.0076965256425031905	0.004420192444838519	-0.01679368534368455	-0.0029284821569878976	-0.00792197853656632	-0.0076569711714911766	0.01444148485274358	-0.0020885352492850152	-0.004354110922044073	0.0014762193524820782	0.00924945026329319	-0.0028245576911737837	0.00119807607841439	0.0008867472070882711	-0.0	0.0	0.0	0.0	0.0	0.0	0.0	0.0	0.0	0.0	0.0	0.0	0.0	0.0	0.0	0.0	0.0	0.0	0.0	0.0	0.0	0.0	0.0	0.0	0.0	0.0	0.0	0.0	0.0
SRR21280506	0.24156286575534058	0.2797776955833768	-0.0857215471645799	-0.09241002946077492	0.0618247688990798	-0.09464671737130179	0.20351932518779375	0.04834015337438194	-0.027136996734394226	0.10955129725567822	-0.048202903127593184	0.055554191952200335	-0.18808196317471623	0.1369893434679981	-0.10167060325322494	0.07594702588395306	-0.1059249018176387	0.00604635005132058	-0.1296204872310109	-0.09544619962864603	0.03225026558908449	-0.06554641118702782	-0.0645413033749564	0.032442203822923746	-0.05069899877233385	-0.012400832522637652	0.06384200677033249	-0.014356885330333557	-0.015103468196051743	-0.07234590699591137	-0.008992450956867265	-0.007028999160722107	0.0067521874644972365	-0.013752645262247705	0.05224891243373263	-0.003756083902693478	0.004238093176392583	0.018695923232415555	0.0060865542379361015	-0.019218436418545527	0.005494437546424837	-0.00976107582177051	0.011814344400024115	0.01276178550947318	-0.012394309035199226	-0.006525393519028242	-0.0017841118851297977	0.0018684573412265143	-0.00039230341468074454	-0.0011557015588723005	-0.0	0.0	0.0	0.0	0.0	0.0	0.0	0.0	0.0	0.0	0.0	0.0	0.0	0.0	0.0	0.0	0.0	0.0	0.0	0.0	0.0	0.0	0.0	0.0	0.0	0.0	0.0	0.0	0.0
SRR21280507	0.18190293329862695	0.4780835796557689	-0.019395517518080815	-0.3285849691832723	0.045302883807131114	-0.05328626150351426	0.04366101470932466	0.024879627190287967	-0.08777233798854492	0.08532254162502254	-0.04467625102687051	-0.03530380140659634	-0.14289929171779323	-0.10197532729657452	0.19133028421773515	-0.07589909781258841	0.03073251950490621	0.06889998112043459	0.06031717201738846	-0.062155883023025424	-0.03411848191718243	0.10402402428945744	-0.0017384798261517894	0.0708077070987299	-0.01473681689074174	0.005957675369623989	-0.0275975047112987	0.00351140651927073	-0.02293890515700752	0.0017512742146915795	-0.06283083938829293	0.04414126126563144	-0.010500596844844817	0.005292773198088688	0.01792114236024713	0.000516314817360218	-0.013512603082819982	-0.017730653065160126	0.010397765043258105	-0.0025635059588266524	0.012087670437987356	0.010942131683270717	-0.003096854822867928	0.002027093358777191	-0.008931651187901742	0.007557441667242601	0.015957175638779183	0.007466283186845459	-0.0013922518715039978	0.0013937346655711238	-0.0	0.0	0.0	0.0	0.0	0.0	0.0	0.0	0.0	0.0	0.0	0.0	0.0	0.0	0.0	0.0	0.0	0.0	0.0	0.0	0.0	0.0	0.0	0.0	0.0	0.0	0.0	0.0	0.0
SRR21280508	0.2745870357357474	0.08712695845702205	-0.035907711343223195	-0.08704274096627007	0.14821857428535914	0.04305407541331018	0.365862263177264	-0.053097465811877784	-0.16673723588069464	-0.12138608484976904	0.07918984436946938	-0.08497500999321603	0.1325152915971655	-0.12890554988010328	0.13045464682775115	-0.02059638617682558	-0.06524511290115778	0.02203912845477397	0.09048779013691789	-0.0025215689135860103	0.1015958835393963	-0.07103117953106045	0.04070515958779898	-0.0027303736387868298	0.04527786319011072	0.03593527940741906	0.05889255815844461	0.05464745193360435	0.06129740347693919	-0.04670483879011027	0.03774368531171282	0.004826747229049138	0.010399755876219214	-0.006414233993396289	0.006839200648852705	-0.006149446939576685	-0.003958866895206727	-0.0017557015768872454	0.01134523159133512	-0.0050677820834665955	0.008831947375902338	-0.013649821335004076	-0.0038805894046433156	0.003955317859479277	0.0031239332374394337	-0.004066239210904759	0.0008834320468840992	0.0024950782288662788	-0.0020720886060158817	-0.0029671506996397745	-0.0	0.0	0.0	0.0	0.0	0.0	0.0	0.0	0.0	0.0	0.0	0.0	0.0	0.0	0.0	0.0	0.0	0.0	0.0	0.0	0.0	0.0	0.0	0.0	0.0	0.0	0.0	0.0	0.0
SRR21280509	0.20986381706447504	0.5003612505710131	-0.06077350589001555	0.30932061082284834	0.1463682661577891	0.0025343368855940598	-0.19499096124733006	0.13935131546561821	-0.030720416475712116	-0.022473471838924484	0.013394723319622956	0.06126475113131962	-0.015408668156678696	-0.07526963926351901	-0.005615995806133104	0.16769380785612445	-0.021567234666946274	0.021090709359924943	-0.0867937592725335	-0.08823629622091775	-0.007549742931094937	0.001056759924614633	0.028602678581499175	0.015967958851956347	-0.012119104133571756	0.08286817853996947	-0.028195716180933392	-0.001650249502629753	0.027746643562500187	-0.013276116958752452	0.014982140156291455	0.04735432910504407	0.0020955389838076552	0.01610475006807269	-0.033813776842621976	-0.03282777976109539	0.003740208598811146	0.005957221923531712	0.01028327909667505	0.012975524716386024	0.01611512289799549	-0.023488993975996863	-0.011578619303324522	-0.014495841621864267	0.024575442085981013	0.0016013817043520145	-0.0020857329560796368	0.002061612262936106	-0.002670606832642038	-0.0025823063557942655	-0.0	0.0	0.0	0.0	0.0	0.0	0.0	0.0	0.0	0.0	0.0	0.0	0.0	0.0	0.0	0.0	0.0	0.0	0.0	0.0	0.0	0.0	0.0	0.0	0.0	0.0	0.0	0.0	0.0
SRR21280510	0.1757395305077676	0.47526726503262134	0.03720951974404522	-0.47451444113757413	0.0380118161561596	-0.017534368216988862	-0.22620497937290515	0.013544979562855148	-0.019961488639995528	-0.06435750094377399	-0.03702641157479225	0.006112992575605885	0.03642339616858566	0.0012992428431175898	-0.016354018878957734	0.024926105756147468	-0.031193419804908546	-0.02781956819804774	-0.04226504159387327	0.05829671252802657	0.027942557658791396	0.004763539487981937	-0.05790327807039935	-0.0738814747056091	0.05174758277591385	-0.0576931525790362	0.04024285061813295	0.003953179817517311	0.03349522070135304	0.014395956022976133	0.028796360469113404	0.0023352359521026426	-0.0346919401714207	-0.01677021722976693	-0.03047906158390033	0.010454801217782127	0.008587560990816059	0.024485990572895938	-0.008037154434426552	0.016130272919218355	-0.009334903585194405	0.029728806883364323	-0.0012691343458000586	0.019087105661742317	0.0054706639360152885	0.013268768406469157	0.003227380445044893	-0.01290304359744232	-0.0022134421451293056	-0.0014944805319806014	-0.0	0.0	0.0	0.0	0.0	0.0	0.0	0.0	0.0	0.0	0.0	0.0	0.0	0.0	0.0	0.0	0.0	0.0	0.0	0.0	0.0	0.0	0.0	0.0	0.0	0.0	0.0	0.0	0.0
SRR21280511	0.2335424576303256	0.49478184620788945	-0.12206160856332116	0.04813243252750348	0.10308769493847272	-0.05969841135417174	0.08192170081649641	0.10994808497318696	0.03572442458551166	0.0388900133905779	0.12443192290085094	-0.009139836625738064	0.06918542865081935	-0.0528477899389885	0.0245326680680979	0.019569250826365816	0.17319821786851597	-0.04035386806153496	0.060682753266867125	-0.08031589438471604	-0.07111082009545011	-0.12314335061858864	-0.020014492323104354	0.011401958697165256	0.003896399570375298	0.008616733152839144	0.017991394677730466	-0.0327733840271219	-0.04797111837580393	-0.008340666904089225	-0.0216224901705889	-0.01846718714667335	-0.009136012292726594	-0.042579275202286916	-0.03742780843850707	0.018763277825512115	-0.028498640380460072	0.015691773483552954	0.009924308384006411	0.02594220834947768	-0.0073349176130196305	0.01674737013836392	0.00400159858542513	-0.0017419179338786183	-0.013654090165031506	0.0017649473684084424	-0.006759652058981888	-0.00026754338680824426	0.00410658772381755	0.0003478166002575131	-0.0	0.0	0.0	0.0	0.0	0.0	0.0	0.0	0.0	0.0	0.0	0.0	0.0	0.0	0.0	0.0	0.0	0.0	0.0	0.0	0.0	0.0	0.0	0.0	0.0	0.0	0.0	0.0	0.0
SRR21280512	-0.38459030984044135	0.07869616607412014	0.06470975505347115	-0.019808099817329568	-0.0005966744299715829	-0.022831916255710207	0.1194836082794209	0.018566934880130108	-0.05043661347318814	0.12929049327359118	-0.011243569121028762	0.05552682506923976	-0.14821988185876597	-0.04865869490813522	0.05584847393826108	-0.05814438735091908	-0.055185901951834836	0.003471617875371231	-0.03494396308209227	-0.037956050828943044	-0.02020075053553208	0.06742092394992145	0.09515228286044182	0.011128023113569353	0.03803962120447024	-0.000423461848496123	0.06990403069652185	-0.054282350004087515	0.035167354153837815	0.07170704466401179	0.0126639319915629	-0.048609032318610475	0.015015871897691806	-0.04203530871342429	-0.03363622470950339	-0.013026261611187064	-0.022933945974441584	0.0005992733318376566	-0.007102764277647651	0.021160850983509873	-0.006060981724659366	-0.007536256067285528	-0.010979401260015578	0.002876070224918268	0.0023119628452820218	0.0014238893113610873	-0.012303717669593123	-0.007718395597590494	-0.01496176194593212	0.003115106433705588	-0.0	0.0	0.0	0.0	0.0	0.0	0.0	0.0	0.0	0.0	0.0	0.0	0.0	0.0	0.0	0.0	0.0	0.0	0.0	0.0	0.0	0.0	0.0	0.0	0.0	0.0	0.0	0.0	0.0
SRR21280513	0.17240427275099734	0.4395073665278402	0.013440491281666987	0.2569760777730132	0.18747667481814811	-0.0015595519161810888	-0.028267793035670057	0.11024376570076933	-0.06905964684165554	0.0863645630497306	-0.21609290886766847	-0.025399635761082395	0.056711647022823906	0.09865689648545771	-0.2266993098731051	-0.22585665888284234	0.017896734602329847	0.006308751564719712	0.12622751347896854	-0.017477501309645163	0.12649955822156025	0.00969598668725128	-0.0039790077565871685	0.03258023532972401	0.012778389806795685	0.011470524262785383	0.012977655003132534	-0.0011696170757211817	0.02188768119937251	0.01076697027862869	-0.005281259934099851	-0.010071104307650833	-0.0002171346644953669	0.002599139802510958	0.0010043875341014335	0.00669919115335569	0.015040095632949863	-0.0010380203433795721	0.0008687629148781433	0.0036073695750647905	-0.0018038675454437882	-0.0034380647891076436	-0.005312504443615083	0.00015826207848697283	0.007061199413575569	0.011864402010498664	0.0008444641413129719	-0.001069003901408087	-0.003221061147792888	-0.0001057340025051816	-0.0	0.0	0.0	0.0	0.0	0.0	0.0	0.0	0.0	0.0	0.0	0.0	0.0	0.0	0.0	0.0	0.0	0.0	0.0	0.0	0.0	0.0	0.0	0.0	0.0	0.0	0.0	0.0	0.0
SRR21280515	0.18688703281838412	0.48454441955541167	-0.00860865100128366	-0.37585773988940196	0.05892288471595187	-0.033816149703217044	-0.2011427091946107	0.04286657237590995	-0.05808126625674944	-0.04440242771593582	-0.15012294669022988	-0.010470904260770051	0.04420273555491747	-0.020136886501062528	0.017273825215547187	0.06696846694742463	0.012418244357484372	-0.00424798404692724	-0.017557126732998356	0.07412226736673991	0.010776401410855826	-0.030791684153836166	-0.0466314380148635	-0.041205798056386286	0.026178602179821098	-0.052962452594683906	-0.012469763292706972	0.00011860700591934876	0.02355187437294375	0.03450526076095796	0.011894095437872657	-0.010462328225905879	0.04181917425671171	-0.015104517567444617	0.026749771280413802	-0.02203557736603581	0.002439139587223967	0.002174738441696643	0.00815191152467673	-0.015427234856272941	-0.008288286183847682	-0.03009830092726847	-0.004168253915817693	-0.025265829338473777	-0.011533230430705442	-0.017035572758162004	-0.007519759273347734	0.00779180645103755	0.0009947446176403842	0.002906207843236142	-0.0	0.0	0.0	0.0	0.0	0.0	0.0	0.0	0.0	0.0	0.0	0.0	0.0	0.0	0.0	0.0	0.0	0.0	0.0	0.0	0.0	0.0	0.0	0.0	0.0	0.0	0.0	0.0	0.0
SRR21280516	0.10428130267156814	0.25747943189725986	0.6186478434070608	0.04471486146908577	-0.17772562510394382	0.145466878333719	0.060182204573075625	0.1043715054929474	-0.15490585715216013	-0.02582184593561037	0.05682323590654007	0.12637437898581733	0.1263396457409427	0.1789311762290687	0.08718507343385727	-0.015507534446860248	-0.01484216106234064	0.1251533206181454	0.008225463265596677	-0.09794452849653737	-0.08040236483128405	0.03928171705323479	-0.06433408083706492	-0.043187255072411466	0.021649883809857516	0.0073954354313290884	0.006394016395914186	0.01214679671336831	-0.0070899710694592765	0.020769192148687356	0.011648314855182106	-0.03083230839684579	-0.018150216992156926	0.03770095500862103	0.0038731069813988652	-0.010422562162461744	-0.0015276360060802248	-0.012524653719957654	-0.005080694516824927	-0.013684842402155258	-0.00847861123378235	-0.0006907576562771621	0.006731698722443133	8.632161649941387e-05	-0.0033847995635633995	-0.005609329652889746	-0.008022071568537271	0.0013934496152263717	-0.0005041846071227259	-0.0026930201304799896	-0.0	0.0	0.0	0.0	0.0	0.0	0.0	0.0	0.0	0.0	0.0	0.0	0.0	0.0	0.0	0.0	0.0	0.0	0.0	0.0	0.0	0.0	0.0	0.0	0.0	0.0	0.0	0.0	0.0
SRR21280517	0.23111677176302128	0.10732219275897685	-0.017985020906638245	-0.028677303175722056	0.054251803525216975	-0.10767825602343589	0.30017358754659973	0.032523337481872784	0.12355625767190066	0.08114672257920394	0.00014303586602036893	-0.060683363338123984	0.027529687176395447	0.0674110544897234	-0.06498099743392387	0.07428212204219457	0.12598440848896866	-0.10911813884408712	0.08782749209795035	0.03203062526244741	-0.11138939298394494	0.09621618169938669	-0.01728951094551786	-0.13350898858269214	-0.06659558546089707	-0.04123049407136988	0.053382648260009026	0.0011352839437470067	0.044218949075444144	-0.02329610819726833	-0.02258120165848811	0.01598318682323086	0.0028935047834898974	0.024963739238873656	0.004597214692764736	-0.010446468746116024	-0.005481833135408693	-0.009121147765962099	-0.005656018551735384	-0.003541097293627651	0.005386772713983581	-0.0003946738782175183	-0.00906067371212959	-0.0037457381053793808	0.01580235845560796	0.001531216001347922	-0.003819733843335028	0.00047564275016222067	-0.00226912653188205	0.0014371408085008329	-0.0	0.0	0.0	0.0	0.0	0.0	0.0	0.0	0.0	0.0	0.0	0.0	0.0	0.0	0.0	0.0	0.0	0.0	0.0	0.0	0.0	0.0	0.0	0.0	0.0	0.0	0.0	0.0	0.0
SRR21280518	0.18277181981362878	0.44858069190238453	0.03950362886987392	-0.32493948766401065	-0.08033074690151175	-0.04032259847064104	-0.14460350951865247	0.05159144346151035	0.02956377205217812	-0.03692022969158325	0.09073936701339247	0.06666476199767925	-0.017419061352604667	0.040718870986049406	-0.054366053540556326	-0.07971072297889625	-0.03297630574281023	-0.048824305559449624	0.05278419555536374	0.048036952605841884	-0.051263652904269874	-0.025994649190503726	0.17532398102071564	0.01954211401700952	-0.10776112289666794	0.05993297400826449	-0.03215853899281413	0.02479247246699324	-0.0340402404560407	-0.043498631214921236	0.014622480506526397	0.005790038693208495	0.04322621046324423	0.03127790413310701	-0.002430415133041859	0.025496191707693	-0.0027074612837060127	-0.022190451447559364	-0.009758571888605997	-0.0032892412833164845	0.0016885180409365065	-0.0053057186691012935	0.01052731961075796	0.012719595909353221	0.007265199895061879	-0.0017167540378241195	-0.009090503716696188	-0.004565919446480731	0.004253503706366737	-0.0004292014404632337	-0.0	0.0	0.0	0.0	0.0	0.0	0.0	0.0	0.0	0.0	0.0	0.0	0.0	0.0	0.0	0.0	0.0	0.0	0.0	0.0	0.0	0.0	0.0	0.0	0.0	0.0	0.0	0.0	0.0
SRR21280588	0.0812778974439537	0.10466440813147349	0.4088720118693176	-0.004494861580734816	-0.2775269618083999	0.12117125209957909	0.15678578494279613	0.054844151700199115	0.0006980836301867618	-0.06226031460855814	-0.016493000981626104	0.017278078210484594	-0.024853580966901483	0.060296355427048316	-0.015073594580646105	0.0992126840653353	0.1375011942048749	0.01589461348245839	-0.0438343874094614	0.13777959873237355	0.12325341040975647	-0.017825818837556767	0.04927389149428944	0.13901951841547552	-0.04724379989087583	-0.040717532043009944	0.0169093582866965	-0.0065304557396949105	0.041815315721294224	0.010448737439104069	-0.058559440881973596	0.05222145302527064	-0.009155417045907194	-0.020378622889178497	-0.031270075430821956	-0.0208847654566216	-0.003308339573038075	0.009450712911989699	0.0036727383239984215	0.0030820752496240346	0.001247611671370053	0.00667597590201283	-0.0004030905175311206	-0.00805829457177886	0.0027306013251717953	0.009525731247316418	0.003406806729237554	-4.430175248126728e-05	0.0012722277670579073	0.0007781890059106328	-0.0	0.0	0.0	0.0	0.0	0.0	0.0	0.0	0.0	0.0	0.0	0.0	0.0	0.0	0.0	0.0	0.0	0.0	0.0	0.0	0.0	0.0	0.0	0.0	0.0	0.0	0.0	0.0	0.0
SRR21280622	0.26228714220391625	0.20667135831566497	-0.18262994080164033	0.17027408525259083	-0.02654006699326384	-0.06660247120866572	0.13012185607508572	-0.08336556840538784	-0.11169246867926752	-0.06480972194137638	-0.18668960780496346	-0.004160091438645705	-0.039701720321528106	0.08225608397519513	0.1534977270425654	0.013907565595414477	-0.011591328416251049	-0.10389569859988912	0.0030190105274824942	0.04960072436907575	-0.004772460385667253	-0.006058263754650579	-0.03352623147488251	0.002957265738432558	-0.04219561139880994	0.03953785979946174	-0.09129988980617836	-0.023387775217484304	0.012510427233677967	0.04487969020080392	0.032197798357236795	0.014585685148182646	0.0032221921303828196	0.02593287035547842	-0.009510824490950592	0.022112990896074894	0.001908545202573648	0.009227088089440613	-0.004412486958553401	0.009957948868691653	-0.003264812361179589	0.007049531625347492	0.006062815381776772	0.0033566339366475346	0.01176623526684406	-0.006665676503395669	0.005389650490082958	-0.005856348460007676	-0.001512466591145905	0.0016288105157740893	-0.0	0.0	0.0	0.0	0.0	0.0	0.0	0.0	0.0	0.0	0.0	0.0	0.0	0.0	0.0	0.0	0.0	0.0	0.0	0.0	0.0	0.0	0.0	0.0	0.0	0.0	0.0	0.0	0.0
SRR21280623	-0.26826547820656205	-0.04809098997853463	-0.1071231114071499	0.008672198820491188	0.012671193757467409	0.007643335933648742	0.0922524039618522	-0.016157786547327267	-0.06698889346419627	-0.06400031619485468	0.025258259847765453	0.017393378822181317	-0.09659511719787289	0.06917096780225963	0.016041293385167476	-0.014397539143571152	-0.05217661740184299	-0.06323957579710845	-0.0557994160210971	0.004741043553101967	0.029159749783655913	-0.036923737660617136	-0.00719781864239112	-0.04145631631251657	0.027354445999185625	-0.009511329797149288	-0.025240167385929265	-0.008157636353402378	0.04654767390906225	0.028230530159663626	-0.0381610541603814	-0.009765972563434429	-0.016588547633376697	0.01092354762709046	0.015362984979938061	0.034756822771555625	-0.0214525592860682	-0.019664649638913553	-0.023597776855842547	0.015635681488953616	0.02026365891266845	0.0019381788949764695	0.0002660485902922561	0.0012687667440290282	-0.011098460153294909	0.012879077636900646	0.0038187510520583026	0.009399532448537935	0.01963060165010895	0.003663546557319763	-0.0	0.0	0.0	0.0	0.0	0.0	0.0	0.0	0.0	0.0	0.0	0.0	0.0	0.0	0.0	0.0	0.0	0.0	0.0	0.0	0.0	0.0	0.0	0.0	0.0	0.0	0.0	0.0	0.0
SRR21280624	-0.32542739399656817	-0.12629160810146528	0.02555452033803218	0.012949430780961542	0.0906849415278071	-0.03927990537078868	-0.01419112596095504	-0.036577598154125424	-0.005495308201087465	0.001149262123906612	-0.007894240442559975	-0.006699111161404241	-0.022942799780237874	0.04229213054329954	0.011187245638862631	-0.0030107087600688503	0.05841657952857388	-0.06342132963342713	-0.05512949696675675	-0.011332438896275497	0.005360890403495169	-0.031160663956543048	0.03661701091570063	-0.031479763660716864	0.0553962846336358	0.023772598926383445	0.007373313097365482	0.02174722596718254	-0.013373688694986974	0.052511515661014134	0.02356468820740742	0.07985642036000377	0.0011979419725461982	0.009408327451048611	0.01655504226628738	-0.018114076884120447	-0.029920170498266344	-0.052261748614724414	0.01621824488884913	-0.04952207469796876	-0.017898258479268632	0.007027912686500946	0.0240627985701172	0.022861979280556267	0.0014864385000071126	0.020414470866421782	-0.020600006293066568	-0.00802353636469108	-0.00546924418179819	-0.0036227387588629403	-0.0	0.0	0.0	0.0	0.0	0.0	0.0	0.0	0.0	0.0	0.0	0.0	0.0	0.0	0.0	0.0	0.0	0.0	0.0	0.0	0.0	0.0	0.0	0.0	0.0	0.0	0.0	0.0	0.0
SRR21280625	-0.4745362970632014	0.04107000163165129	0.0016388281967454062	0.03142523993039926	0.10488216312134913	0.061017878793456395	-0.018133894325504107	0.012165008952419563	-0.010246896185289126	-0.057253532411173653	0.03975116462914707	-0.03591536902493619	-0.007605033719286556	0.0024451639877716923	0.0034852239041721343	-0.03622861844734117	-0.012067322550465593	0.048091113465877584	-0.010671113342844289	0.0018090888639782834	-0.027087862395378606	0.004659790504932478	-0.046098646271077195	0.008362732323340519	-0.06424116088039304	-0.01894126368798861	0.013353739453210549	0.02579126684824199	0.032802416363760425	-0.035295838970965186	0.016728528704037775	0.02842794520853047	0.011857646488064177	0.002907716307031966	0.005291632787995662	0.007443468180336033	0.01923167320289356	-0.012867580847254999	-0.0008488047724694785	-0.01059215409378678	-0.013696100326504639	0.012397816384791446	0.0016186362076406654	0.014730237339044529	0.006112208627170103	0.008701443226560432	-0.009304634216325023	-0.002733529370652918	0.001639275672939865	0.001685521108076771	-0.0	0.0	0.0	0.0	0.0	0.0	0.0	0.0	0.0	0.0	0.0	0.0	0.0	0.0	0.0	0.0	0.0	0.0	0.0	0.0	0.0	0.0	0.0	0.0	0.0	0.0	0.0	0.0	0.0
SRR21280626	-0.1748418693867279	0.1587761833840407	-0.20315537024804947	0.017788010004880513	-0.2043382941766386	-0.01579070553287333	-0.060766926610208334	-0.0884701538657882	0.022528990273470294	-0.04417736578405029	0.09589124387664064	0.031272629688656475	0.05656043979970624	0.050569558477188935	-0.061466615265607635	-0.05485259967365306	-0.037439467940386155	-0.024884739203551755	0.0186030796884005	0.008750306050073566	0.005695672479870318	-0.0019419836446156503	-0.018364184761161126	-0.035459600459636656	0.01703066194770711	0.06589583937664378	0.024322274425874583	-0.0036763311151413987	-0.01840905402284682	0.030628595231038273	-0.023720262930681572	0.08348602702935934	0.03343733434585683	-0.02936600333033359	0.019345301271424302	-0.06659024780457161	0.007999291941821082	0.006302937196707556	0.01652076529487267	0.024903012446100277	0.00208141439984191	-0.0028045214162853538	-0.008418077302208981	-0.0018817779282846731	-0.02936698948956174	-0.004409429165524507	0.010605834552744414	0.002916197162704812	-0.004274046060862755	0.00651559444133474	-0.0	0.0	0.0	0.0	0.0	0.0	0.0	0.0	0.0	0.0	0.0	0.0	0.0	0.0	0.0	0.0	0.0	0.0	0.0	0.0	0.0	0.0	0.0	0.0	0.0	0.0	0.0	0.0	0.0
SRR21280627	-0.31615241102549024	-0.13398788958586985	0.012257946693092589	-0.0632222006669438	0.048981062697230016	-0.0647050408347806	-0.00834384121697896	-0.007930288060043962	0.02206029204582461	-0.03646279924164141	0.0008898307538629086	-0.024638667255543964	-0.04185339608839083	0.04193319967067513	-0.015469424782180576	0.026963992014607155	-0.004387781470060025	0.03552668131743959	0.06248828906188253	0.024494556052571358	-0.045975930820732806	-0.05320090074711118	-0.021968425375952606	0.018700358761334208	0.045878978792480554	0.10418187311948944	0.021372263735179867	-0.040879369388376906	0.03768262418079726	0.03292587367835832	0.008251655157129304	0.010823490039808311	-0.015532408268525276	-0.011410189234103073	0.016355805755684075	0.024134200805849795	0.0014741717740091355	0.0114466147418481	-0.004325442280405131	-0.016183518725783216	0.023411990007036733	0.01174615729437555	-0.008746173952493783	-0.0019922567297212235	0.0008481163593795275	0.01653308211934818	-0.014697597696905746	0.009498423338783918	0.005668354414815863	0.0037929835765681437	-0.0	0.0	0.0	0.0	0.0	0.0	0.0	0.0	0.0	0.0	0.0	0.0	0.0	0.0	0.0	0.0	0.0	0.0	0.0	0.0	0.0	0.0	0.0	0.0	0.0	0.0	0.0	0.0	0.0
SRR21280628	0.03766585166568829	0.2013468488242227	-0.1778180519180354	0.09082095915010704	-0.22819881236085915	0.014031203800684875	0.02306846292462732	-0.14841929257184858	0.017185478878371158	-0.05401972580421206	0.05571502834370172	-0.10749799914369566	-0.22265577399386494	0.13409059544313728	0.01269844334694814	-0.07338940285025343	-0.03241513707202194	0.12864069200401526	0.05953339577178609	0.039346430919136866	-0.06791719776485365	-0.024399638749598183	0.011478932624908468	-0.06349818900620754	0.05325319925105256	-0.037518036091950493	-0.0094260847757975	0.027891130853465833	-0.012214405826636271	-0.04067721264150745	0.022561596298768517	0.022180085225804412	-0.01885050586818734	-0.008721104697421383	-0.04740184997357887	-0.004146690859237749	0.01625108122445072	0.012832420381663101	0.016233915162127625	0.01801481116985111	0.0035510475814914838	-0.015329401430485824	-0.0201538376421511	-0.018487033280822122	0.007574709011379371	-0.00670471820463836	-0.007462779098672504	-0.00032670415913923633	-0.00010836902300146208	-0.003931370541465131	-0.0	0.0	0.0	0.0	0.0	0.0	0.0	0.0	0.0	0.0	0.0	0.0	0.0	0.0	0.0	0.0	0.0	0.0	0.0	0.0	0.0	0.0	0.0	0.0	0.0	0.0	0.0	0.0	0.0
SRR21280630	-0.2834826412422756	0.161697611324285	-0.14328644586708253	0.06578971424291169	-0.12168822777212725	-0.010111426616269903	-0.012573169968899636	-0.0624937718222126	-0.03808351915694087	0.05591391757759896	-0.10731833248997383	0.054881261879253684	0.020211243741379684	0.006594924039386806	0.029068443320584163	-0.006992429972422056	0.01907509898330879	-0.04324979741757271	0.04082704756945721	0.07555605530750148	-0.045180641602614625	-0.08150253783432918	0.004278976514446901	0.04018514647105724	0.03234930937071811	-0.01797997683956413	-0.06120285500912158	-0.026539603112619298	0.0031684426278837004	-0.07924043171519582	0.0176952408147696	-0.061491364216205775	-0.052209426733299535	0.018421232679922232	0.019130113467866028	-0.07283192965754584	-0.022183056107797212	-0.023415565160120628	0.01726120627775823	-0.013610843352982299	-0.013196383932910857	-0.0052304139768001206	0.0018679592952068947	-0.0005730693859429996	-0.006857005222719278	0.005186419246243261	-0.003658825848785331	-0.0029872258161497476	-0.00735323932270595	0.0017093608601854433	-0.0	0.0	0.0	0.0	0.0	0.0	0.0	0.0	0.0	0.0	0.0	0.0	0.0	0.0	0.0	0.0	0.0	0.0	0.0	0.0	0.0	0.0	0.0	0.0	0.0	0.0	0.0	0.0	0.0
SRR21280631	0.14213117377696552	0.3991669911853296	-0.03870653191899565	0.4349324193226945	0.038943504078420066	0.07821622866600593	-0.18769173842754977	0.016889442825642097	0.0024429361887952803	-0.16068280588605863	-0.06290879777159078	-0.0794880750810667	-0.0008974328991068101	0.0038662965216761684	0.05139497647113606	0.13558635724083515	-0.046133818110280216	0.021649140256268393	0.017172557921069243	0.08798122158355824	-0.04577574280871857	0.04204853261922564	0.08817958289019492	-0.035610587390398164	0.02481049288143097	-0.024828289334527572	0.08150594381513522	-0.003699372597442165	-0.046634386888513464	-0.028521220587349405	-0.03404913327553393	-0.0465165536269969	0.0005915052788012496	-0.03380201886452755	0.03491404555706263	0.02264529268292442	-0.012495932492098554	-0.01595237401927828	-0.008478541044130958	-0.008991768389508601	0.005824018195938933	0.0011873916546669965	0.008780646731976581	0.015058873045434391	-0.012134012934028467	0.016131231089311183	0.008061568526758309	0.004720458074683072	-0.005635210953421453	0.0009170881853440745	-0.0	0.0	0.0	0.0	0.0	0.0	0.0	0.0	0.0	0.0	0.0	0.0	0.0	0.0	0.0	0.0	0.0	0.0	0.0	0.0	0.0	0.0	0.0	0.0	0.0	0.0	0.0	0.0	0.0
SRR21280632	-0.23316474223852815	0.22025682296780114	-0.14319194790834874	0.22498912998474402	-0.07095074462045825	-0.016748171485571756	0.007198659159540698	-0.021118843073192332	-0.11122733957158144	0.0882841378907595	-0.19750463938009113	0.008772873614001104	0.022613000084788285	-0.10476732616604928	-0.0018787104113692815	0.059608814914027836	-0.03950929716053995	0.047082421502324584	0.011893349337457582	0.01171847893873893	-0.015652780010569797	0.03941505728802887	0.013975458011408337	-0.02438191352339598	-0.06690862688436706	-0.0004700937278122115	0.030338985290962416	0.03487631265181622	0.004066661999648574	0.06289210090867517	0.018501534851582926	0.019325001191859505	-0.015021046044538884	0.02987321299246803	-0.020523898782461854	0.01248774766382236	0.0053025136890621155	-0.0021129499206518857	-0.0030775456643042614	0.006652017361992881	-0.000910150285143962	0.028825400245382236	-0.002737615746957465	0.0033301832255565877	-0.017633576373397315	-0.01982372155157281	-0.0059285120830299635	0.0013861333962147154	0.013865394110988126	0.00177523375136037	-0.0	0.0	0.0	0.0	0.0	0.0	0.0	0.0	0.0	0.0	0.0	0.0	0.0	0.0	0.0	0.0	0.0	0.0	0.0	0.0	0.0	0.0	0.0	0.0	0.0	0.0	0.0	0.0	0.0
SRR21280633	-0.19827319441826882	0.1919382847608134	-0.20346224905045662	0.07595324054026675	-0.17713433027270417	-0.041274318500026975	0.018249839514722765	-0.06635598812627667	-0.002606327552446177	0.025770666998517187	-0.010980109136850687	0.009597832616565218	-0.007105106931034064	-0.008683673373160797	0.0685935562544124	-0.005650261388598197	0.0035947064405371853	0.0002762166310546185	0.028124532561793394	0.0030404795960544016	0.017426072138284787	-0.044639922960248234	-0.037838379507495704	0.012299033546784202	0.03172489300074723	-0.016003854910261062	-0.019537118575916862	-0.016720693805106	-0.03548396660049532	0.014871664554472218	-0.05708294876784983	-0.014193415149208691	0.06529472036552872	-0.017639603574619158	-0.0004665797337506019	0.03625048757294202	0.033465999589168086	0.024088268420200613	-0.004430967911760114	-0.033314069438975635	-0.02274708724538305	0.006866942440498717	0.03012986461420781	-0.001300194827187001	0.02313496676679157	0.0047603721954584625	-0.006854088415566423	-0.01460355967164375	-0.0022080242701606116	-0.00880264125167687	-0.0	0.0	0.0	0.0	0.0	0.0	0.0	0.0	0.0	0.0	0.0	0.0	0.0	0.0	0.0	0.0	0.0	0.0	0.0	0.0	0.0	0.0	0.0	0.0	0.0	0.0	0.0	0.0	0.0
SRR21280634	-0.41349263097426847	0.06616312660925859	-0.047575644491665695	0.04420532048595542	0.08957420234453281	0.02532657542694922	0.013516593310062924	0.024276941376929997	-0.03216357356090799	-0.004361182355632142	-0.03724204052797821	-0.06419093768794377	0.011286993834129977	0.033032030233629626	0.010145766997196557	-0.0031893330444086954	0.07443025130622541	-0.015348104660998329	-0.0254202234879238	-0.016654561483292155	-0.005742159322039619	0.0209763746459301	-0.04494350073360935	0.025188990694430504	0.07000914286810739	-0.029759615119125924	-0.04251144586010071	0.010538776988483966	-0.011254627612228483	-0.05906343031033546	0.01916190829972278	-0.006486561458684954	0.06189631589420944	0.015238611430789376	-0.037123468923820874	-0.007638017834008976	-0.0331947587353118	0.012933890007459627	-0.011238055265836733	-0.013828907650954458	-0.008499997684389343	-0.0023663783493412206	-0.013393561485536793	0.00040973245305572846	0.0012277249568968507	-0.014605144471375649	0.002500862173425135	0.009379796122722278	0.006540011245049854	0.0013719712346035866	-0.0	0.0	0.0	0.0	0.0	0.0	0.0	0.0	0.0	0.0	0.0	0.0	0.0	0.0	0.0	0.0	0.0	0.0	0.0	0.0	0.0	0.0	0.0	0.0	0.0	0.0	0.0	0.0	0.0
SRR21280635	0.0661207155182223	0.33671108339750805	-0.20530093403728078	0.1104062324383256	-0.18252297240494122	-0.009670369350826316	-0.08331603089091763	-0.045328769613436945	0.06150694182893898	-0.02908384098597416	0.11138257867207571	-0.09086483452736108	0.013961540875186428	-0.027173992654207363	0.05030734852116061	-0.054573077815983466	0.17256693705206524	-0.0062530251051980575	-0.08738541369252002	-0.0966905428558235	0.07716625727025503	0.007813973736779823	-0.042135809497953244	-0.01566237901484917	0.002157045413291268	0.04299219562064244	0.01995394984154096	-0.039987737918561736	0.017218498757366297	0.028812734933231585	0.016793885433047707	-0.02932976486385483	0.013458814015585205	0.016859069711431827	0.011326319817400891	-0.014801119861889445	0.021417833418689282	-0.011424550832435347	-0.025138852528298485	-0.010869132620542331	-0.0032329844540934503	-0.01571893303117135	0.000872508485625496	0.011381956639479477	-0.008025163598626713	-0.0031423456895683377	0.0009368771950071497	-0.007380577617079066	0.004264892684725297	9.011870452492167e-05	-0.0	0.0	0.0	0.0	0.0	0.0	0.0	0.0	0.0	0.0	0.0	0.0	0.0	0.0	0.0	0.0	0.0	0.0	0.0	0.0	0.0	0.0	0.0	0.0	0.0	0.0	0.0	0.0	0.0
SRR21280636	-0.296097479586841	0.21462243175570855	-0.16647329111707002	-0.15057242117115058	-0.10892903562548112	-0.01597840509438574	-0.08389716455644057	0.00040103856448954294	-0.004251389402901827	0.049813539800181245	0.041634682724751036	0.02633453965889598	0.0580133860866994	0.013395822989271668	-0.0714311962546802	0.000720557172837536	-0.0275377755234742	-0.018145965803021535	-0.04089709804061382	-0.05340953995894702	-0.014176092582757916	0.04212533580983143	0.0671258881661875	0.02149560162193825	0.0300292954135775	0.01637972082387364	0.03275298955496336	-0.02478886747585812	0.030235379667213826	-0.037846752208525875	0.018482278859582903	0.004052655354732218	-0.015157071285683764	0.021897876673489886	-0.042531984948406355	0.01805572433436351	0.021646363900490136	0.009466415389604195	-0.005545393819228183	-0.016379295725409318	-0.005983029577716903	0.022854685482180014	0.0007089824507626237	-0.009067036033990518	-0.000917284745531318	-0.004257894892764678	0.01479698367799229	0.0019033346746044897	0.001957292029207725	-0.004828501002679967	-0.0	0.0	0.0	0.0	0.0	0.0	0.0	0.0	0.0	0.0	0.0	0.0	0.0	0.0	0.0	0.0	0.0	0.0	0.0	0.0	0.0	0.0	0.0	0.0	0.0	0.0	0.0	0.0	0.0
SRR21280637	-0.17661342044632933	0.18161233929421733	-0.16103642643038565	-0.047260061665515794	-0.2416372205752208	-0.03263827954730053	-0.04757536703219807	-0.11941715162106095	0.019071750035808337	0.0199254035229423	0.022761664057756023	0.044636856156768524	0.0970977675762069	-0.09249615318874574	-0.015321417960279951	-0.07577299233915448	0.0065720049909884165	0.037028571981497845	-0.08851547118613148	0.040425857613352344	0.03716638880578281	0.06029851914098094	-0.06166519303732551	-0.0005937632069877735	-0.07876516680670642	0.024187825535192015	0.010403030048574548	0.014564523635448653	0.01618130980625522	-0.024296356989509788	0.019298398895777547	-0.04045545355843368	-0.03522109122358383	-0.0032135464404521594	0.030577366086931818	0.02162884265209043	-0.05576196070152893	0.004341779989617006	-0.007578513982527426	0.011185704780081743	0.02351643090253101	-0.024031629488822558	-0.005219412469214297	-0.0014412113311053324	0.024237412515758824	0.008979091453562214	-0.015481812799174221	0.013540750974449397	-0.00533560067069048	-0.001583825136772527	-0.0	0.0	0.0	0.0	0.0	0.0	0.0	0.0	0.0	0.0	0.0	0.0	0.0	0.0	0.0	0.0	0.0	0.0	0.0	0.0	0.0	0.0	0.0	0.0	0.0	0.0	0.0	0.0	0.0
SRR21280645	0.31764715695708495	-0.2559342563379509	0.11757987551390463	-0.006336724735621467	0.03091380462944774	-0.15214701849794166	-0.02809012847163793	-0.03365993037517324	-0.05594863050684751	-0.0741693248753287	0.003267053088481852	-0.011710734994118994	0.04143936822775207	-0.00589829200213824	0.021596678341392478	-0.03884017165111521	-0.03173075599054454	-0.027838148126572437	-0.0017390007915596378	0.025008071788682914	-0.017217206854551515	0.007254934092271798	-0.0019942231729618526	0.06252310498696907	0.014140727723025008	-0.03904643880966187	0.08486515832369447	-0.1072607969080855	-0.09933330658747853	0.014813597273369561	0.009559138378383205	0.01691112147819649	-0.010650524053396379	0.09152918890640341	0.0018926682048789273	0.0077618133912673555	-0.012481694020827917	0.0001256875828841584	0.027243467002252785	-0.008733054564056817	-0.010933050491524024	-0.02593946985820408	-0.024647985238534512	-0.0032423850298641073	0.001053903953591877	-0.0005545086156771537	0.00776261432664995	-0.011522092856106288	0.010383321860414893	0.0014918261456765534	-0.0	0.0	0.0	0.0	0.0	0.0	0.0	0.0	0.0	0.0	0.0	0.0	0.0	0.0	0.0	0.0	0.0	0.0	0.0	0.0	0.0	0.0	0.0	0.0	0.0	0.0	0.0	0.0	0.0
SRR21280646	0.043216577838210125	0.1815694413699244	0.4994550777403119	0.05267412627260804	-0.2184502365312415	0.16623657765776553	0.02392193355454639	0.03474024479596385	0.011982351914835999	0.01998628154825765	-0.004883413971906292	-0.29964408684360005	-0.04923009584156237	-0.18531050936076007	-0.10391387900879669	-0.03244211636143	-0.12531161889840517	-0.17497315960000384	-0.03763852594758675	-0.040740133387313616	-0.07485271142392833	-0.032497711197831805	-0.054892770658105314	0.01569966225176169	0.015312247665490178	0.000996264970859276	-0.030283791514227325	-0.012832314316876196	0.003567762211414888	-0.002119808465906589	0.0029860185587618398	0.009174210207256105	-0.0058473714521454605	-0.0008599351281996406	0.004926219524557454	0.003990166776719535	0.009584236416740662	-0.006505354279443453	0.007767130124366124	0.0006956359728569923	0.0025029842695998626	0.0026247583940236514	-0.002471907205569397	0.0009460288159038491	0.002244841548277284	-0.002085243267648392	0.0010810421542541938	0.0006697303578579217	-0.0018063148100324617	-0.0017185091727047366	-0.0	0.0	0.0	0.0	0.0	0.0	0.0	0.0	0.0	0.0	0.0	0.0	0.0	0.0	0.0	0.0	0.0	0.0	0.0	0.0	0.0	0.0	0.0	0.0	0.0	0.0	0.0	0.0	0.0
SRR21280647	-0.3821768797527021	-0.12114327524718892	0.07497967310132783	0.001911498890031244	0.0915943359338937	-0.021661871144434595	-0.06262658484176296	0.04055090378671089	0.062392087636882226	-0.006551527030430298	-0.0005551617902982164	-0.011953514286485391	-0.006049361830715113	0.010049290803345259	0.023755100670955355	-0.012482456797147051	0.052877574894326304	0.00573823325469335	0.009458833716539933	0.02399155223288449	-0.01790047745347253	0.024405846158424782	-0.0526859383213204	0.02973834269652985	-0.03385494625474524	-0.00869132368056093	-0.017378835603282152	-0.01228212066202242	0.012478510209790999	0.0024851772092190365	0.010278013798327112	0.0024358392872080798	-0.025806847578439464	-0.025507338222582422	-0.007639521439721949	0.03292328203432229	-0.019781529240585412	0.027162563861342245	0.031298881851298865	0.022075348202815582	-0.02585362237175256	-0.024515798192017855	0.013783536825655432	0.017055172077498106	0.0034834337448564905	-0.023284651249926677	0.005317483629803427	-0.0057002392614721765	0.000910108927585139	0.004458507518335053	-0.0	0.0	0.0	0.0	0.0	0.0	0.0	0.0	0.0	0.0	0.0	0.0	0.0	0.0	0.0	0.0	0.0	0.0	0.0	0.0	0.0	0.0	0.0	0.0	0.0	0.0	0.0	0.0	0.0
SRR21280648	0.172756321752122	0.005839256734059975	0.20581382542914758	0.01463715005116425	0.048007346060660275	-0.08274333419674791	-0.05423165053470471	0.017576596768356233	0.4073996709023038	0.20733345763775243	-0.08874666572425302	-0.15203378402270454	0.11194064426208623	0.10428238450751473	0.19857639145925254	-0.01836423531581118	-0.11453791935530475	0.07532931495244517	-0.03925213684466693	-0.0023372335607976837	0.08992269920361455	-0.05535546336662699	0.03145587034137598	-0.03145360300869815	-0.016491852264529195	0.01601835293696328	-0.005341600639834944	-0.01217625023923375	-0.005088709725197298	-0.00854982239795671	-0.0025379213593362767	0.008450892808346584	0.008249463716277394	0.0011851744638705678	-0.006329200633839876	-0.005646467158238327	-0.015667902413167064	-0.007578469680644837	0.0013882388952292967	0.012878340053228946	0.00033925397451961694	0.010234480825302785	-0.0039442981448192475	0.00042769164562027036	0.0012131000200548134	-0.001705950470398314	-0.0009318787877282803	0.0008937425880645763	0.0022585760017349685	0.0009193587570677417	-0.0	0.0	0.0	0.0	0.0	0.0	0.0	0.0	0.0	0.0	0.0	0.0	0.0	0.0	0.0	0.0	0.0	0.0	0.0	0.0	0.0	0.0	0.0	0.0	0.0	0.0	0.0	0.0	0.0
SRR21280649	-0.511176614722167	0.010050887416590496	0.13624499957882363	-0.005211984485581891	0.10515446937944979	0.07344521032822741	-0.05105292280839927	0.042975723191358374	-0.0036174655686586335	-0.06141129360529512	0.04779896542629145	-0.026107746474533063	-0.015562874625048231	0.003679926329344929	-0.007225827317023508	-0.01843695238989051	-0.013789044692922962	0.0006377395736179943	0.01947114824514829	-0.0012317715209046963	0.01167274582150019	-0.01782653840433593	0.015802286254499413	-0.01608276919106255	-0.038390662906962116	0.020401704948284978	-0.00605297125020536	0.012032374861936243	-0.0311863346525517	0.022384861317199453	0.004875323904063749	-0.01822446851001155	-0.01851096565410497	0.03545688071677523	-0.014660725063306816	-0.018754873054414856	-0.006350834639703248	0.03905159616222464	-0.005800407837969028	0.006808417639339942	-0.0023404438627258888	0.0027720134726866826	0.019300244699436687	0.00783487200860184	0.004905135315489174	0.0018077873277043347	-0.0026281290381890655	0.013591211533541297	0.0015593878713596658	0.0024633036284782217	-0.0	0.0	0.0	0.0	0.0	0.0	0.0	0.0	0.0	0.0	0.0	0.0	0.0	0.0	0.0	0.0	0.0	0.0	0.0	0.0	0.0	0.0	0.0	0.0	0.0	0.0	0.0	0.0	0.0
SRR21280650	-0.4440180775196059	-0.0071482875306160595	0.0532116024552373	-0.004194284658566969	0.10004018514195767	0.03571818629099782	-0.01300213892201745	0.04112637048632252	0.01652832118574586	-0.0392896272972309	0.01539300371752351	-0.012829822236988517	0.01928293075920152	0.0031770281924590068	0.0008217085672192387	-0.012763807260576077	0.010985705322073856	0.026438437299027725	0.0057178080261116385	-0.005799213295553821	-0.015482923568670384	0.01111677941488154	-0.018481753486649058	0.008113623352768502	-0.05768999868806399	-0.04100724945578483	-0.0033338219200103915	-0.009595300715022332	-0.02366574537879794	0.027729907723134616	0.016279642664300018	-0.006678065060725133	0.01716531388267361	-0.046694014094568276	0.032153950584179754	-0.00020799671131009197	-0.003964810789908921	-0.021034459505548244	-0.022577088058419986	-0.004581335192060745	0.03062245711038005	-0.01604850508799145	-0.03360483455760752	-0.03200087397459526	0.007633205909748662	0.014721221928610664	0.010084534142241771	-0.02535590455162685	0.00848621782328115	-0.006302898380493116	-0.0	0.0	0.0	0.0	0.0	0.0	0.0	0.0	0.0	0.0	0.0	0.0	0.0	0.0	0.0	0.0	0.0	0.0	0.0	0.0	0.0	0.0	0.0	0.0	0.0	0.0	0.0	0.0	0.0
SRR21280651	0.39154612324980986	-0.28900259454366367	0.03639117622570384	0.04936889931972086	0.09769606618918142	-0.1190502971374588	-0.1052201413580352	-0.02012387805619886	-0.09263592274260414	-0.03715079093744414	0.03036677223484835	0.04332501134397796	0.010032200986914395	-0.009253940937811938	0.00944503913342897	-0.059834258346111384	-0.01819160213563496	0.0245025585076567	-0.02609601834342027	-0.004830759231004531	-0.0415368059553274	-0.08200853650291391	-0.023893541316423534	-0.019745216004932602	-0.01951939947916847	-0.04707621945266428	-0.020713767928598227	-0.020262491810866826	0.02194376561974556	0.0033421270269297057	-0.05201991306694075	0.045820090836903866	-0.004232395659389738	0.007569681270828476	0.0008393447396005444	-0.0244952567353812	-0.004575874232600593	0.003685131652500453	-0.03651882150313503	0.03482277864087587	-0.001866205776227906	0.0008100162440641167	-0.004621968421344346	0.02701665890230202	0.011104296387998142	0.006027863749071336	0.0027459612365722487	0.0010057549871517212	-0.02042247551378073	-0.0007751721645125597	-0.0	0.0	0.0	0.0	0.0	0.0	0.0	0.0	0.0	0.0	0.0	0.0	0.0	0.0	0.0	0.0	0.0	0.0	0.0	0.0	0.0	0.0	0.0	0.0	0.0	0.0	0.0	0.0	0.0
SRR21280652	-0.0633652211494523	-0.19284631139910388	0.21858382273837917	0.034661557694571736	-0.1865189187301148	-0.1313283188278441	-0.025502946496881458	0.007019893500938033	-0.018285888230423906	0.05423700575990283	0.017479796763848157	0.046541497141437904	-0.011918006572517488	-0.06452380574860207	-0.06675272923021103	0.04327022141318513	-0.0905977025008057	0.01676017473149975	0.10642039245888432	0.02492415605876225	0.01807443819256338	-0.02347984531750186	-0.057071374768988124	-0.03441342375537402	-0.011877535494674652	0.03516021428295405	0.01096499402994882	0.012193506082593357	0.00406748404850595	0.0031521921169504136	-0.015269260243599163	0.00982255126797369	0.04441445654012666	-0.0034612041629029926	-0.04667719846975159	0.004563888210925116	-0.041672501503216726	-0.005522326309394867	-0.03323073354176572	-0.018882859752912644	-0.016171459832204856	-0.0255827405815388	0.014085964112012286	-0.017449817301532642	-0.01590274714935491	0.015445766582422544	-0.003832317050207966	-0.0004587056795802061	0.0011475512728942518	0.002911819643627608	-0.0	0.0	0.0	0.0	0.0	0.0	0.0	0.0	0.0	0.0	0.0	0.0	0.0	0.0	0.0	0.0	0.0	0.0	0.0	0.0	0.0	0.0	0.0	0.0	0.0	0.0	0.0	0.0	0.0
SRR21280653	-0.2473069145226757	-0.19819806897014078	0.03428031254212516	0.03800298248175109	0.053075784571390235	-0.11379741282694214	-0.06619059986487574	0.017074457819510516	0.03623052883975973	0.02516002216944269	-0.008904426423683231	0.03913009703645846	-0.021217787434934406	0.006613937231337942	0.018751290565500657	-0.042331614174067896	0.03537506756788716	-0.026061139621345115	-0.040429447271657794	0.048048611080964074	-0.026581171797783517	-0.004152460497078421	-0.02283172408485157	0.023816514026683274	0.009870680801076922	0.0046165389039634136	0.023593276618367676	-0.008574130598264285	0.015396341754531173	-0.023416940660532282	-0.005413269281569705	-0.01828257525008484	0.0035681619684908546	-0.010995795958775005	-0.04534143703377452	0.0017701246241931758	0.027500154069890814	-0.048487114844127065	-0.016103368242887987	0.0015217828086650854	-0.021911789855644695	0.0014424513998592895	-0.0317000422584481	0.013862273285152646	-0.003947905602487412	0.004704217088064106	0.007013962139817178	0.03758213246531854	0.001612363469086013	-0.004904159573137924	-0.0	0.0	0.0	0.0	0.0	0.0	0.0	0.0	0.0	0.0	0.0	0.0	0.0	0.0	0.0	0.0	0.0	0.0	0.0	0.0	0.0	0.0	0.0	0.0	0.0	0.0	0.0	0.0	0.0
SRR21280654	0.10255249205077235	0.25377350645925506	0.3225433367486144	0.030034948800955936	0.2838020363260369	0.18396169874299428	-0.09471487799669695	-0.5935390699431821	-0.04280211186868691	0.1818670762590156	0.08675750174132567	0.03607037826008893	0.005731644646254999	0.024323538809698807	-0.045510488915244035	0.07040473149840668	0.03648880339159368	-0.02381779263277466	0.01833765339286727	-0.01385136359337497	0.006485856576547607	-0.0024599192764464908	0.01587192892809452	0.025888260082350248	-0.013904730978379808	-0.010970825927090344	-0.005108259292045989	0.002483345304211285	0.00135126883225358	0.008808472103384141	0.0011182611110267028	-0.007993553658313717	0.008451761987951608	-0.0001547698688001689	-0.00010472870385779234	0.006351974988947873	0.003326946572524664	0.004092136338134609	-0.002516920545847559	0.0023072238329694805	0.0017652523568834717	-0.0005532567334403483	-0.002257718877001855	-0.0024874928050548813	-0.0018955249091686728	-0.0017807205475877123	0.001810820643443925	0.000943454375818349	0.0017203853331632668	0.0005681293701217726	-0.0	0.0	0.0	0.0	0.0	0.0	0.0	0.0	0.0	0.0	0.0	0.0	0.0	0.0	0.0	0.0	0.0	0.0	0.0	0.0	0.0	0.0	0.0	0.0	0.0	0.0	0.0	0.0	0.0
SRR21280656	0.3401286321080957	-0.24030067199456928	0.16662173494905816	0.05251533316444089	0.048410504928680105	-0.2234710015228887	-0.051082378449051814	-0.0011743259618246	-0.10335350921255944	-0.04188261508666084	0.03342096271156965	0.009554918565191247	0.011622485699855582	0.010101127759054458	0.001033213805585016	-0.05675853624079037	-0.018153402275996617	-0.0009896711114275323	-0.021301893753314236	0.008183606087164029	-0.03353421928290768	0.004458126316493919	-0.002528630108410854	0.012736368230595369	-0.04603110925520407	-0.030350779520207278	-0.0287411114904683	-0.03360064917220167	-0.0033799207223922543	-0.0017157317769909237	0.02640084220426706	-0.054358431021815666	0.04646792306039376	-0.073225722455926	-0.024045521288241292	-0.03033805571921619	0.005743702120184979	-0.02523529324099649	0.028901474058378163	-0.01692283958332639	0.038132540374713995	0.01454622777224452	0.015011471068747605	0.009666636753280637	0.01363588273940456	-0.003394120299212975	0.0126368451339526	0.0038317669598871007	0.014144453530137118	0.002174495825183463	-0.0	0.0	0.0	0.0	0.0	0.0	0.0	0.0	0.0	0.0	0.0	0.0	0.0	0.0	0.0	0.0	0.0	0.0	0.0	0.0	0.0	0.0	0.0	0.0	0.0	0.0	0.0	0.0	0.0
SRR21280658	-0.18559996595779454	-0.09021726065953145	0.010577726774763136	0.10987814205805997	-0.06419541014641386	-0.11362872396893509	-0.07969507052770532	0.02714019179763379	0.06305462269728553	0.12418846141022014	-0.01942589601416194	0.025001183876496882	0.06062382585468438	-0.03326009007440062	0.04624707636462022	-0.07232682111856092	0.017694630390869236	-0.0317783510061487	0.018674582783515612	0.00041552024898453693	-0.11853232249194566	0.0035918261737558116	0.034133985351937644	0.06268939776327816	0.02411181442300905	-0.0456439074126549	0.0015221016798641128	0.08010143261612754	0.022738058110217486	0.02398606701931336	-0.005314080218428182	0.018144412232607713	-0.025756597845006415	-0.020888503884212643	0.04774464619116343	-0.010235437364620776	0.0022365017381541477	0.049133198244396305	-0.001496720236807726	-0.016005003424921373	0.010931789987756024	-0.008683173288500302	0.01998433771476872	-0.011542702480568665	-0.00607138396008701	0.0061012040183308835	0.005013398696302986	0.003521078188600479	0.0004495717300696745	-0.003890793844940236	-0.0	0.0	0.0	0.0	0.0	0.0	0.0	0.0	0.0	0.0	0.0	0.0	0.0	0.0	0.0	0.0	0.0	0.0	0.0	0.0	0.0	0.0	0.0	0.0	0.0	0.0	0.0	0.0	0.0
SRR21280659	0.3304353881461343	-0.2420313746461825	0.09375491927926005	0.07093880477286471	0.09409395495981532	-0.2568871832630102	-0.08224153215014046	-0.04623661189270208	-0.07931557366591241	-0.07392919538937481	0.011139647355646364	-0.015782100912259057	0.002877320708473526	-0.0023006476100316353	0.015197994318543974	-0.03626397845244344	0.0172925479275349	-0.0026560559530675243	-0.05838645318106538	-0.018488996526864525	0.015402548315238549	-0.003463177394338168	-0.0070872937989416305	-0.014745704989896458	-0.02451010711638801	0.008355811821277441	-0.024323257513609094	0.010220363115981748	0.01673395468628291	-0.03381837011400199	-0.020700740197909365	0.02848993101041053	-0.04880747871280778	-0.01271775462804914	0.006742240335265175	0.03857020028113849	0.0145900352380158	-0.034025507629374216	-0.0025301157224573863	-0.009835463675941692	-0.01655690433021704	0.029714381296017018	-0.001672995924921406	-0.05072509570228116	-0.020721310483029887	-0.004196147794257276	-0.014470135133417661	0.0012239885974784713	-0.008299437130332871	-0.003809156085434005	-0.0	0.0	0.0	0.0	0.0	0.0	0.0	0.0	0.0	0.0	0.0	0.0	0.0	0.0	0.0	0.0	0.0	0.0	0.0	0.0	0.0	0.0	0.0	0.0	0.0	0.0	0.0	0.0	0.0
SRR21280660	0.0034409244663072785	-0.2633079712235377	0.05795375695704454	0.03677730953379367	-0.04526209193215349	-0.21559182964050086	-0.047737855261625675	-0.03831343738257677	-0.04568426491539847	0.03586512925529038	-0.0025662705270997365	-0.0025585737096614574	0.00829470705488466	-0.08609428092507253	-0.039065700348271684	-0.01146048088779039	0.024598823041131878	0.05320175215615562	-0.026766571874342084	0.0245202409868565	0.021108285468300285	0.015075780659124564	-0.013298861201847137	-0.04083058579965598	-0.018587264348281195	0.03775509484272867	0.01458350256395081	0.02819154608627358	-0.0389116390562607	-0.0167728931695738	-0.03183645151177265	0.00030115967997272337	0.00301033690552016	-0.009009368524947374	0.008192404437847921	-0.0262518778564054	0.015601155847323231	0.010904936300188952	0.038440398212571204	-0.01986355993471601	0.0036338082604478144	0.0337781778675572	-0.02561542187508822	0.005090940941443732	0.021228907668037117	-0.01400955882361369	-0.001718473777101946	-0.006450891238826858	-0.0008957749409780277	0.0030765150886114664	-0.0	0.0	0.0	0.0	0.0	0.0	0.0	0.0	0.0	0.0	0.0	0.0	0.0	0.0	0.0	0.0	0.0	0.0	0.0	0.0	0.0	0.0	0.0	0.0	0.0	0.0	0.0	0.0	0.0
SRR21280661	0.2977224934292327	-0.22816325880876534	0.16401979895271152	0.017364270512072864	0.06618842363640697	-0.2643088612477394	-0.05441197415772706	-0.0076583500267760375	-0.03238101280851889	-0.06233449983399111	0.016043684296492132	-0.051574995696054754	-0.04069056173493501	0.0019488263886245686	0.013933213611304514	0.002802478569609732	0.02159951430571101	-0.05583254125993396	-0.02241554187497365	-0.036282382692337814	0.035263178132206495	0.049136333257499804	0.04297009328992438	0.0004240139079408694	0.030690514819543414	0.0004316166679113492	-0.02328953588009789	0.08063615269681415	-0.0018041236936264693	-0.0074815848422854336	-0.06658137712230808	-0.05223366529162955	-0.004969721528289943	0.02556428744452403	0.0027456402246177733	-0.013617024152009556	0.01265592258111443	0.04212523601375377	-0.029453185384800563	0.033735267723410435	-0.006376949054326799	-0.03061040583744058	0.001790934652377317	0.006919409507861144	-0.001625814498714971	0.007634481900187492	-0.01950743451149001	-0.0026939517680770477	0.0021558246387217758	0.0005006148963547187	-0.0	0.0	0.0	0.0	0.0	0.0	0.0	0.0	0.0	0.0	0.0	0.0	0.0	0.0	0.0	0.0	0.0	0.0	0.0	0.0	0.0	0.0	0.0	0.0	0.0	0.0	0.0	0.0	0.0
SRR21280774	0.16168425212028564	-0.26431557142284745	0.017650844279881464	-0.03432279578749378	-0.0037894480931152785	-0.0812867304359378	-0.03733074251087421	0.013543365223398647	-0.001962788225037086	0.049520273641893875	0.016366061683909163	-0.05062244169989475	-0.0261033349918851	-0.07109766072608474	-0.04616729773856437	0.05392335213815897	0.03356341600134545	0.07745664606907145	0.07354417426936899	-0.03294764368527228	0.07381063368108004	0.05849282729176301	0.042045896844720584	-0.08025528091210443	0.00554333137220544	-0.04334748486694269	-0.07611634664097848	-0.09943604525376168	0.025969884897472015	-0.020803527609880763	0.011679695818009763	0.01581895741235252	-0.02472067463155647	-0.0013797213806102083	-0.01982635347596995	-0.0007662509270537487	0.007103118983359893	0.011659410515360295	-8.28489237885864e-05	-0.03870614377282052	0.008913539997030786	-0.027341216871514723	0.023828164759122025	0.010881601153961631	-0.022267072110843947	0.006923634942921164	0.0028139419539306115	0.011118940037322925	0.0021377748883599245	-0.003307736298642084	-0.0	0.0	0.0	0.0	0.0	0.0	0.0	0.0	0.0	0.0	0.0	0.0	0.0	0.0	0.0	0.0	0.0	0.0	0.0	0.0	0.0	0.0	0.0	0.0	0.0	0.0	0.0	0.0	0.0
SRR21280775	-0.4215150477513965	0.04155558817047723	-0.037231307351936804	-0.03730437835952585	0.06888965868035221	0.04231663032896999	0.010451048826205888	0.024242603453909474	0.03190820433390117	-0.047359260115302636	0.04635071454265437	-0.038111667876661245	0.03269331867900227	0.0035873996423307574	-0.011375194945465067	0.008515525289747077	0.013110823426061444	0.041765988497226014	-0.0026428811598172117	0.010946334956725706	-0.0032533000243905644	0.012423795793054438	-0.02883507752216349	0.05925807797081508	-0.00164653209877796	-0.04354196027885241	-0.010454649931404809	-0.006762607249191401	-0.012428192961113383	0.02084266647037616	-0.009738219961854266	0.0031160892715347745	0.03008350804556043	0.01561198596121958	0.011373975649639404	0.03135574972958286	0.005496614835130845	-0.009463905344152793	-0.00223761524494568	-0.01702836612381321	0.023756794788506796	-0.006257127931902747	-0.008552774655950432	0.008632163709424363	-0.00816143723255103	-0.002675382286065458	-0.007309994682560865	0.021439564182624663	-0.01810405506121623	0.0005658589795708463	-0.0	0.0	0.0	0.0	0.0	0.0	0.0	0.0	0.0	0.0	0.0	0.0	0.0	0.0	0.0	0.0	0.0	0.0	0.0	0.0	0.0	0.0	0.0	0.0	0.0	0.0	0.0	0.0	0.0
SRR21280819	0.15272568032181713	-0.22271980845048892	0.263355506597779	0.03519960388772337	-0.16000987619276602	-0.15041822356777704	-0.020913797302908724	0.01634269891771398	-0.03383604290722713	-0.012238027233039366	0.0037882466583290253	-0.028749046975024006	-0.0720261283231327	0.041312802216124996	-0.011591701730379735	0.034119146743272134	0.10721950287917482	0.01590401516105289	0.012601189985253388	-0.01843539325236817	0.02745008073681075	-0.023474570334255006	0.03039268049544327	-0.021561117137689295	-0.01477596943323127	0.044863596982166264	-0.0011016818313379056	0.013787988242473728	0.007266241692744119	0.03888016616341185	0.1043480711433459	-0.01686213088477523	0.005746538399980944	-0.02682517280786813	0.03328901828841746	0.028402382436536932	0.0057500557715142175	0.02131810408681312	0.008895640902475025	0.0033818302204845327	0.0019620234190695584	0.013621749494137374	-0.005179957218887733	0.009589238293178847	-0.004907120146030959	-0.0053344091750905836	0.013589745181578284	-0.0005590836562164392	-0.012022577133707545	-0.0001488951169977135	-0.0	0.0	0.0	0.0	0.0	0.0	0.0	0.0	0.0	0.0	0.0	0.0	0.0	0.0	0.0	0.0	0.0	0.0	0.0	0.0	0.0	0.0	0.0	0.0	0.0	0.0	0.0	0.0	0.0
SRR21280873	-0.05278380183803363	-0.09093151666888234	-0.12431123808050938	-0.07876541376040247	-0.05174919919083039	-0.07936919447303292	0.06671110789481809	0.010968539568730324	0.03590939017311364	0.06817650331148578	-0.0174099533174905	0.03547792625444583	0.02383855311900419	-0.03593375909661996	0.01896011744258721	0.09222949293366037	-0.017388336941089228	-0.01769329856144846	0.01943997863990818	-0.0567951280950114	0.03936834360010039	0.0032001274100007175	-0.01626718882915417	0.03991729350669853	-0.027867134582599557	-0.022369486998855527	-0.00650426135908356	0.0851990312366577	-0.0613262154922838	7.409568052138988e-05	0.05298474579978547	-0.004036963239995246	-0.012858973729471685	-0.0022877821610845775	-0.02127552318594086	0.013373198914767218	0.05464677877808757	-0.01318447071543514	0.00733144511777614	-0.005167637276863551	-0.018683998665930377	-0.02369788181289721	-0.012760271506662322	-0.005015189538533109	-0.013836483573510664	0.03317005584648189	0.0010492389317873596	0.0019687886457821135	-0.0006236370589921833	0.008231091152830253	-0.0	0.0	0.0	0.0	0.0	0.0	0.0	0.0	0.0	0.0	0.0	0.0	0.0	0.0	0.0	0.0	0.0	0.0	0.0	0.0	0.0	0.0	0.0	0.0	0.0	0.0	0.0	0.0	0.0
SRR21280874	-0.1282330342745497	-0.2082445736068041	-0.10943656034469548	-0.017277195951236647	-0.007986685396060882	0.05659949948242726	0.018936913479032362	0.0024306331615985364	-0.027078594158219657	0.0077276642937464226	-0.009237804252718198	0.048615151645844595	0.05135639148684791	-0.010575707640604653	-0.004747948186164287	-0.010553502476942436	-0.03312376171379815	-0.020803930792556758	-0.020568513440812602	-0.046473082568151476	-0.03202064723654294	-0.04696264477383623	0.053763757840375986	-0.010700080690681846	-0.0408330348516967	0.005907497309210512	0.0060381658939614	-0.07363457106987067	0.05167219438892709	-0.016649376706825307	-0.00199550252426944	0.0024393511987194196	-0.022551747009619094	-0.009177779923106278	0.01852338745084205	0.009813739083296533	-0.02674520873849512	-0.002375363929803633	0.011228528437562484	0.010949878223284875	-0.04099519920500811	0.001762595019631288	0.004759945353744087	-0.022613885367954285	0.006018144617113816	-4.845536446584857e-05	0.006787863678040355	0.0035828864671596755	-0.002340268341374747	0.0058560129451043046	-0.0	0.0	0.0	0.0	0.0	0.0	0.0	0.0	0.0	0.0	0.0	0.0	0.0	0.0	0.0	0.0	0.0	0.0	0.0	0.0	0.0	0.0	0.0	0.0	0.0	0.0	0.0	0.0	0.0
SRR21280875	0.3865738133665415	-0.2609837141173416	-0.048493840191757766	-0.03454119553849573	0.08531895534940269	0.20417816275404113	-0.017631001785889413	0.03594065925433369	-0.006195188242081062	0.022152184322258333	-0.023935918287909114	0.06464249331778711	0.023890418527597476	0.027703415605837053	0.0427809550943566	-0.015518134686056824	-0.019421319825017686	-0.02993491049307562	0.02783955167468523	0.0472815499975311	-0.04872159354819649	0.02251279937947724	-0.06270032742426286	0.00725209932584429	-0.028375578438466872	0.07603044444202459	0.002100472748836477	-0.027365681704207983	-0.028667299124971894	-0.01922888520858633	0.021479335016982477	0.023458549080178838	0.005986171360449542	-0.04231256304288434	0.008982071155834197	-0.00968386917508454	0.0035563326033558264	0.044650228048977066	-0.013221573368807454	-0.0005551413015657198	-0.001753819154150498	0.0066354182227806435	-0.01009624122042635	-0.008508946103921828	-0.0023924788865058765	0.02362071985258696	-0.01480633586028956	0.004774162203127484	0.008222849237997177	-0.004438495395102435	-0.0	0.0	0.0	0.0	0.0	0.0	0.0	0.0	0.0	0.0	0.0	0.0	0.0	0.0	0.0	0.0	0.0	0.0	0.0	0.0	0.0	0.0	0.0	0.0	0.0	0.0	0.0	0.0	0.0
SRR21280876	0.22674608048184486	-0.2378461291020542	-0.060606493273972495	-0.07143269361070284	-0.018324344413544507	0.05272254522038074	-0.013474890980099132	0.012487493657085258	0.005429750665013186	-0.003918722596540321	0.0077275506331319944	-0.05401298960677704	-0.014575144036524407	-0.05057757086055282	-0.07425031958631537	0.06976622092510579	-0.00011369100920785469	0.1253908813457552	0.06016055328112794	-0.012610207212253435	-0.022238502164709205	0.016004050830850818	0.012486482883755852	0.036784045932449466	0.022040216280631724	0.0013428088178985222	-0.006482449026546271	-0.055658997058677814	0.0029596737611814992	0.004357430032118861	0.00959182379098441	-0.012494377624587421	0.03579508363090352	-0.005845335589026952	0.05050183566207103	0.011204127816904077	0.010529445059913597	-0.01442555551571819	-0.020556306480006253	0.04319354724897826	-0.04585345527889951	0.007699354467519611	0.00585519831566833	-0.009039766478318638	0.009810537412195553	-0.003884095118600008	-0.007002683799532187	-0.0043572303877881975	-0.00466156198335507	0.003824004609004572	-0.0	0.0	0.0	0.0	0.0	0.0	0.0	0.0	0.0	0.0	0.0	0.0	0.0	0.0	0.0	0.0	0.0	0.0	0.0	0.0	0.0	0.0	0.0	0.0	0.0	0.0	0.0	0.0	0.0
SRR21280912	-0.1647065428293241	-0.22813239635364038	-0.06079547830890769	-0.023094808654098836	0.04260415078596392	0.009674983963828876	0.014554195995336737	0.02697790534572995	-0.008001263803108115	0.0036182453768789226	0.00742321628131966	0.019594837141259022	0.03409316640343455	0.008548819470463431	0.018497798540596057	0.0039403266028844195	-0.04206970734286143	-0.015620432825294522	-0.003513081397217479	-0.0001554142157934423	0.0010650162110290883	0.002677996158882177	0.047153841401780326	0.016535530587225334	-0.01114131389593381	-0.02238648694646258	-0.026993508345220154	-0.03142126875977304	0.05830194585819791	-0.012611896046017746	0.009404956188357669	-0.030090758454417096	-0.003148416942775604	-0.009699775928077905	-0.024378412795515978	-0.0153882717213531	0.008369395986908364	-0.0033423979492535885	-0.0018530035548998394	0.0041058100288084995	0.02238040097212931	0.00011769966417710075	0.007827325265189046	-0.0024769241641099033	-0.017459385870332623	-0.0058074024202436954	-0.013778845749902499	-0.024102086973883965	0.005999277932722244	-0.003995633249901761	-0.0	0.0	0.0	0.0	0.0	0.0	0.0	0.0	0.0	0.0	0.0	0.0	0.0	0.0	0.0	0.0	0.0	0.0	0.0	0.0	0.0	0.0	0.0	0.0	0.0	0.0	0.0	0.0	0.0
SRR21280913	0.2978031162054548	-0.24599802352154723	-0.06652763972592442	0.006094413081763724	0.006575322249508882	0.1839116228654623	-0.007422456117797461	0.03192582016792302	0.03949209489481004	0.006917986204548544	-0.02485985472372239	0.017348442492387095	-0.013130802935876502	-0.008132648862408262	-0.002666987144844468	-0.016735911435265184	0.020669836783463878	-0.024530409797568084	0.010545370952390717	0.05700547227376789	-0.014718019620624133	0.007509583238138747	-0.014411443152965211	0.028632730048433464	-0.040537797019462155	0.02650269479730339	0.004638375910067847	0.015297741696562478	-0.012162738670597542	0.0024624129057924625	0.019176900641993323	0.0033421190756686915	-0.03512889989802851	-0.028028779772030547	-0.007117054980972712	0.01739282792184843	0.014439785445970278	-0.023134601077660258	0.014995783438906556	0.012850316852190544	-0.005140247771852408	-0.033460645778644264	-0.016366745810980108	0.030721967215410182	-0.03410749929930974	-0.025310620539151722	-0.016020548036817985	-0.011688967598264282	-0.005213996823947846	-0.009208344692625776	-0.0	0.0	0.0	0.0	0.0	0.0	0.0	0.0	0.0	0.0	0.0	0.0	0.0	0.0	0.0	0.0	0.0	0.0	0.0	0.0	0.0	0.0	0.0	0.0	0.0	0.0	0.0	0.0	0.0
SRR21280916	-0.06286652610289081	-0.21237369948677276	-0.10937609597111089	-0.043779409220009224	-0.007223067674791518	0.029262879947207086	0.025562280655298773	0.014889233215294726	-0.02583501028396391	0.04171116254602735	-0.0281079138048466	0.02134937867887761	0.06817207616812505	-0.02954876015136315	-0.016716671406159817	0.025629649578167362	-0.026440479750493597	0.010615413853779631	0.0280969283261476	-0.014507194535332333	-0.011540687993602	6.83166785490945e-05	0.02403459073895962	0.02074648629716591	0.038861579347842026	-0.04778280971579967	-0.004333708839766263	-0.03136778997664465	-0.024290143463295905	0.02785828706951339	-0.016792492304552514	0.03612310139662996	0.01324792572427463	-0.003795262740557679	0.01721899924049605	-0.022287128431326048	0.030191371725990433	0.002010123919403004	-0.023364596042400286	0.01306757745371078	0.02613389711734904	0.00997559622563974	-0.0027523266419323135	0.015450800362149594	0.004813606759512169	-0.02349305031012299	-0.03493205966953022	0.009501208665232897	0.01012663368475936	-0.0004840485589204146	-0.0	0.0	0.0	0.0	0.0	0.0	0.0	0.0	0.0	0.0	0.0	0.0	0.0	0.0	0.0	0.0	0.0	0.0	0.0	0.0	0.0	0.0	0.0	0.0	0.0	0.0	0.0	0.0	0.0
SRR21280917	0.2932585833585587	-0.20211663292589166	-0.10594989550758588	-0.10144065182399037	-0.01678639729335885	0.1648962331047349	0.0028425611248166257	0.027432996258811147	0.05028505707800913	0.009941107605059774	-0.0020950733461253326	-0.010433356083017839	-0.013151196174250515	0.02792651144934435	0.010846225677463423	0.02039786960443086	0.019033857907703563	-0.04146429158382614	-0.0016493828751510914	0.00920103898532043	0.016867702093011555	-0.00950795999102242	-0.03829923254683126	0.040096196527088374	0.04937097351349593	0.02603907972475672	0.0008816569135348616	-0.01550548682893284	-0.037939185953651984	0.008124387269760027	0.0026939677270264363	-0.04800083209073801	-0.006520912341638062	0.02978538166580479	-0.026781061218840108	-0.0037102382328339386	0.013157644188870532	-0.022836902474191068	-0.018915904630645318	0.014736632217920207	0.03311233308488944	0.024077674233356685	-0.0017480875190357273	-0.013540418670782936	0.003446003618437387	0.015060506699075835	-0.014075042597847809	-0.003222845138911377	-0.008997756137768488	0.0021942695950335897	-0.0	0.0	0.0	0.0	0.0	0.0	0.0	0.0	0.0	0.0	0.0	0.0	0.0	0.0	0.0	0.0	0.0	0.0	0.0	0.0	0.0	0.0	0.0	0.0	0.0	0.0	0.0	0.0	0.0
SRR21280919	-0.2167950510350664	-0.2150621738366315	0.01851481200984623	-0.001227238742460508	0.03583500485826234	-0.11165398351869335	-0.04529056694335782	0.011153073770773061	0.029122122092531313	0.024613367181377827	-0.016119586367010198	0.03271607783153546	-0.02601044267222454	0.014758824861056665	0.015939424059202536	-0.010654906517695259	0.04394923098564991	-0.04306647509844008	-0.02939264224366019	0.025696813817362323	-0.014829662982733128	0.021417289855281876	-0.01146731357335925	0.010847482813482634	0.046466145108124704	0.02207135225577256	0.03283912856094418	0.01744198167438997	0.030483571180771985	-0.015999524701683195	0.008462155110524599	-0.0013087211618334346	0.038106620728570524	0.05349311464875571	0.0073135871736745685	0.005052632306752386	-0.00010072990706397396	0.0046910228043289095	0.00371346677334973	0.028779258924215533	0.030049697996794213	-0.005822713534898393	0.013730551715298425	-0.018361689530522866	-0.022020254784735415	-0.0013362480553377523	0.009294430703599742	-0.019607622301999906	-0.0019591817293582213	-0.00045716172909971526	-0.0	0.0	0.0	0.0	0.0	0.0	0.0	0.0	0.0	0.0	0.0	0.0	0.0	0.0	0.0	0.0	0.0	0.0	0.0	0.0	0.0	0.0	0.0	0.0	0.0	0.0	0.0	0.0	0.0
SRR21280920	-0.13899729797527155	-0.18736206907256336	-0.0653133104977263	-0.039225255057848706	-0.02818729383215334	-0.0274589004504989	0.07914118619935434	-0.028194446997955754	-0.01106407011513747	-0.004164188970804999	-0.02615329306933125	0.020581542270638273	0.031721623896636846	0.020536881989858834	0.0290327813659931	0.03143346015251322	-0.03346449915437223	-0.08746124512316301	0.009523153649343273	-0.009417434354509178	0.03883842276414831	0.08429440389977913	-0.014627521038076673	0.0012458898890569934	-0.019841117875325786	-0.014656235930632892	0.06638445641642805	-0.002359823114437376	-0.04898209771754285	0.0001834869852091249	0.022956156826851908	-0.002626353426701635	0.0019506932015736413	-0.016915663347029566	-0.017677577099890616	-0.028188772391632807	0.01861492700472969	-0.023520326110255726	0.008800655681834033	0.034560829995591756	-0.004780701205609918	0.003802832918019881	0.04919261602619604	-0.01766784167134999	0.015316503491662756	-0.00874989537093613	0.00136097067919756	0.015116787855938616	-0.008562201958129583	-0.008582524450837828	-0.0	0.0	0.0	0.0	0.0	0.0	0.0	0.0	0.0	0.0	0.0	0.0	0.0	0.0	0.0	0.0	0.0	0.0	0.0	0.0	0.0	0.0	0.0	0.0	0.0	0.0	0.0	0.0	0.0
SRR21280921	0.4018024454620588	-0.22132143459858775	-0.09768148504555611	-0.002855085950969163	0.09110511771884829	0.18580764413673592	-0.048845206367074255	0.0597690002283528	0.01827264181223695	0.033220896429875274	0.03620746289408131	0.06696752158098218	0.03364892066794533	0.06846855187570147	0.0036614155702158016	0.007218782735097882	-0.06410806531989072	-0.03460181000250684	-0.006297719877556994	-0.02150517286546265	-0.04707903944524623	0.049371445807381	-0.02988386162086244	0.015414106076071799	0.041165002619354095	0.019074313408335656	-0.04022005918605535	0.0317740056578869	0.02726722311332341	0.035879924718294966	-0.03244937104856183	0.008007521420394683	0.004116221064020888	-0.024318850715183745	-0.023526523263384454	0.01894281849677386	-0.0012076398000508675	-0.00473822759001774	0.03746322012416882	-0.000777329274593685	-0.008811569507753823	-0.021444621177083293	0.006656975843592892	0.0032504946702353326	0.006832455739249234	0.006119456353463253	0.02010661329792498	0.002807151864350162	0.0013966069643103025	0.00010195353484028411	-0.0	0.0	0.0	0.0	0.0	0.0	0.0	0.0	0.0	0.0	0.0	0.0	0.0	0.0	0.0	0.0	0.0	0.0	0.0	0.0	0.0	0.0	0.0	0.0	0.0	0.0	0.0	0.0	0.0
SRR21280922	0.3180977307730374	-0.23219184823795352	-0.08779618483195752	0.030576245981891053	0.00851466547313912	0.09686168688137459	-0.057992371719840105	0.03667666978282629	0.03568905710963183	0.01099880390856733	0.00882134426810745	-0.004248094796131673	0.015547682179675091	0.014886108709326534	-0.03244921870695893	0.017053410611048453	-0.006965537149847675	0.018419446356535224	0.0066715966936067945	0.009372819771955969	-0.024569813993526243	0.022224569494514453	-0.01941542676847258	0.05900939318770673	0.016956521476249646	0.0010095075461236014	-0.004333678460726894	0.03379135615800633	0.022966881066435865	-0.03864513792365656	0.009971844355084388	0.0010517728742066117	0.037024225269998365	0.022769286815143806	-0.011183286794265333	0.017448816463181575	-0.032468061226405664	0.006862569397983302	-0.02356735531082653	-0.027034106058669117	0.024653788733452524	0.027656929080943308	0.005267414086990822	-0.006023512615434969	-0.01273476076872418	-0.029655709237252706	0.005373351491052787	-0.0027619653369159625	-0.0202284980443965	0.004607260138381913	-0.0	0.0	0.0	0.0	0.0	0.0	0.0	0.0	0.0	0.0	0.0	0.0	0.0	0.0	0.0	0.0	0.0	0.0	0.0	0.0	0.0	0.0	0.0	0.0	0.0	0.0	0.0	0.0	0.0
SRR21280923	0.2153646069758933	-0.2518476263351936	-0.03763951771924009	-0.033858852230759795	0.024500626941571225	0.1536713446592293	-0.1003579021537774	0.06763039886694587	-0.045492661812153244	0.045656976235538306	-0.024983828643381202	0.004915316796810878	-0.0841587187045984	-0.008029441220165842	-0.04602728368056336	-0.03917286292914871	0.06631060599318102	-0.01051584150124206	-0.029369632700481266	-0.03404084244491659	0.06229829377308515	-0.03782510013068752	0.03913049659742446	-0.046013359442676316	0.06955123434364943	-0.04518289113560516	0.02716955475404767	0.07247515518052396	-0.06118541712960789	0.013100913725469092	0.014702879517625462	0.015317512789197399	-0.01031965010333268	-0.017910407474695106	-0.004757360960137143	0.01280000954583654	-0.0650412252888669	-0.019506328903052934	0.02274639181134056	0.0065227460116795595	0.005652826469456771	-0.0002978366799615825	0.00647220063731663	-0.015066561736757692	0.011841653034431356	-0.010360939325958132	-0.0063180100445222815	0.0049130129607496695	0.007645589718952979	0.0012875752051715117	-0.0	0.0	0.0	0.0	0.0	0.0	0.0	0.0	0.0	0.0	0.0	0.0	0.0	0.0	0.0	0.0	0.0	0.0	0.0	0.0	0.0	0.0	0.0	0.0	0.0	0.0	0.0	0.0	0.0
SRR21280924	0.2505135761496295	0.09389383754577071	-0.22758593156081264	-0.029274203164731526	-0.1192320139527675	-0.02000575169821118	0.03649045140253015	-0.07793603274259252	0.03782335620075321	-0.13025772368312943	0.09021964957717107	-0.0891650355559669	0.11563490961362972	0.12338877703985048	-0.05584262215061817	-0.006804887537612968	-0.06040427594754398	-0.04438720936881755	-0.005334135503663106	-0.05707884799877677	0.032963227959692705	0.09940435077027991	0.03078136141834477	0.038330303904489195	0.023518863275344193	0.006004373995000734	-0.030070360435372468	0.002957132950402769	0.005492240570710087	0.0331122941042063	-0.04356012380195117	-0.021095785737933515	-0.020762616573524805	-0.026523992641400086	0.014316618272510045	0.003099450474543095	-0.011175639512187585	-0.01049456694592855	0.012185477371805661	-0.006412705600750276	-0.010663559704234734	0.005851015876992518	-0.002995788890918709	-0.0021424774935920165	-0.007084539400561435	-0.0092202439531037	0.0029844526883589513	0.004507650603880219	0.004562700330617748	0.002221331661959475	-0.0	0.0	0.0	0.0	0.0	0.0	0.0	0.0	0.0	0.0	0.0	0.0	0.0	0.0	0.0	0.0	0.0	0.0	0.0	0.0	0.0	0.0	0.0	0.0	0.0	0.0	0.0	0.0	0.0
SRR21280926	-0.28689376305674025	-0.1620407472577795	-0.027189247868712907	-0.059215133503331095	0.0754762103199576	-0.0023283369099762977	0.033927714389804645	0.0010083390112440094	-0.017273405780898272	-0.06696142484718436	0.006627960133643852	-0.06009863749080736	0.003994375983958879	0.07256553579663888	0.01984853281712286	0.019745187763640256	-0.009739462505054348	-0.029367871869631416	0.020136237230126548	-0.016740402284259787	0.00487173589037869	1.2900940397821722e-05	-0.009483187575343862	-0.01881831756497847	-0.0366421127887258	0.014457738717732224	-0.014439515956896963	0.006749370486426529	-0.04014110505130831	-0.0009980963787108877	0.022216376426594235	0.012410121664827713	-0.024039010356302928	-0.02381335418598287	-0.020538434793316955	-0.0017200263112825919	0.018059784139855845	-0.007629929960938614	-0.021781589040884113	-0.012852888635538011	0.021414383454128275	-0.018939100022305498	0.009222747380859375	0.0016002410019731864	0.015413966136878855	-0.008377059468051385	0.004897055113029846	-0.005690651139895706	-0.010896609753075475	0.014522826162852344	-0.0	0.0	0.0	0.0	0.0	0.0	0.0	0.0	0.0	0.0	0.0	0.0	0.0	0.0	0.0	0.0	0.0	0.0	0.0	0.0	0.0	0.0	0.0	0.0	0.0	0.0	0.0	0.0	0.0
SRR21280927	0.2855318008556579	-0.2536816696591661	-0.047843286900366946	-0.056455978112173524	-0.0012622082152202087	0.10339625716275005	-0.062242579198822735	0.03545791679250451	0.05253152387746806	0.030845847089680987	0.00844793845301562	-0.005968761962125088	-0.051405914067789875	-0.0015483108319600107	0.01923869462225244	0.009661834970563174	0.036651707149513615	-0.0012754825546994366	0.0002068465342848438	0.02410892504907877	-0.043684041579938514	-0.044999297669239435	0.02934177462556153	-0.008120215681967458	0.0024218650888300844	0.05068044881926903	0.05957186764974847	0.017093479447721553	0.07117338835915506	0.036414196862796996	-0.04575151404392063	-0.04630618276000363	-0.012944771675126794	0.02305811913678812	0.00652475122782565	-0.005429470141620417	0.032684590323837824	0.009337847622075186	0.024932625041676308	-0.04530087233710364	-0.000596704820053105	-0.009897570884434591	-0.005498551758119649	-0.0034997879440147946	0.011789928057686179	-0.01454099971758448	-0.004311309224911703	0.005546653260641643	0.009857527627302439	0.0027211940563237587	-0.0	0.0	0.0	0.0	0.0	0.0	0.0	0.0	0.0	0.0	0.0	0.0	0.0	0.0	0.0	0.0	0.0	0.0	0.0	0.0	0.0	0.0	0.0	0.0	0.0	0.0	0.0	0.0	0.0
SRR21281059	-0.30632858601528334	0.00013183007365732434	0.215637902790745	0.035954440117646806	-0.1945103122090598	0.049392412828270414	0.04878541083059475	0.03747988455678119	-0.04463111062496489	0.09023369669791746	-0.05762169713210271	0.1653548940336271	0.08509612464460865	-0.018673243564174907	0.026007093026090382	0.02574694090800742	0.03354251404113361	-0.05477446260570419	-0.010361431024959402	-0.031713207172515946	0.01977614511112742	-0.023407528634152578	0.05352319969329569	-0.0703324004849278	0.08565069687358248	-0.01572675039546082	-0.04013355086490585	-0.008201187599544675	-0.015006776631266516	-0.07455862952901247	-0.020613913216117614	0.026526874449584337	0.008045188691401505	-0.0197184259084891	0.034771332996010436	0.0477720755610069	0.036003674958832645	-0.016674734513988196	-0.0006827043733034425	0.032466566744206775	0.017519845559275226	-0.005578447558392973	-0.016824182997684695	0.010661723358256565	0.006789168312552863	-0.0071928270127069645	0.006419320292232043	-0.0011815910709701716	0.004882098266532456	0.004742234780519178	-0.0	0.0	0.0	0.0	0.0	0.0	0.0	0.0	0.0	0.0	0.0	0.0	0.0	0.0	0.0	0.0	0.0	0.0	0.0	0.0	0.0	0.0	0.0	0.0	0.0	0.0	0.0	0.0	0.0
SRR21281081	-0.29401964631998895	-0.14844676429519543	0.0419668740096995	-0.032429993057709064	0.043474118811113294	0.02360622303291276	0.08546760305413881	0.025626201076261537	-0.03314655309908568	-0.07588458670915975	0.00790687673120591	-0.017993694309557755	-0.0038025169156966905	0.03366577580171492	0.00045038913082929416	0.022498956468749737	-0.024327961590354108	-0.03974863475776712	-0.017595720240735566	-0.01597783102489247	0.03241290580707288	0.01293600431716934	0.047637045674315294	-0.009868404811288598	-0.03899252983975541	-0.004596888229156963	-0.043329068243279985	0.01888130609071438	-0.036689667768123616	0.0005034008864440575	0.01245923019723088	-0.04112495455653034	0.02755498652333582	0.0033265157212652983	0.010988693032558765	-0.01612810429450052	-0.017163858226095625	0.05567816380654249	0.014238528445244427	0.003459668723355591	-0.030301180780092675	0.03318208563790247	-0.02505769357737548	-0.002569547137848506	-0.016827894072368697	0.003084279297394005	-0.009613796839332722	0.01193817270543391	0.003925060581783896	-0.002432075649639769	-0.0	0.0	0.0	0.0	0.0	0.0	0.0	0.0	0.0	0.0	0.0	0.0	0.0	0.0	0.0	0.0	0.0	0.0	0.0	0.0	0.0	0.0	0.0	0.0	0.0	0.0	0.0	0.0	0.0
SRR21281124	-0.12785915238665438	-0.26026527513721265	-0.0569858460266804	0.0008081930699223047	-0.013962972866877563	-0.009261775992824494	-0.017520698723825872	-0.014966650447302788	-0.030010579748688638	0.008726518180935377	-0.013583274208848493	0.01880022287766422	0.04017296344480021	0.015002901937896688	0.03832950381681979	-0.003493430626183926	-0.026860336570094515	-0.04433738676437977	0.0009098301054813218	0.003050778141325842	0.01594717504540299	0.017873815230049	0.030851240900634246	0.013555814910057523	0.058212669861039915	-0.00220499957543451	0.041103349283208176	-0.026183981439174737	-0.010887337610655398	-0.02999087288747096	0.007275203160860195	0.02827359596811521	-0.02638282740633801	-0.0074227350994279006	-0.0058825943796358676	0.01491980090670618	0.000830719976953966	0.05569570286390917	-0.013188729254456619	-0.03656205610949213	0.001145674981552009	-0.004965651889441364	-0.018366767467768632	0.005720548210753796	0.013848672410738576	0.0036752078791312363	0.015570915915633261	-0.0035218376242269474	-0.008664652554060633	-0.001379154836706986	-0.0	0.0	0.0	0.0	0.0	0.0	0.0	0.0	0.0	0.0	0.0	0.0	0.0	0.0	0.0	0.0	0.0	0.0	0.0	0.0	0.0	0.0	0.0	0.0	0.0	0.0	0.0	0.0	0.0
SRR21281125	0.03135216870262109	-0.15062990641062224	-0.18035355611584739	0.08447576558229555	-0.08938530744732451	0.05589667166941548	0.029066231991187078	-0.036421304092564194	-0.0209622561206587	-0.02273060591177308	0.013609716540943183	0.006298664292440057	0.0724559417053135	-0.014894236172489287	-0.029075190442100638	0.008735530358559259	-0.03912828789946438	0.03742574451536058	-0.03919562035751788	-0.050440362698713374	0.010111580891583675	-0.0027069975611534194	-0.014378414310787709	-0.022753682516341266	-0.06577476347267432	-0.07038649954834118	-0.005200214007449646	0.003704331622409095	0.006017626635388716	-0.0029170407732135527	-0.038928055374568754	0.025597541312021823	0.0120466491432449	0.00574322549832331	-0.037288194581949506	0.02535738689884596	-0.0315293266574384	0.01259198228710927	0.028673647479486027	-0.010012632656748248	0.008643029286221042	0.0012604404722657554	-0.009939674314634656	0.011187573001016837	-0.001406096958647059	0.00990563845821649	-0.017176902236991733	-0.014869978168952528	-0.0006790891655210575	0.001111455821895576	-0.0	0.0	0.0	0.0	0.0	0.0	0.0	0.0	0.0	0.0	0.0	0.0	0.0	0.0	0.0	0.0	0.0	0.0	0.0	0.0	0.0	0.0	0.0	0.0	0.0	0.0	0.0	0.0	0.0
SRR21281126	-0.4654985429307362	-0.0030135613672609804	0.05361300768185251	-0.028107033394359122	0.11261013838202036	0.054743887661696786	-0.001676482292560597	0.025639596419650117	0.024571484772879473	-0.058323950701041224	0.02566126452440402	-0.014818420905294935	-0.02683641968043763	-0.0032801910896816788	-0.0018182922132496805	-0.015295701550975893	0.010793578298575843	0.02243396215332387	0.005500197333285741	0.037691434360355214	0.034523963778566646	-0.05639588556257948	-0.0036607596157333905	-0.02042581341929784	-0.02414459437318587	0.014728392732048288	0.006238352384953388	-0.023003730171562015	-0.01924851793725406	0.011914137774925566	-0.028561646158523937	0.01422256602377824	-0.012695221471179066	0.020746237112663043	0.011439724653690767	0.021177324627288278	0.024293959473957048	0.003799577295142112	0.01667977860274715	0.01353993768851302	0.0064515968481658826	-0.021468128900379305	0.02153788649449968	-0.022257392810691494	0.01571044906088633	-0.01997679563357017	0.0009884655753977214	0.012267692458245856	-0.0002964140019445598	-0.00411875723448685	-0.0	0.0	0.0	0.0	0.0	0.0	0.0	0.0	0.0	0.0	0.0	0.0	0.0	0.0	0.0	0.0	0.0	0.0	0.0	0.0	0.0	0.0	0.0	0.0	0.0	0.0	0.0	0.0	0.0
SRR21281127	-0.4646689409546101	0.04387590253688095	0.012603571159686544	-0.0186265821358233	0.12043073832561392	0.04826402164066129	-0.013748644850409612	0.04708875851517739	0.012861947922232815	-0.018364911883718252	0.05271057235289969	-0.04190417453939824	-0.0019338613698991574	-0.014007112683054435	-0.020056524651606154	0.02363588793567461	-0.010308601894444134	0.05865878558564874	0.0033610028519046467	-0.0049768297090679835	-0.008969962743236788	0.02144397859045074	-0.016998890353762026	0.02361378881931092	0.01795615061147725	-0.01577573617349313	-0.020969451494886632	0.030103753921793656	0.026345188509879117	-0.01916920946943464	-0.029180676936886037	-0.030154239367705518	-0.018686591636435025	0.007708043651907569	0.00409049595892903	-0.012202974428246671	0.0312921387152492	-0.021449658888433983	0.04287857600664536	0.003721593139998552	-0.014845527731079833	0.011875657645994131	0.004623460909591552	-0.00041944233768831607	0.006705129080442718	0.010891846591879285	-0.007977893923106579	-0.019523146213995566	-0.002995191614578547	0.006081631636235805	-0.0	0.0	0.0	0.0	0.0	0.0	0.0	0.0	0.0	0.0	0.0	0.0	0.0	0.0	0.0	0.0	0.0	0.0	0.0	0.0	0.0	0.0	0.0	0.0	0.0	0.0	0.0	0.0	0.0
SRR21281128	-0.3075842534894911	-0.10648185289979559	-0.009946343903548408	-0.06195329724622418	0.08769288657748903	-0.014574553623267903	0.06400251306313934	0.040546380363849624	0.04679329230443096	-0.020439886824955424	0.006717000439381385	-0.006369443505254641	-0.023407571028080103	0.024531470912020438	-0.03233323397640836	0.07912169568676965	-0.004950149021862147	-0.0074645171274671926	0.017125882136720838	-0.0080767132512335	0.015864282226613707	0.028193115531981318	0.013750482647108347	-0.022904881665954377	0.007116693231353209	0.021321620762439954	-0.04979853304364956	0.01709482013738941	0.019579473271507334	0.020777623707020784	-0.008151880405398727	-0.0012422088624575937	0.040196310174539174	0.015701982291520738	0.02667370103220845	-0.011412053023600297	-0.026033802437896998	-0.0180823644253417	0.00486975235811044	0.007490797728256267	-0.020212111720908265	-0.002751049916759933	-0.032666183399655935	0.005335742129339056	0.0074609492232051875	-0.0006097350542410963	0.016382100582080526	-0.0053648910288732685	-0.0044604739495873	-0.011852465282148223	-0.0	0.0	0.0	0.0	0.0	0.0	0.0	0.0	0.0	0.0	0.0	0.0	0.0	0.0	0.0	0.0	0.0	0.0	0.0	0.0	0.0	0.0	0.0	0.0	0.0	0.0	0.0	0.0	0.0
SRR21281129	-0.04281952592157226	-0.10341272077634674	-0.0629703458857659	-0.11499258572395211	-0.10046685927093187	-0.16615414938439024	-0.009942138399873991	-0.031305363873921487	0.028745595961370277	0.03683159222744507	-0.006971160165856525	0.030410111009392258	-0.01719710431523409	-0.017297369404370076	-0.08400273736893461	0.1409283882521667	-0.03172126535396138	0.04132981659967824	0.10913304021833618	0.004397127249992611	0.031890934138417655	-0.012872741259501266	-0.06494988713334703	0.034880237722841954	0.04262003338309086	0.06852977610838726	-0.020935924487037457	0.0171101225769138	-0.02226709312639958	0.010936404721641353	-0.0269292125502519	-0.029946487417570968	-0.048317282833756366	0.010349644191236972	0.004064334103084384	-0.0011372876055727147	-0.03280120706934862	-0.01965994903856619	0.003932904617491289	0.01150031933053869	0.015137974506340622	0.012044860995413138	0.001692499188566697	0.019202268603917126	0.014302002343648415	-0.0062041781392659185	0.01179680096024998	-0.004816229680136329	0.006038495625568898	-0.005844288004169324	-0.0	0.0	0.0	0.0	0.0	0.0	0.0	0.0	0.0	0.0	0.0	0.0	0.0	0.0	0.0	0.0	0.0	0.0	0.0	0.0	0.0	0.0	0.0	0.0	0.0	0.0	0.0	0.0	0.0
SRR21281130	0.2329902243828115	-0.07658525640117803	-0.19767323277397153	-0.031617275725872744	-0.048834359937105755	0.1031803446493304	0.021358622371552807	0.042553858728493765	0.02095635054219713	0.022380975197651864	0.027711982517385717	-0.03054995842674487	0.007529016541378743	0.016408995030384756	-0.04322992006767182	0.030514271232518524	0.0047538417257762125	0.020837732102262054	0.018662663983505717	-0.06846499003163434	-0.016649805738517976	-0.07768180428665454	0.06171932751221107	0.008635362681099741	-0.03721169885012198	-0.0955727061166181	-0.03751755701592157	0.013286600658733737	-0.011423491573725422	0.06725560061767515	0.03808798320071113	-0.0012771092744090155	-0.04167492730455161	0.02015704781162186	0.015096763961114182	-0.022800468437510855	0.005585790148320213	0.0029228760903718615	-0.031722658319521764	-0.008990432794403917	0.0089003710822598	0.005755779810781525	-0.007629837219679793	-0.005952002404335198	0.01040154171098764	0.0035014465230472098	0.014387179945713204	0.006334764801455887	-0.00276867810727739	-0.0023541324693899888	-0.0	0.0	0.0	0.0	0.0	0.0	0.0	0.0	0.0	0.0	0.0	0.0	0.0	0.0	0.0	0.0	0.0	0.0	0.0	0.0	0.0	0.0	0.0	0.0	0.0	0.0	0.0	0.0	0.0
SRR21281131	0.20031884102281014	-0.2422705772102049	-0.09791263433352046	0.047186921777035915	-0.062449164942923435	0.03499880417471503	-0.03168793964646544	-0.02630615957497069	0.012691685061730094	-0.016163997723194743	0.0028393203212293385	-0.03869143157198527	0.005135836400161359	-0.008181575408637102	-0.017674993880989073	-0.010034487107950553	0.029168122155256347	0.06375132330048104	-0.015558232884541003	0.006166801884321007	-0.03286377242715474	-0.002733852044830199	-0.014297295008880882	0.015903126491083754	0.004060652826755672	-0.03922828255126095	0.014790441443917524	0.0015203509632750356	0.0451537619190325	-0.0210492569558823	0.05343585483328165	0.01327370427432414	0.041821323797242835	0.046219481545162346	0.017135142698414978	0.004232318848432873	0.004511428341872116	0.007527009615728299	0.04976739596938142	0.047278403706216894	0.01617804171117572	0.010619496664722086	0.022722507664048725	0.010112432265266699	-0.006573163828185323	0.0320981385112588	0.00765660087187885	0.00978840368472727	0.007867702291582788	-0.0011896839691843983	-0.0	0.0	0.0	0.0	0.0	0.0	0.0	0.0	0.0	0.0	0.0	0.0	0.0	0.0	0.0	0.0	0.0	0.0	0.0	0.0	0.0	0.0	0.0	0.0	0.0	0.0	0.0	0.0	0.0
SRR21281132	0.26083300258042597	-0.26131219606031836	-0.07390661077683046	0.04346882459990743	-0.04096398087270438	0.06685109899558707	-0.03917464289349651	-0.014703961100639578	-0.011140447999164943	0.001868639622107236	-0.01416188597958196	-0.04485504331281156	-0.03496638352386064	-0.009637745597081453	0.025322501382757236	-0.018797327731993076	0.019178688605365167	0.027693344623862255	-0.018875625225235476	-0.0010361180242320321	-0.01539430552876539	0.028288301851986337	-0.01624585184237624	0.0547865683503904	0.008186912307268387	-0.0022982791218551777	0.034299792065320744	0.04053890900707644	0.024770905600831297	-0.04299070827698329	0.03032929779548029	0.02900511414009065	0.0005425377540906109	-0.01545685239167834	0.009654300529775185	-0.01535402383612413	-0.006891306934577272	-0.019274549722373507	-0.06606047383992047	-0.004527434661456007	-0.03871758968202267	-0.002561489295840239	0.008903483956034903	0.007849989835356272	0.017668740758416013	-0.008458960082349842	0.006340536656328194	-0.006993976483180806	0.0218362348305204	0.003221544445862345	-0.0	0.0	0.0	0.0	0.0	0.0	0.0	0.0	0.0	0.0	0.0	0.0	0.0	0.0	0.0	0.0	0.0	0.0	0.0	0.0	0.0	0.0	0.0	0.0	0.0	0.0	0.0	0.0	0.0
SRR21281133	0.0473702482974529	-0.23794998550355734	-0.11490393298946115	-0.008875149855057945	-0.06331421896008464	0.12069227270810391	0.0027728795467614575	-0.0162955483714401	-0.03794202345191233	0.030604442741004254	-0.01509394045909285	0.05671853917001878	0.002625472348433083	-0.060013194662716596	0.0196825895815706	-0.04446634057926725	-0.011180200352975156	0.011915659783265677	-0.007189543552537911	0.008689141154292946	0.002270116593474339	-0.10892557254507722	-0.013014614777620266	-0.061517596834908726	-0.0670892892391527	-0.009358025937616851	0.03175297128633976	0.036241238988023956	-0.0017319082680393467	0.03700668316202534	-0.05301382060202268	-0.05291063090409061	0.028535067809987602	0.019941826135684147	-0.018111597890458058	-0.0008840705725400707	0.014148885053771671	-0.011161382793117822	-0.006078476619496157	-0.002963498787733748	-0.007709637289327925	-9.316091768567884e-05	-0.0035041776828170137	0.001343715817047939	-0.00919707694574823	-0.0011614510250670595	0.027706202825616495	-0.00017461202593032016	-0.006055769232694707	-0.0009252957331749906	-0.0	0.0	0.0	0.0	0.0	0.0	0.0	0.0	0.0	0.0	0.0	0.0	0.0	0.0	0.0	0.0	0.0	0.0	0.0	0.0	0.0	0.0	0.0	0.0	0.0	0.0	0.0	0.0	0.0
SRR21281252	0.22629162716117937	-0.2402564974749299	-0.029566427112826275	-0.03325158606450506	0.0014861440072793711	0.3445349753695729	0.012107955913163337	0.03625167554876911	-0.032357496510474364	0.05645828864032454	-0.03307833583836671	0.008414656143511157	-0.06960233559181686	-0.06815043427578373	0.020989072437840543	-0.05169264767962845	0.054591462541848754	0.0075576953491182245	-0.04552027324103099	0.03706110502623899	0.05989401059303659	0.08004334521437542	0.010914762767217237	-0.09162131983544083	-0.0153974886508223	0.05004810209545784	-0.03920833286073904	-0.02956800547539686	-0.03849103617161797	-0.03639950886404843	-0.02026503711065955	-0.013037909010575234	0.001479620199281906	0.010134529048971086	0.016293427260482676	-0.015324779743110195	0.007195502872655053	0.011058625339113407	0.003921405530984426	-0.013132662616232483	-0.0006077050929214766	0.009134570625020712	0.005336190104661362	-0.004058623377872154	-0.0008778913734606536	0.011633208298582123	0.002396275747390661	-0.0020774940563609567	-0.0026461116372320974	0.0018189134459542947	-0.0	0.0	0.0	0.0	0.0	0.0	0.0	0.0	0.0	0.0	0.0	0.0	0.0	0.0	0.0	0.0	0.0	0.0	0.0	0.0	0.0	0.0	0.0	0.0	0.0	0.0	0.0	0.0	0.0
SRR21281264	0.14389396445012614	0.0816812438204281	0.17800231439891276	-0.01502041464669569	0.03442801946018412	0.027184644706546947	0.14682051939961047	-0.1500966246214156	0.35354751149570246	-0.3211031032831005	-0.20943892300274253	0.21425130363590147	-0.05649074842049059	-0.12790316680842934	-0.049269083750010774	-0.06201311085041295	0.0109535575537693	0.02162250572868129	0.008490878836414216	-0.10320937039001397	-0.029600666294380257	0.0031160657631265597	-6.295290043670183e-05	-0.0008102601493012289	0.02453313989770431	-0.008139575805876561	-0.003231223552053386	0.0018978975888244722	0.0009537330209086546	-0.001789590810186718	0.005876132252644513	-0.0005772925340475569	-0.0007980898890808799	-0.0044503184049439985	-0.009585617419682616	-0.00861978743907044	0.0006579926255175958	0.004004158080576488	-0.0018873548057964527	-0.011750189712518344	0.001936494028374044	0.005184641572827005	0.004615018384778548	0.0004306831783082978	-0.0008602404340305076	-0.0023970885161279094	0.00166123764552577	0.00019324337498518841	0.0011235077169297037	0.000625411225084365	-0.0	0.0	0.0	0.0	0.0	0.0	0.0	0.0	0.0	0.0	0.0	0.0	0.0	0.0	0.0	0.0	0.0	0.0	0.0	0.0	0.0	0.0	0.0	0.0	0.0	0.0	0.0	0.0	0.0

Biplot	0	0

Site constraints	0	0
