Eigvals	53
1.022139174540071	0.32369408170813335	0.11251286014984828	0.06700917493332652	0.04170942423221749	0.03556334665558293	0.026457611239501373	0.018256338755116206	0.01547431589229056	0.014067856530471174	0.009228855860891273	0.007829048332142315	0.006661216997636974	0.005553387666825175	0.004469705754949628	0.00381020947798711	0.0035164883022382604	0.0025921278296193763	0.0024045838255590327	0.002150198306916578	0.0014481899900660872	0.001061084187960297	0.0009608653147084728	0.00032589445993060073	0.00022077323041417088	5.115615588081879e-05	2.4185752859214626e-05	0.0	0.0	0.0	0.0	0.0	0.0	0.0	0.0	0.0	0.0	0.0	0.0	0.0	0.0	0.0	0.0	0.0	0.0	0.0	0.0	0.0	0.0	0.0	0.0	0.0	0.0

Proportion explained	53
0.5911079176159089	0.18719381797413687	0.06506671901907375	0.038751722703341096	0.024120757248110018	0.0205664515250513	0.015300561679293912	0.010557727023507497	0.008948870047700189	0.00813550794859999	0.005337090981141095	0.004527575668557378	0.003852213285957495	0.003211550345800986	0.0025848519721915235	0.0022034621569286743	0.002033601812191645	0.0014990397802236732	0.0013905821959114958	0.0012434698476698333	0.0008374951187301444	0.0006136300030204839	0.0005556729547541804	0.00018846630710423536	0.0001276742030303054	2.9583846827465634e-05	1.3986735235948936e-05	0.0	0.0	0.0	0.0	0.0	0.0	0.0	0.0	0.0	0.0	0.0	0.0	0.0	0.0	0.0	0.0	0.0	0.0	0.0	0.0	0.0	0.0	0.0	0.0	0.0	0.0

Species	0	0

Site	53	53
ec100	0.04328541982461889	0.004371027195408802	0.048790845184658295	-0.007230338985232236	0.040545832929034506	0.04356858424457255	-0.03316284736395875	0.07405076952186203	0.005330902531599171	-0.02740106425852451	0.02919542512565559	-0.0028631535371689675	-0.001982716541518002	-0.0029322100493480107	-0.009333644112377002	-0.001553793453815061	-0.0031580518211158618	-0.007271834746702667	0.015194062453353764	-0.002088696505948294	-0.0008354891178278117	0.0020316964413295093	0.000649013941994772	0.0018591118586368256	-0.0010822005376024443	0.0003206720589259252	-0.0004981624491083028	0.0	0.0	0.0	0.0	0.0	0.0	0.0	0.0	0.0	0.0	0.0	0.0	0.0	0.0	0.0	0.0	0.0	0.0	0.0	0.0	0.0	0.0	0.0	0.0	0.0	0.0
ec101	-0.17092247282612993	0.01686540834659819	0.020414454589620327	-0.008854488024294086	0.022496343301118844	0.029259578076596557	0.01133858269091934	-0.0205896468478975	-0.015022085037741842	0.007485576726990115	-0.0038492715336779326	0.0031522359019914683	0.00108287495944704	-0.024209222507157395	0.0007480740114518343	-0.016070860572019043	-0.002327750588291107	-0.0048767303694908564	-0.001863838696915674	-0.0003378878033576353	0.007701823804415015	0.0004578235028878711	0.0013888273698127404	0.0016118742918540332	0.00209678831142749	-0.0006449105948934511	0.00033405608917773925	0.0	0.0	0.0	0.0	0.0	0.0	0.0	0.0	0.0	0.0	0.0	0.0	0.0	0.0	0.0	0.0	0.0	0.0	0.0	0.0	0.0	0.0	0.0	0.0	0.0	0.0
ec117	0.08673331073183596	-0.04695401366316041	0.001348804892920188	-0.03852737442637754	0.004932706700327177	0.006948012835302941	-0.008917739852802408	0.0009216720882825729	-0.011579235851942092	0.02362697214573022	-0.016036052864764824	-0.017225500252538696	-0.0069169611821524235	0.013922153724213017	0.002098785858835857	0.006499725024762286	-0.005308544844316882	-0.001317752442056246	0.013410164496055602	-0.012443337305372842	-0.0032132313202411695	-0.003419008324750919	-0.001289531286739786	-0.0002860971617604144	-0.0012260892541906287	0.00017305082907028067	0.000162778202939172	0.0	0.0	0.0	0.0	0.0	0.0	0.0	0.0	0.0	0.0	0.0	0.0	0.0	0.0	0.0	0.0	0.0	0.0	0.0	0.0	0.0	0.0	0.0	0.0	0.0	0.0
ec118	0.10556318974750707	-0.07224741409167801	-0.009851409887530783	-0.05216527212584537	0.0386981553340066	-0.029819908186838072	-0.018995088730034606	-0.010960473669666114	0.0008122954146761654	0.013069221522465514	-0.006539739404701864	-0.005164914730584257	0.010250433995766597	-0.004124726220206628	-0.00888113064446401	0.010014473091425159	0.005631505589605701	-0.007949502635829477	0.0016554831608375233	0.0032384686265394327	2.8282981832973516e-05	-0.0008924894659728304	-0.0005837201784707856	0.004362237993338333	0.003905498809034094	-0.00040276920459837186	-8.178466296048481e-05	0.0	0.0	0.0	0.0	0.0	0.0	0.0	0.0	0.0	0.0	0.0	0.0	0.0	0.0	0.0	0.0	0.0	0.0	0.0	0.0	0.0	0.0	0.0	0.0	0.0	0.0
ec119	0.07912293718671086	-0.11443383065911879	-0.039794393675157504	-0.06815756602961498	0.00935604722131141	-0.041621348995489096	-0.01398925380090568	-0.020255292758256733	0.003533995262250805	-0.01536077181595104	0.012497013940101243	0.01657193744067193	-0.007058807641296721	-0.0004137733735060412	-0.006313755440322784	-7.631038183844897e-05	-0.0023025087790072432	0.004156125887911586	-0.0021015353020813936	9.140823114255592e-06	-0.0011850929455968012	0.0020652668254533173	-0.0007746688515071536	-0.0031451535865361802	-0.001581164003568281	0.00016446006771430168	-0.00021397174351387487	0.0	0.0	0.0	0.0	0.0	0.0	0.0	0.0	0.0	0.0	0.0	0.0	0.0	0.0	0.0	0.0	0.0	0.0	0.0	0.0	0.0	0.0	0.0	0.0	0.0	0.0
ec121	0.1861807430288177	0.06998904753231125	-0.047812281061611735	0.005782944028778546	-0.010989294630072706	-0.015297410012063634	-0.005401276816948159	0.005296052292090878	-0.0034843728310270635	0.001178874689398781	0.019771983498133333	-0.0017886814329106618	0.00876628550790578	-0.005298816702093662	-0.002125654651608893	0.002851523072543116	0.0013935258022772566	0.009361295750248909	-0.00991785630189267	-0.003570282229518002	0.00552624297457347	0.005408612785651726	-0.0059258786693419845	-0.0024187973064312305	0.0027795915255733744	-0.0017522903142688586	0.0006082702396051007	0.0	0.0	0.0	0.0	0.0	0.0	0.0	0.0	0.0	0.0	0.0	0.0	0.0	0.0	0.0	0.0	0.0	0.0	0.0	0.0	0.0	0.0	0.0	0.0	0.0	0.0
ec122	0.15805894518950644	0.07021789172744101	-0.030883821186651294	0.019858071190418037	-0.030413703898247525	-0.0024382002129843053	-0.01581310771494391	0.004505631912914215	-0.008904544817509769	0.005053376985273594	0.0026171266432057014	-0.019966027846488044	-0.009909648108981099	0.01038133032809761	0.0010317648487556572	-0.007512543499644406	-0.018958712545013957	0.0045623555948419315	9.283371048513959e-05	-0.004840241264324223	0.0010946415590648677	0.003344191888325276	0.008897232014349008	0.001528462954810686	-0.0036841698943843432	0.0007363905058912078	-0.00012603162490726333	0.0	0.0	0.0	0.0	0.0	0.0	0.0	0.0	0.0	0.0	0.0	0.0	0.0	0.0	0.0	0.0	0.0	0.0	0.0	0.0	0.0	0.0	0.0	0.0	0.0	0.0
ec123	-0.08020287262597303	-0.04388189552924253	0.04310827754069194	-0.028628411663749933	-0.007713840020693508	-0.004210626795314718	-0.0004546507935138682	-0.004295493440456848	0.0105345823107995	0.015578992503760063	0.02147354669712016	-0.019367955206240225	0.0045258965182265985	0.013975338115513325	0.010262364580780649	-0.012844584408736549	0.016424730031150744	0.010545842842259021	0.012557415794701038	-0.003247004031534076	-0.0012586150808710228	0.0017452503104081315	-0.0005213739356930302	-0.0017715996043128827	0.001187815915438341	-0.00032703058039836903	-0.00020450171467201354	0.0	0.0	0.0	0.0	0.0	0.0	0.0	0.0	0.0	0.0	0.0	0.0	0.0	0.0	0.0	0.0	0.0	0.0	0.0	0.0	0.0	0.0	0.0	0.0	0.0	0.0
ec124	0.022925440833646796	-0.021933335421542802	0.06750288597115263	-0.003727357671204675	0.010075994379559224	0.03926943973224547	-0.025787904926913102	0.0069862903319222736	-0.011998085542651738	0.0035922206466748783	0.03460982340736889	0.0064731452064552865	0.013207487902988561	-0.015397282889708408	-0.005098584215409279	0.003618569409676088	-0.01575658547514119	-0.009309182056510204	-0.008192885507073646	0.0019638115348284573	-0.008187342777377569	-0.006300204745307454	-0.0029277741301407603	-0.0019978413623658437	0.0014168690334996667	-7.497886123543164e-06	0.000604365331941661	0.0	0.0	0.0	0.0	0.0	0.0	0.0	0.0	0.0	0.0	0.0	0.0	0.0	0.0	0.0	0.0	0.0	0.0	0.0	0.0	0.0	0.0	0.0	0.0	0.0	0.0
ec125	-0.07257899758639676	0.02221528928004746	0.021243938864570943	-0.07322951131342954	-0.0009394510366708223	-0.004878327327209606	0.017178968532462084	0.029032611631946547	-0.013829296117415176	-0.015251459183594475	0.0036640913975890437	0.013323493478051698	0.0064307536077428725	0.002641810037492599	-0.011881031389915076	0.005088307181255618	-0.0005487247988426626	0.02042012825832528	-0.006999143428261107	0.00015530584496619766	0.007473621836883284	-0.006629248003635613	0.001951849681916423	0.002316308180571955	0.0013260833632141535	0.00021359168178063188	2.4105122448784596e-05	0.0	0.0	0.0	0.0	0.0	0.0	0.0	0.0	0.0	0.0	0.0	0.0	0.0	0.0	0.0	0.0	0.0	0.0	0.0	0.0	0.0	0.0	0.0	0.0	0.0	0.0
ec126	-0.23557422712358556	0.022256051418546013	-0.029359323768575956	0.017308323535373874	0.025628943554769888	0.0437756956285867	0.015538779982239206	0.0018091755149841331	-0.02801800343195279	0.00926474144147674	0.025589524316703915	0.006417522423336144	-0.00814675052566786	0.009798843637627388	0.004734325685260759	0.010342932757606019	0.012320396399730356	0.001616493849510959	-0.002932657982070816	0.0029555476192032063	-0.0017518564529063823	-0.0005618117850964397	-0.0060257017250182005	-0.002372102493640871	-0.0020047837804256295	3.514438150825916e-05	-0.00021564332083420557	0.0	0.0	0.0	0.0	0.0	0.0	0.0	0.0	0.0	0.0	0.0	0.0	0.0	0.0	0.0	0.0	0.0	0.0	0.0	0.0	0.0	0.0	0.0	0.0	0.0	0.0
ec127	-0.1541834325815344	-0.020165203652611933	-0.021046203797642164	-0.061243858564392926	0.05041660639086484	-0.004133838646230864	-0.025249782527667932	0.007731815354203233	0.014736138270218063	0.026111394198241475	-0.01680833565737199	-0.015605104541819232	-0.0031376325361867617	0.008886000762226478	0.0028906957853872413	-0.0037059361540103947	-0.001124950871151923	-0.013207440082863755	-0.007765529579635677	0.0007990008733260917	0.0012267345004091153	-0.002529661861294066	0.0031896063480726096	0.0012330528598611566	-0.0012810542336888222	5.5112528072667744e-05	7.781089381953336e-05	0.0	0.0	0.0	0.0	0.0	0.0	0.0	0.0	0.0	0.0	0.0	0.0	0.0	0.0	0.0	0.0	0.0	0.0	0.0	0.0	0.0	0.0	0.0	0.0	0.0	0.0
ec128	0.08037226524682893	0.05574563253379329	0.045589080194351525	0.0574871149220726	0.006888143310676531	0.00910905587983685	-0.01713149747610982	0.01753668873892755	0.01941721461904322	-0.009388172723799826	-0.02147394084835053	-0.0007592775862186614	0.0011623504235420904	0.0016224874003485544	-0.005081421231659598	-0.019680395911865912	0.003348475546831717	0.007803638289137532	-0.007230811308466669	0.012100023419374136	-0.00529988930938143	-0.00480397260816406	-0.0006849979376117766	-0.0020932714263799594	0.00031018983495377495	-0.0003797303460958444	0.00046665395830504527	0.0	0.0	0.0	0.0	0.0	0.0	0.0	0.0	0.0	0.0	0.0	0.0	0.0	0.0	0.0	0.0	0.0	0.0	0.0	0.0	0.0	0.0	0.0	0.0	0.0	0.0
ec146	-0.19628017345756033	0.09014992484303062	-0.0059440236803781155	0.0036384849342985053	0.021529351461295244	-0.004583384802448587	-0.022654074324906483	-0.01849376168054643	0.012082005686273059	-0.010527680057159124	-0.0006522434386526117	-0.011321377741547237	0.00014790878749084123	-0.0014534911701519703	0.003807569365105604	-0.006397575119795518	0.013408905003136119	0.009720761922223582	0.014989471226923401	0.004920787538706833	-0.006117285278019471	-0.0028608209619708324	-0.004117525809272916	-0.0009529926036634072	3.0647765534340014e-05	0.000383017878687661	0.0001040510443004009	0.0	0.0	0.0	0.0	0.0	0.0	0.0	0.0	0.0	0.0	0.0	0.0	0.0	0.0	0.0	0.0	0.0	0.0	0.0	0.0	0.0	0.0	0.0	0.0	0.0	0.0
ec148	0.12175893173688947	-0.0044712817147817135	-0.0032594474903001993	-0.015819680922385712	-0.009067025306182594	0.034102627621447563	0.019562296722970045	-0.014711949937860088	-0.0115568428955206	0.016489567200838638	0.0055529276589315075	0.005000177742588884	-0.007004040836174014	-0.027237981660178236	0.00767021123328987	-0.011334490155888572	0.012732830788531213	-0.0052995221176517825	0.0035014924241386536	-0.006153398011754489	0.009946161602985134	-0.0021412581833060917	0.0003940141843643999	0.00021519659145987125	-0.0016740126348831644	-0.00023694226673033077	9.133642832309448e-05	0.0	0.0	0.0	0.0	0.0	0.0	0.0	0.0	0.0	0.0	0.0	0.0	0.0	0.0	0.0	0.0	0.0	0.0	0.0	0.0	0.0	0.0	0.0	0.0	0.0	0.0
ec149	-0.11056796867300735	0.0398357921692325	0.021990760974267113	-0.035443122711763565	-0.012887812532848856	-0.006559081562793891	0.03474716729528847	-0.008046613492128986	0.0021207169042693373	-0.03551290416025997	-0.006524734457168672	-0.0034881384207878876	0.04024355347435963	0.00985701143321633	-0.007889460217923621	-0.009981219776701002	0.005780566668103893	-0.018645836840403857	0.0007711051233332279	-0.007689637561444734	-0.00040989616533704314	0.0030916482726963367	0.0025985685194461565	0.0007905485803660676	-0.001458277932790496	0.00012198426791561277	-0.0001623142971894793	0.0	0.0	0.0	0.0	0.0	0.0	0.0	0.0	0.0	0.0	0.0	0.0	0.0	0.0	0.0	0.0	0.0	0.0	0.0	0.0	0.0	0.0	0.0	0.0	0.0	0.0
ec150	0.03518571637253497	-0.05643327521939927	0.05691093384881516	0.021828155729667256	0.00022953756887356575	0.0060020496892896225	-0.008032597953522588	-0.012691084472960466	-0.013083301255922861	0.001229993569263453	-0.014751751418041689	0.003443538946065153	0.003482804935472392	0.00940995665506015	0.00016142050801924097	0.0027123098924823376	0.004422799642465055	-0.004444106516192891	0.010159312142046401	0.013498963475650818	-0.0015930685263444587	0.00022424426343097437	-0.00531095132121291	-2.6463823761488757e-05	0.0015057746233884286	-0.0006529942198514285	0.00032919782728977037	0.0	0.0	0.0	0.0	0.0	0.0	0.0	0.0	0.0	0.0	0.0	0.0	0.0	0.0	0.0	0.0	0.0	0.0	0.0	0.0	0.0	0.0	0.0	0.0	0.0	0.0
ec151	0.15740172130285	0.0352094319080662	-0.03406396862954441	-0.021120483684971485	0.014522815934837785	0.010244557112299551	0.011392215617888982	0.012794280310512853	0.007474308275796282	-0.004808960579116482	-0.005588981322470754	0.0070226195441732055	-0.002741352166466609	0.008658590596308918	-0.006805683572125117	0.00015879367357175554	0.008460655658828677	0.002699992618246763	0.0026018525867346513	-0.0003596530641044985	0.003640185602818079	0.0004981797812726943	0.006044494156265692	-0.004794958358246983	0.0019391226537106075	0.001012828070245451	0.001372580754458629	0.0	0.0	0.0	0.0	0.0	0.0	0.0	0.0	0.0	0.0	0.0	0.0	0.0	0.0	0.0	0.0	0.0	0.0	0.0	0.0	0.0	0.0	0.0	0.0	0.0	0.0
ec152	0.13808018084397733	0.0065770131558471655	-0.02645000198906397	-0.0403076588924004	0.01740707143517841	0.015539227281107328	0.007786125396011655	0.02469690438142466	-0.002271455226677305	0.015648252347788775	-0.020374834527021254	-0.001170832564710289	-0.012727091375016176	-0.0016184974056177091	0.006841399312584074	-0.0098700071680466	-0.00954398677922426	-0.0021210499029420495	-0.010166598508505072	0.007933747075200136	-0.002215605836664378	0.007587480644501179	-0.005364329950825735	-0.004420992365999261	0.00029018515558345355	-0.00024241604845167924	-0.00030557258300275555	0.0	0.0	0.0	0.0	0.0	0.0	0.0	0.0	0.0	0.0	0.0	0.0	0.0	0.0	0.0	0.0	0.0	0.0	0.0	0.0	0.0	0.0	0.0	0.0	0.0	0.0
ec153	-0.2940025836692791	0.09097476426886199	-0.06203876332914399	0.06776994040926676	-0.001803291481339192	-0.031262671899535445	-0.007008123090116927	0.022055664294942486	-0.022496901620359454	0.009901072207011955	-0.0034204198181032068	0.0012796239743784233	-0.007874653126311358	0.0012490699303347639	-0.009888093208289758	-0.009149585818276058	0.004238258373174524	-0.00352000015715516	-0.007374483287295179	-0.003050723155608556	-0.008397834868378253	0.0044589028939380805	4.7783094179427576e-05	0.003650737461260485	0.0022349850124316144	-0.0002785888431614034	-0.0001734201502183594	0.0	0.0	0.0	0.0	0.0	0.0	0.0	0.0	0.0	0.0	0.0	0.0	0.0	0.0	0.0	0.0	0.0	0.0	0.0	0.0	0.0	0.0	0.0	0.0	0.0	0.0
ec154	0.1872617993024538	0.07263288374163196	-0.04796704935937561	0.009149067122209092	-0.011449520460080447	-0.020800477143532916	-0.007127786199535196	-0.005195603552989209	0.00475472777067169	-0.0010123446846804843	0.00359837826879134	-0.0017173714165424176	0.0020522961374913086	-0.0062010970105343816	0.0023829553792191135	0.0006814828482786799	-0.004195861725291728	-0.0003778922365974808	0.010019199761387326	-0.0021090325324058462	0.00557822890234261	-0.004802297438959343	0.0041503223652755526	-0.004652965170400146	0.005869979214597641	0.0008737134374561179	-0.002228584225271114	0.0	0.0	0.0	0.0	0.0	0.0	0.0	0.0	0.0	0.0	0.0	0.0	0.0	0.0	0.0	0.0	0.0	0.0	0.0	0.0	0.0	0.0	0.0	0.0	0.0	0.0
ec156	-0.09958389596576613	-0.014174115172710042	0.10337055027627094	-0.01397737989518374	0.005897341476458025	-0.02017113534055077	0.0793992322630834	-0.0078590925415734	0.03107445712330893	-0.016346954070929287	0.018363306302592877	-0.018785863202531384	-0.033641491713458045	-0.0021369895557949935	0.007026086238206457	0.0010058282079591268	-0.002608722232506908	-0.005250738415395373	-0.0037097893514459546	0.0021557915857804417	0.0005442342929705553	-0.0026374370256638264	0.0013592700401722597	0.000139670444938316	-5.0722837618397026e-05	7.287587661992167e-05	0.0002644850192182079	0.0	0.0	0.0	0.0	0.0	0.0	0.0	0.0	0.0	0.0	0.0	0.0	0.0	0.0	0.0	0.0	0.0	0.0	0.0	0.0	0.0	0.0	0.0	0.0	0.0	0.0
ec157	0.16265452014411316	0.059157164716462915	0.02506116081751108	0.07531149064785693	0.05365655432571396	-0.03482437748241412	0.024287241490941584	-0.017801846780512307	0.010123874923492357	-0.011804684358861145	0.004370671756953063	-0.0030409084977370726	-0.017806346780584053	-0.0009546664641246061	-0.008610547009666897	0.00287522651849674	-0.004366195711767784	-0.0060700038881246945	6.0334176382127296e-05	0.0035289774021584055	0.0032196489231643105	-0.0007640100838465785	0.0009285154739767188	-0.000793597438578415	3.5385241679184756e-05	4.356339748366298e-05	0.00032930867451794524	0.0	0.0	0.0	0.0	0.0	0.0	0.0	0.0	0.0	0.0	0.0	0.0	0.0	0.0	0.0	0.0	0.0	0.0	0.0	0.0	0.0	0.0	0.0	0.0	0.0	0.0
ec158	0.09948321612747403	0.031353970874929006	0.003035812276009295	0.0017087911868286438	-0.0399075971513248	0.0363106416682749	0.010290691767065957	0.01297494948152778	-0.0010114081924886339	-0.016172569821883885	-0.013455551624313748	0.0007753601681780708	0.0013949743902971015	-0.002073468172970261	0.010408979692604941	0.016210804965534866	0.009237082378438507	-0.005913100209260366	0.001317885838425058	0.007727029885089468	0.000328218173302715	0.009714477092613038	0.003679479250506286	0.0002999154305648776	0.0016550210524786798	-0.00014205130677534024	-0.0005402151280775555	0.0	0.0	0.0	0.0	0.0	0.0	0.0	0.0	0.0	0.0	0.0	0.0	0.0	0.0	0.0	0.0	0.0	0.0	0.0	0.0	0.0	0.0	0.0	0.0	0.0	0.0
ec159	-0.2669236627966733	0.08300730187570063	-0.0484403322607956	0.04863812949253771	0.0017549753128995368	-0.031982776423143046	0.006428551708305629	0.022163574408289487	-0.006739670218731188	-0.004361541663775652	-0.007532974011990724	-0.007932868869146808	0.018326868839587836	-0.0123881049053152	0.009742301326760768	0.003683034420425979	-0.014176182966814034	0.004006247627510814	0.006894131702447041	0.0019515202299043295	0.007179465807689987	-0.007118547321802875	0.004408116104246528	-0.004261001106070857	-0.0017847954188172574	5.8792200380196453e-05	0.00027048067503362906	0.0	0.0	0.0	0.0	0.0	0.0	0.0	0.0	0.0	0.0	0.0	0.0	0.0	0.0	0.0	0.0	0.0	0.0	0.0	0.0	0.0	0.0	0.0	0.0	0.0	0.0
ec160	-0.1695535345221062	0.025910381893184734	-0.012841501517637093	-0.03301944007034232	-0.0074736471855056975	0.029711394857050648	0.024793626447201362	-0.02036302722291182	-0.001799096106209202	-0.00563547896710311	-0.0041224567225544425	0.006049833917195372	0.007529005285774467	-0.004722229099021993	0.01733522815889279	-0.0015973459521789613	-0.016547412473535885	0.010907795709127248	0.0012361772973740416	-0.004778675778668001	-0.012782558748809177	-0.0008950406149160874	0.004960224843010818	0.002186334467276208	0.0017052023886676968	-0.00011635108111710736	-0.00011212606122621314	0.0	0.0	0.0	0.0	0.0	0.0	0.0	0.0	0.0	0.0	0.0	0.0	0.0	0.0	0.0	0.0	0.0	0.0	0.0	0.0	0.0	0.0	0.0	0.0	0.0	0.0
ec161	0.13520395014846673	0.027683555340924097	0.016473069793014227	0.03196742735041226	0.0402274547419251	0.022143564990273815	0.018193463261549202	-0.025219848297772567	0.017917596640577554	-0.006054728116187368	0.0036348976836136793	0.008634070759022216	0.020469638665617802	0.015682633704430744	0.00044292609666606183	-0.002172316770560434	0.007386325745672993	0.00811613067339263	-0.00582187959447841	-0.004858605493083067	-0.0035099176601611384	0.0016845545225782847	-0.00024389328225030393	-0.0016381464818427123	-0.002114660663056948	-0.0005459106094848673	-0.0005074393393476299	0.0	0.0	0.0	0.0	0.0	0.0	0.0	0.0	0.0	0.0	0.0	0.0	0.0	0.0	0.0	0.0	0.0	0.0	0.0	0.0	0.0	0.0	0.0	0.0	0.0	0.0
ec162	-0.016112433601616356	0.039822277724075386	0.11848148189052811	0.017203276381870546	-0.007372948842877004	-0.06503397933117366	-0.03209920522799872	0.00271308783478036	-0.0057103490597678165	0.006284106025130734	0.00594806071622793	0.04645519020135504	-0.0019125053075132747	0.023569083388191747	0.02255682304816649	-0.004104159503441458	-0.007367405505465618	-0.0066545323434707175	0.0023690790487232317	0.0011679998632279642	0.006861939791551246	0.0008047908482325653	0.0006044574627809897	0.0009543734762134132	-0.0004825998702024955	-3.2961843158106165e-05	8.269650454317111e-05	0.0	0.0	0.0	0.0	0.0	0.0	0.0	0.0	0.0	0.0	0.0	0.0	0.0	0.0	0.0	0.0	0.0	0.0	0.0	0.0	0.0	0.0	0.0	0.0	0.0	0.0
ec163	-0.036971308360866595	-0.17723280484449827	-0.03281594867860914	0.057399034825008896	-0.02559432345491465	0.016593494262643445	-0.0009413176944726819	0.0105801470915344	-0.011668556110366178	-0.013588913306691309	0.00029183775045456186	-0.015367658224229908	0.0067735993586477685	-0.0010918738321902277	0.02307843964697492	0.011133700376010861	0.0018701366337274708	-0.0037211644544449573	-0.0032229810042315576	0.013440065609127128	-0.0003186759717514006	-0.0013077321161562609	0.0036041057648960252	-0.0013893995437074698	-0.0009331337428466998	0.0001376315426151857	-1.183306970076564e-05	0.0	0.0	0.0	0.0	0.0	0.0	0.0	0.0	0.0	0.0	0.0	0.0	0.0	0.0	0.0	0.0	0.0	0.0	0.0	0.0	0.0	0.0	0.0	0.0	0.0	0.0
ec164	-0.13925800608041183	-0.11906551289468092	0.005471164684006932	0.004031663238479516	-0.0365800536564403	-0.02541290542444132	0.03088238009727389	0.010324076375157887	-0.006200055130723674	0.0030739556824125923	-0.006267689906558138	-0.0020760642988742217	0.01719010225862943	-0.0018506577071004898	-0.0111481148017337	0.0007583899704956704	-0.003961866122268401	0.004237906761730593	0.0022694678534691043	0.00782495661574922	0.011518122190721342	-0.0009266636609523838	-0.006038522607546446	0.002305521796827735	-0.0022114235370987926	0.00034113896825598494	0.0002633529035699609	0.0	0.0	0.0	0.0	0.0	0.0	0.0	0.0	0.0	0.0	0.0	0.0	0.0	0.0	0.0	0.0	0.0	0.0	0.0	0.0	0.0	0.0	0.0	0.0	0.0	0.0
ec165	0.018008817565500573	-0.05882197754576123	0.05877244835288747	0.015224512574859855	0.007274588521097638	-0.025805222200338124	-0.04455233249374551	-0.015137910022711273	-0.024318978069710964	-0.04957680519801454	-0.023362047355678872	0.00046467704256695987	-0.01185087637975946	-0.02443973528777889	-0.002559465353013022	-0.005496098490610487	0.012095599611450849	0.0032262589060080608	-0.004301206387910793	-0.010462326747091142	-0.003082017384205294	-0.0006337171814160677	0.0011750878359955664	-0.0011621519525795417	-0.0023514620282676646	0.0005745694607722189	-0.0003080705873437511	0.0	0.0	0.0	0.0	0.0	0.0	0.0	0.0	0.0	0.0	0.0	0.0	0.0	0.0	0.0	0.0	0.0	0.0	0.0	0.0	0.0	0.0	0.0	0.0	0.0	0.0
ec166	0.13251786624924689	0.04556734693327173	-0.01890091276293444	0.01065613501786795	-0.0349139316014586	0.021662426421436932	0.007788235895646832	0.002677480272021838	-0.005618304885461862	-0.013330190540261732	-0.009914410099877837	-0.006508009926008385	-0.0030709524173907804	0.017095437246781725	-0.0007054294372369137	0.000127629025582627	-0.0037593691359109494	-0.005089086602562904	-0.0002841173823535887	-0.01197152848614913	0.002418989949118358	-0.010016836249292971	-0.010297188599520363	-0.001564548944471336	0.0019296362385918474	-0.0004927549279147803	0.0012832921250780145	0.0	0.0	0.0	0.0	0.0	0.0	0.0	0.0	0.0	0.0	0.0	0.0	0.0	0.0	0.0	0.0	0.0	0.0	0.0	0.0	0.0	0.0	0.0	0.0	0.0	0.0
ec167	0.1654199850507655	0.05160540555005419	-0.0377582261508862	0.0035898438347791283	-0.01717920079570497	0.005730664141838019	0.013491100397873986	-0.007831900449551515	-1.1480562759110737e-05	-0.003973939620165175	0.0018607179110365218	0.0023256094615511256	0.00289541784881749	0.005115694601083821	-0.005403100081944867	-7.70834148033034e-05	0.0012960949004228825	-0.007573880825866411	-0.00741788546138534	0.0034943941885192233	-0.0009617737703337898	-0.0029073671691875135	-0.005874390654008682	2.2836605426212984e-05	-0.0037838552863233383	0.00016349845943058362	-0.002687705773743028	0.0	0.0	0.0	0.0	0.0	0.0	0.0	0.0	0.0	0.0	0.0	0.0	0.0	0.0	0.0	0.0	0.0	0.0	0.0	0.0	0.0	0.0	0.0	0.0	0.0	0.0
ec168	-0.09831401575448671	0.016471204390696416	0.0040442654197380985	-0.08483022009541616	0.007491545120793313	-0.008004302646624153	0.017358552122303916	0.01798084004459651	-0.011466445944448954	-0.010148304621777066	-0.024039417763788925	-0.0024277843092260737	-0.0034250190609479785	0.0019281209012219397	8.518735116215819e-05	-0.007393174141855017	-0.00913568779630948	-0.0007362660431441722	0.0011124914509328127	0.0038784254593835147	-0.0020047754193886287	0.006598396754821745	-0.00513232592553131	-0.003710559559763933	6.926786535215581e-07	-0.00017972940824442576	8.769827583215342e-05	0.0	0.0	0.0	0.0	0.0	0.0	0.0	0.0	0.0	0.0	0.0	0.0	0.0	0.0	0.0	0.0	0.0	0.0	0.0	0.0	0.0	0.0	0.0	0.0	0.0	0.0
ec169	-0.2582729412293692	0.030706367656401348	-0.03458370362162143	0.0242047263384749	0.008262558746316503	0.05026250755010809	-0.000494290737693484	-0.011772458900237455	0.021145220537018363	0.005500048071929621	-0.020099684566224588	0.0281905539491666	-0.009822887569527409	0.002041160125480701	-0.014990085344964417	0.015711672810186775	0.003224361154835306	-0.0009688698480585785	0.007705406654659883	0.001337202331335821	0.005174796194367401	0.002561630933962698	0.0026384204929713892	-0.0009729330749102161	-0.0007856762254000408	0.0003902584383059793	0.00018853773295280876	0.0	0.0	0.0	0.0	0.0	0.0	0.0	0.0	0.0	0.0	0.0	0.0	0.0	0.0	0.0	0.0	0.0	0.0	0.0	0.0	0.0	0.0	0.0	0.0	0.0	0.0
ec170	0.04879660739649132	0.08836492694731907	0.015982253211276186	-0.005051392184334998	-0.043878263719255885	-0.0063066508698843985	-0.007731913242286898	0.02281178661873763	0.02518957041745858	0.04106612558664031	0.0021835385992014663	-0.000317592151765631	-0.0010509488409620722	-0.011748983030555757	0.001078480751622925	-0.008039893430607337	0.013150676334816785	-0.0036972936755110134	-0.000343604039626941	0.0013737996865578782	0.006332977774238809	-0.0008494004366785074	0.00016883896082892726	0.001581747592536652	-0.0008051597775809565	0.0002503039967119851	-0.0001816493751597029	0.0	0.0	0.0	0.0	0.0	0.0	0.0	0.0	0.0	0.0	0.0	0.0	0.0	0.0	0.0	0.0	0.0	0.0	0.0	0.0	0.0	0.0	0.0	0.0	0.0	0.0
ec173	0.10134277607073966	-0.006233096216672755	0.02774695814832598	0.026862247885306983	0.02958339254705333	0.031153822038333015	0.021069717309038217	-0.015081230267078556	-0.008590114162244259	0.007870704019829792	-0.006450061967457805	0.015936636575528598	0.0010650239965162142	-0.006870750898703525	0.009448269479209017	-0.005054893332613011	-0.01356626697567013	0.0071349857883998445	0.00874144735685209	-0.0035793014260852665	-8.704062488293346e-05	0.008284382371553194	-0.004090809606016498	0.003917494292140252	0.0023488987043978203	0.0007026475632884442	-0.000494179750604861	0.0	0.0	0.0	0.0	0.0	0.0	0.0	0.0	0.0	0.0	0.0	0.0	0.0	0.0	0.0	0.0	0.0	0.0	0.0	0.0	0.0	0.0	0.0	0.0	0.0	0.0
ec175	-0.12989627968586473	-0.13218708415007793	0.011563055641337791	0.020832686626818794	-0.04282206067367674	-0.02913316473248852	0.015924520790702733	0.027362579360318027	0.0087356848861606	0.02100080469178843	0.0077173453403931785	0.009304388353906358	-0.0007285279269453738	-0.0002136889337160733	-0.006025262981095283	-0.008440363041897967	0.00958960381557268	0.0031140651263139307	-0.00521041021815149	-0.002959930806099157	-0.009928698155384233	0.002511718114669651	0.005496616239857926	-0.0011144599126210887	0.002370001516825604	-2.8290901255337076e-05	-0.0003635918483549244	0.0	0.0	0.0	0.0	0.0	0.0	0.0	0.0	0.0	0.0	0.0	0.0	0.0	0.0	0.0	0.0	0.0	0.0	0.0	0.0	0.0	0.0	0.0	0.0	0.0	0.0
ec176	0.15961545623141224	0.04344732983272444	-0.03571660828869717	-0.000386717952339013	-0.012376129542075663	0.015293740086680099	0.01803362614244294	-0.009899847808783615	0.004875755903483041	-0.0006434075169314571	0.00634913380778001	0.010446858318813848	0.003788958120314116	0.006521106085395795	-0.006486617263845743	0.0018724650007849917	0.0026709680053875785	-0.00799796325728105	-0.0031438314637593965	-0.00028282830295611944	-0.00535930646966671	0.00035790575801796523	0.0125104352506387	-7.297593549810923e-05	0.0009949124137108997	0.00014395101088557683	0.0011703406628751482	0.0	0.0	0.0	0.0	0.0	0.0	0.0	0.0	0.0	0.0	0.0	0.0	0.0	0.0	0.0	0.0	0.0	0.0	0.0	0.0	0.0	0.0	0.0	0.0	0.0	0.0
ec177	0.19752206559963856	0.07198319400603409	-0.055290527265379134	0.005847405773190365	-0.015974180276257237	-0.01976714904107767	0.0004751941261668946	-0.001960825914603338	0.004521403172511627	-1.8682909362918888e-05	0.00402909174966624	-0.00010424021576800942	0.005556062701681512	-0.007447366064640624	0.0072155364009866725	0.00041866488754755993	0.004168157833009543	0.0002704125299492037	0.00016933471185009736	0.004176173342127514	-0.006108358557802136	0.0006599834476867037	-0.007368625159199068	0.004784375982019837	-0.0006885196614929282	0.004633981971718786	0.0013455517713568746	0.0	0.0	0.0	0.0	0.0	0.0	0.0	0.0	0.0	0.0	0.0	0.0	0.0	0.0	0.0	0.0	0.0	0.0	0.0	0.0	0.0	0.0	0.0	0.0	0.0	0.0
ec178	-0.20295840377491736	0.08706165280134369	-0.03517128774943715	0.0031454550714806323	-0.0003378807705320055	0.0038611516670202855	-0.018989449103349484	-0.018377008323928308	0.02000959613795126	-0.0037154949979079097	0.00047700163494179284	-0.0029775498947306944	-0.0016633417016262623	0.006638307966950156	0.007154527341530674	0.0024471495065398166	-0.0022049956996998744	-0.006778939818690656	-0.009549572398023305	-0.002023429100934461	-0.0005079322400583568	-0.00955822355727754	-0.0035774041612530055	0.002298596103527689	0.003147036349342089	-0.00014827697309746939	-0.0007290643077245622	0.0	0.0	0.0	0.0	0.0	0.0	0.0	0.0	0.0	0.0	0.0	0.0	0.0	0.0	0.0	0.0	0.0	0.0	0.0	0.0	0.0	0.0	0.0	0.0	0.0	0.0
ec179	0.02656832152274081	-0.09372391690479408	-0.002257981404091037	-0.022085845961542977	-0.05715585594224504	0.000422497433079741	-0.012760644624892353	-0.020846409470839294	-0.016495130328661005	-0.025436366636431017	0.012898757217802937	-0.015949232154919092	-0.008929225628509176	0.009315150803160978	-0.004307467122046486	-0.003428856961636463	-0.0026550189736097942	0.0024077255318553873	-0.0012154845684770655	0.009537448984325072	0.0034957474042475035	0.0027366523926230304	0.0005987335817644537	0.0034659673011097486	0.002576146244805817	-0.0002447381678255716	-5.337212128031775e-05	0.0	0.0	0.0	0.0	0.0	0.0	0.0	0.0	0.0	0.0	0.0	0.0	0.0	0.0	0.0	0.0	0.0	0.0	0.0	0.0	0.0	0.0	0.0	0.0	0.0	0.0
ec180	-0.0062075499006338745	-0.02753704837201335	0.027786966841278148	-0.040891827275065094	-0.053983766968887265	-0.011006383791156796	-0.0012610831250620786	-0.0019244623003199205	-0.009916368626212556	0.01965924904677028	-0.00116770372341776	0.01584052013081047	-0.0032844491999368002	-0.011169327978931512	0.005988531893881245	0.011918679130249845	0.004372777339438941	-0.002887198056504114	-0.0019356753786893904	-0.0068540888353466264	-0.008248111746387832	-0.004274205786784983	-0.0004332186305583817	-0.0035520973457809847	-0.002933614970175303	0.00036935993053348884	0.00015764755579098918	0.0	0.0	0.0	0.0	0.0	0.0	0.0	0.0	0.0	0.0	0.0	0.0	0.0	0.0	0.0	0.0	0.0	0.0	0.0	0.0	0.0	0.0	0.0	0.0	0.0	0.0
ec181	-0.029428950564647748	-0.1904170392606949	-0.047502793375678365	0.07651098936705006	-0.01646541477634187	0.013660456486377625	0.014655619209887562	0.006174102786732413	-0.020208806314842474	0.0021669590270516096	-0.0030221703304961853	0.0042137207575468055	-0.014409198583701396	0.011232319882154979	-0.010869139307887124	-0.007965113555240398	-0.002124314451070424	-0.0029532065399832984	0.0033084595005106227	-0.014654143514087168	0.0022425067165513395	-0.0001627056822024235	-0.0027326589163571865	0.0006222606813597337	0.0006115133711693114	-0.0001348055712911701	-4.819218658666969e-05	0.0	0.0	0.0	0.0	0.0	0.0	0.0	0.0	0.0	0.0	0.0	0.0	0.0	0.0	0.0	0.0	0.0	0.0	0.0	0.0	0.0	0.0	0.0	0.0	0.0	0.0
ec182	-0.05609825961389588	-0.14660159342563267	0.013579297062956049	0.010606972893954758	-0.04817461224279147	0.03358554187849288	-0.04523095951300848	-0.013889408505764374	0.07126199393115737	-0.0030174434742892484	-0.006273629356848885	0.0021597648798724564	9.999703180248945e-06	-0.0062056763224844136	-0.00655431439256807	0.0018632705968300183	-0.011441362783345647	0.004154148337108257	-0.0015495403328140216	-0.0023744497411311333	0.0016162756549397712	0.0012229477084291411	-0.0018234975385333192	0.00019358231547191135	-0.0003816533832106383	-0.0003511550336102118	0.0001238050473394695	0.0	0.0	0.0	0.0	0.0	0.0	0.0	0.0	0.0	0.0	0.0	0.0	0.0	0.0	0.0	0.0	0.0	0.0	0.0	0.0	0.0	0.0	0.0	0.0	0.0	0.0
ec184	0.19323999616263263	0.07239273136875898	-0.05260483838425754	0.00861702164587482	-0.012192184494750591	-0.02479667756727424	-0.0032194726814864317	-0.00146010909201019	0.0024983242607266054	-0.0013971988904797556	0.002876324668712321	7.86794036435164e-05	0.004172731677621821	-0.009543400276154593	0.005880369413427058	0.0016695577079366693	-0.0002459235912055028	-0.0015573946758644566	0.009624620094305732	0.0015024142560282417	-0.005255225831904866	0.0008479863499483102	-2.052640209849201e-05	0.0030429523975079587	-0.003165968032911114	-0.004336919915338657	0.0008722090527671085	0.0	0.0	0.0	0.0	0.0	0.0	0.0	0.0	0.0	0.0	0.0	0.0	0.0	0.0	0.0	0.0	0.0	0.0	0.0	0.0	0.0	0.0	0.0	0.0	0.0	0.0
ec185	0.023062106552367137	0.05714740315055837	0.10969593406572231	0.0336881163127153	0.005451885985032845	-0.03858125128824514	0.023736198727495682	0.010056356191282336	0.006323327226977488	0.020817947559935022	-0.012623076365449962	-0.016631628049589037	0.006984016811162902	-0.010310647713233968	-0.013378108938899656	0.026217899390579294	-0.0033822843540602656	0.005458285353600971	0.000473893699298501	-0.007051435821018873	-0.005577630853473108	0.0042252848252810615	-0.002855414673537868	0.00026104699966430876	0.00038584552893413494	-0.00014961306377489475	-0.0004293270192913419	0.0	0.0	0.0	0.0	0.0	0.0	0.0	0.0	0.0	0.0	0.0	0.0	0.0	0.0	0.0	0.0	0.0	0.0	0.0	0.0	0.0	0.0	0.0	0.0	0.0	0.0
ec186	0.08905344062061069	-0.07087834619291561	0.054379825323432746	0.02360760616743696	0.023828888927005548	0.012008101524840829	-0.010681428933271628	-0.036615346448465834	-0.029100094064005176	0.03778637216199835	0.005224523250327166	-0.012396061714709309	0.01433883041228907	0.004569846538482861	-0.016587762625811145	-0.006572451157666314	-0.005553628275827437	0.0035661803219081156	-0.0013497547817629078	0.009190390376911868	0.0004688975438847264	-0.0016991441313775222	0.005578535603067439	-0.0019276629030130707	-0.001715891857557596	0.0006808962509484353	-2.320544771657751e-05	0.0	0.0	0.0	0.0	0.0	0.0	0.0	0.0	0.0	0.0	0.0	0.0	0.0	0.0	0.0	0.0	0.0	0.0	0.0	0.0	0.0	0.0	0.0	0.0	0.0	0.0
ec187	-0.1932833845455966	0.09305509995594692	-0.025936083360472564	0.00010927061144033012	0.007381531507460892	0.0003044531478609728	-0.024901524806346956	-0.017678965107364608	0.014481047794134042	-0.0012592000256163875	0.020799941622087464	-0.011110183010479443	0.002915895088067908	0.0027698791205901232	0.0010117541590699396	0.0027360542039521953	-0.003800051543080694	0.003198035314722188	-0.007672300934352391	-0.0055610254342374245	0.007065316840693394	0.012205618170364061	-0.002580601146829304	-0.0004974846833994274	-0.002649012662375426	0.00046848750564685806	0.00029428466730723	0.0	0.0	0.0	0.0	0.0	0.0	0.0	0.0	0.0	0.0	0.0	0.0	0.0	0.0	0.0	0.0	0.0	0.0	0.0	0.0	0.0	0.0	0.0	0.0	0.0	0.0
ec188	-0.15032765676226365	0.10979369141696022	-0.030260814638025175	-0.03733270620299026	-0.021802093063654056	-0.01584916881356703	-0.02659650537895576	-0.02531881569977519	-0.02252308626854166	-0.0035350366262431295	0.009056522961209736	-0.000583615067236495	-0.02018853442704187	0.00011755724932551081	-0.013398507891506487	0.008853109943130663	-0.000769473925146326	-0.002136845833347888	0.005885827869206558	0.00744834362726534	-0.0016705840857567968	0.0011559166338069135	0.002560444960762467	-0.0004758706335840446	0.00010237258249348188	-0.0004331407715734537	0.00011191860692556468	0.0	0.0	0.0	0.0	0.0	0.0	0.0	0.0	0.0	0.0	0.0	0.0	0.0	0.0	0.0	0.0	0.0	0.0	0.0	0.0	0.0	0.0	0.0	0.0	0.0	0.0
ec97	0.014512043690329383	-0.21543035138017236	-0.12043450405365136	0.007164076642097089	0.07560726912337623	-0.04420631973383665	0.010295781913961865	0.008771455590396928	0.017851727538987318	-0.0023794437097946746	0.008324240904247123	0.006921213153003651	0.004548695628941941	-0.006173316876840085	0.00885551387534569	0.002933756392433672	-1.70924637159169e-05	-0.001017240364028811	0.001585171312386749	-0.0012207435693650434	-0.000983736461965432	-8.627975742718622e-05	-0.0002520994594096396	0.00036983977521676633	-8.973685878139648e-05	-1.0553383728381871e-05	0.00011865471963306751	0.0	0.0	0.0	0.0	0.0	0.0	0.0	0.0	0.0	0.0	0.0	0.0	0.0	0.0	0.0	0.0	0.0	0.0	0.0	0.0	0.0	0.0	0.0	0.0	0.0	0.0
ec98	0.1412727107524493	0.02138354454102955	-0.024847693603025328	-0.024507788254951864	0.01677775081436339	0.019075447537353265	0.015855479963838882	0.013867582402765439	0.002399383138368166	0.00041418565829025403	-0.006598051335437101	0.010714282306400136	-0.010776908015076707	0.004703653607373845	-0.0027890921042479522	0.0004570248041688809	0.002489856499194596	0.012999274787971358	-0.001838468405535417	0.006023515722599772	-0.0013448921713240735	-0.00858982792509394	0.0028654147963923403	0.006039055854839603	-0.0030375067497017336	-0.0007387248970147568	-0.0006289165113971282	0.0	0.0	0.0	0.0	0.0	0.0	0.0	0.0	0.0	0.0	0.0	0.0	0.0	0.0	0.0	0.0	0.0	0.0	0.0	0.0	0.0	0.0	0.0	0.0	0.0	0.0
ec99	0.057298530469425894	-0.02013157278503323	0.05149021910483018	0.006789461149402883	0.033524797853480955	0.01688800647770929	-0.03131749073810952	0.008402858174814218	-0.015583782004015539	-0.0022109711808984424	-0.012026524410433203	-0.01454805917176602	0.0007484005551693059	0.006525438266995103	0.017172951897369244	0.013657017363302803	0.011194643452607922	0.005660487173633089	-0.01459427984162527	-0.008810839475379216	0.007513382809429754	0.0008823685440420054	0.004399222220948105	0.002013022490512367	0.0012009503048237182	-0.00011077412109019036	0.0001894054117973825	0.0	0.0	0.0	0.0	0.0	0.0	0.0	0.0	0.0	0.0	0.0	0.0	0.0	0.0	0.0	0.0	0.0	0.0	0.0	0.0	0.0	0.0	0.0	0.0	0.0	0.0

Biplot	0	0

Site constraints	0	0
