Eigvals	46
2.5395527913383797	0.1218573841944667	0.10165910369420393	0.0780771475286071	0.05581728125986579	0.04486835423312014	0.03800284860796467	0.028445849658018406	0.023669147062598282	0.020500020972624898	0.01950992525932327	0.01736665327779434	0.014966955968668797	0.012788753376071165	0.011651436835948272	0.010731878623030182	0.009758370810038565	0.008159539651913935	0.007605455766190058	0.0069947732366638805	0.006338666189855608	0.005588954387345205	0.005123994875284423	0.004587174913323127	0.003870758944386642	0.0034876158415256785	0.0022330408443003245	0.001850717589383384	0.0013192145360716272	0.0007034322052707504	0.00039056680846859607	0.00030683619759606755	7.883512026883241e-05	5.80770191565879e-05	4.150248300107545e-05	0.0	0.0	0.0	0.0	0.0	0.0	0.0	0.0	0.0	0.0	0.0

Proportion explained	46
0.7916402852481829	0.03798590630300127	0.03168961169897219	0.024338543207970395	0.017399602248493105	0.013986555768744	0.011846410917253532	0.008867262225934218	0.007378248011273511	0.006390354437881083	0.006081717556783592	0.005413607624747953	0.004665563690089571	0.003986565038195604	0.00363203584970574	0.0033453872206795476	0.003041921190992539	0.0025435266868899394	0.0023708052822229765	0.002180440705625455	0.0019759162037288384	0.0017422128260248919	0.0015972736532650022	0.0014299338329378198	0.001206609575241905	0.0010871745643713975	0.0006960930668510006	0.0005769136224969602	0.00041123121173193203	0.00021927690321405739	0.00012174916021399389	9.564829517145221e-05	2.4574821720600203e-05	1.810401743499704e-05	1.2937331956058362e-05	0.0	0.0	0.0	0.0	0.0	0.0	0.0	0.0	0.0	0.0	0.0

Species	0	0

Site	46	46
ec1058	-0.2358350937887554	-0.03795334015492366	-0.0013606934815196903	0.027051792090610458	-0.006018443466413876	-0.06105853100524318	-0.03162272349177733	0.013871087529752786	0.014686195233440983	-0.025062808478847794	-0.021674590524699687	0.0035871886900060625	0.005053292597177297	0.0003294974792445747	0.007992358931822334	0.04945400125699703	0.002839673205566694	0.0320425379235881	0.013416796911630453	-0.017478414892553525	0.032553086756286924	-0.004150489529164164	-0.0032123078902282043	-0.001736562077948471	0.001697800161431666	0.007836084492625904	0.002053093654852544	-0.004677372629646676	-0.006024982383125478	0.0008307629365897284	-0.0007212360548293308	0.0016447247110960308	-0.0004215564815272322	-6.503319773251436e-05	0.0004845829344431041	-0.0	0.0	0.0	0.0	0.0	0.0	0.0	0.0	0.0	0.0	0.0
ec1059	-0.25648423670047366	-0.019964914686560645	0.05558047740639765	0.0008885739364898415	0.0030855592822146426	0.029788131318592117	0.016058630790308857	-0.0035459799646326146	0.02444183334823996	0.027698436606250976	-0.02630214594651578	0.017658929825405855	0.005021752701516081	0.005922442002167658	-0.006109804127082431	-0.01928138385532201	0.012349950190506375	0.031849616322701065	-0.015576124874533593	-0.011546879238239743	0.001019075487257915	-0.014225006994405459	-0.015984032822894855	-0.024295417868549492	-0.004416942678156237	-0.03007853617067457	0.001445014185449804	0.0006836513117156806	-0.002444783460140636	-0.002938099305733464	-2.3768403016192003e-05	0.00022997186678631578	-9.71698626693757e-05	-9.939051072103387e-05	-0.00016381512327099147	-0.0	0.0	0.0	0.0	0.0	0.0	0.0	0.0	0.0	0.0	0.0
ec1065	-0.2645179763099356	0.023541086134099307	-0.03908599331412112	-0.060225429326556855	0.1100601757078812	0.006168382831447965	-0.11005856466227136	0.017296519212702383	-0.02666120807449144	0.01949032053886495	-0.016873695355986856	0.00294973748226194	0.0054914568167006485	-0.0035472639295063154	-0.0005592474287801615	-0.0035310233591919777	-5.969713194845267e-05	-0.0025152749018172486	0.0027337513340540557	-0.001998660670409375	-0.006225236877089385	0.0004259154664426309	-0.0007841770084939622	0.0034259486390135338	-0.0012968480401900212	0.001868260026890915	0.0015404963055157773	0.001281322530475546	-0.0002077133724253346	0.002373390642307929	0.0001950383674573889	0.000736571681083688	-0.0003813150402947407	-5.2340001723720244e-05	0.0002233902159264961	-0.0	0.0	0.0	0.0	0.0	0.0	0.0	0.0	0.0	0.0	0.0
ec1073	-0.23579373603193923	-0.0468128796252682	-0.028595941054107666	0.04349769651580232	0.03349786328862696	-0.00901979856952862	-0.012262305013907758	0.012608074008712592	0.08635487899812744	0.007988292220006554	-0.02924408636805162	0.0016623105470556258	-0.02650424645622624	0.02005664876362933	-0.0006928179821008933	-0.0305002417625966	0.0029492328820089992	-0.0330557380494357	-0.0019978217443081124	-0.01626037066622275	0.014897678411335259	0.005792918032700581	0.009223109111728274	-0.0022152011062492867	-0.0047779237796044035	0.008751448765871908	-0.007586967302234515	0.0041906721695371225	0.002532264387545673	0.0009179376185171358	0.001759554717617118	-0.0007163586911632104	2.467567509044637e-06	0.0003148049858024643	-0.0003444007025719638	-0.0	0.0	0.0	0.0	0.0	0.0	0.0	0.0	0.0	0.0	0.0
ec1075	-0.24050520224010666	-0.019097360610529395	-0.0047394716962151345	0.001041405334666477	0.012498149831962164	0.014597359404280686	-0.0013215847538730527	0.006275131171165173	-0.02310451852528767	-0.02431461146398263	0.03210683929640038	-0.007570419331056393	0.045080842193112376	0.016775255848579217	-0.04655189381195755	-0.005753267657030884	0.039008119040170916	-0.00857081941552115	-0.015097710069777599	-0.016925815884057005	0.004615178169633369	-0.011584933601581002	-0.0035038914984928697	0.009789833168080712	0.017243933212081196	0.0016489587053503457	0.0015435546954933488	-0.002152292294254972	0.0026193570595413676	0.0019546492951112104	0.002009157627483411	-0.0014064204855583895	0.0006193031019459821	0.0007818060614072297	-0.0002605180599985315	-0.0	0.0	0.0	0.0	0.0	0.0	0.0	0.0	0.0	0.0	0.0
ec1078	-0.24013600585186504	-0.05149814563076986	0.008890980420553859	0.04342168543737335	-0.015099193060319475	-0.09510661341722226	-0.033840622725769785	-0.027132578394110488	-0.0009058074993465383	-0.01050653811036481	0.014974185274164161	0.02718862047206193	-0.010862506829328206	0.03139118901429327	-0.004522827796646593	0.012309539770329572	-0.01045088630324563	-0.018340239075741564	-0.006935140827303885	0.029729075162569656	-0.017297728826094882	-0.010939562448550249	0.011121552249118724	0.006047215107735545	0.0026355911263812003	-0.023240386694340292	0.004949962139813567	0.0022831852552870316	-0.001034366695684738	-0.0008538548122426974	-0.001424044133343077	0.0007542663751668338	0.00029999959563607525	5.619311515649972e-05	-0.000180426049350715	-0.0	0.0	0.0	0.0	0.0	0.0	0.0	0.0	0.0	0.0	0.0
ec1084	-0.25172788102925825	0.005188852301052557	-0.023896542618225148	-0.030948970334099823	-0.036126952364537175	-0.012572951322099691	-0.006084883550524894	-0.013608888447567745	0.0102473577315622	-0.02379008022465649	-0.014581571763925433	-0.022782682886657395	0.017964568997148277	-0.0509911474299116	0.0022680088654536933	-0.0051155677353721864	0.022935634059526012	-0.03164419492657009	0.0024068431211211176	0.030388508680052228	0.012484768431062592	-0.012792787677098651	-0.0224711453301463	-0.006539071111032976	-0.010010485940729013	0.0029003748009354554	0.002286064478023864	0.005035401836466651	-0.0057707114525909296	-0.0016196680430604735	-0.0012610755993380796	0.0009971985371531546	-0.00021495056774837587	-0.00047735250501704425	-0.00017247997854518733	-0.0	0.0	0.0	0.0	0.0	0.0	0.0	0.0	0.0	0.0	0.0
ec1091	-0.23730901824560402	-0.03566623777153502	0.03126929591566878	0.03355046497097867	0.04521335040563883	0.04819973967944591	0.04166106741407147	0.006156580059884171	0.02074491861457515	0.01227340951444488	-0.0028287922463692636	0.004388013959287304	0.018797764133607738	-0.013030725248193669	-0.007048784617591177	0.006747157320657929	-0.03506630963173918	-0.01554680959036322	0.04894828298540062	0.0032892108432950313	-0.0018865554669924432	-0.006330458011870778	-0.009520654904987639	0.008345603136204627	0.012663073984513525	-0.009367802154774656	0.008821723346814648	-0.007636217063892382	0.0009559569537526214	0.002387770158707858	2.6408364506209313e-05	0.0005151634062095836	8.859484652533906e-05	0.0002280993020242888	0.00023975619898256983	-0.0	0.0	0.0	0.0	0.0	0.0	0.0	0.0	0.0	0.0	0.0
ec1092	-0.2577593525315514	0.03563407915020499	-0.0669534721302953	-0.06150508523259192	-0.03328793355111399	0.025678993324758762	0.023484287398365247	-0.0333569992286968	0.015991155425779963	0.022372060661276262	-0.017545709918512235	0.023489214590448636	0.00685564330331768	0.013642010249031545	0.008123158693651038	-0.013786212845187646	0.003207556025586404	0.017073338959279462	-0.007627557742679116	0.0073369284790465086	0.002301474688016231	-0.0010579528935728822	0.022115164068121626	0.01644803594600863	0.014754548495019634	0.010428798817582926	0.008964558780866888	0.0003493931872199109	-0.008333819626313438	0.004802133406008969	-0.0036220136593602356	0.002084110457268016	-0.0009209176088513157	-0.0006852551509768095	0.0002147669631600184	-0.0	0.0	0.0	0.0	0.0	0.0	0.0	0.0	0.0	0.0	0.0
ec1094	-0.2685119801686744	-0.0036147415746599285	0.0618129718087736	-0.023879340133424343	-0.022627725078506793	0.009204375405508777	0.001118181212829111	0.009155210798934303	-0.044305373673876706	0.05560229367225907	0.035495091838925165	0.018255601399551825	-0.025526001726182898	0.014169098766655343	-0.005755398248909299	0.0006384472651859255	0.011086915685616665	-0.010134767888100343	0.0063311893577380676	0.01586570106112715	0.039744261998831416	0.026019710560682942	-0.00817659896367653	0.0034518311336142497	-0.0030153362827034748	-0.0043926028952950774	-0.006521127724623894	-0.0026955725966672714	0.0024125306163817455	0.0014320744508663319	-0.00017676096477308828	-0.0006402915848302861	-0.00036840719919776924	-0.000227190987510784	0.00021780725624215335	-0.0	0.0	0.0	0.0	0.0	0.0	0.0	0.0	0.0	0.0	0.0
ec1098	-0.2318459277167463	-0.019582744327583383	0.07561163459315817	0.023608732043781586	-0.00502578115488532	-0.0034964751469375647	0.012421695396978722	-0.02856299896042781	-0.019960152811523864	-0.06164394316630037	-0.039515605601873206	0.016244119647975924	0.03598091408116819	0.021008663771535662	-0.012868526061646478	-0.021389582530567046	-0.007633268007617809	0.004827384759208625	0.003947920388753979	0.005580434689816868	-0.006352813644567963	0.03110282795780364	-0.0002856221875791906	-0.00544855480548758	-0.011438095495848096	0.009608053259157345	0.0002390824483037814	-0.003198784839764869	0.004477333053412014	0.0009504604741348667	-0.00035204595411738525	-6.589322375741852e-05	-0.0005867122079258371	-0.0003936346657330755	0.0002312078003848558	-0.0	0.0	0.0	0.0	0.0	0.0	0.0	0.0	0.0	0.0	0.0
ec1100	-0.22706562335815808	0.023221089623736643	-0.012892018742180027	-0.037542781536880884	-0.0291981776029233	-0.017920585048136324	-0.0048058340846012185	0.015021264872500446	-0.021472667223675163	-0.028158246260123764	-0.013091892685505823	-0.0290937212533665	-0.00923299362525381	-0.03275084385034375	0.012233748576209768	-0.00295569390291778	-0.03933430960214223	-0.011635829639514797	-0.033040209613760405	-0.024231425253344388	0.013146498914041592	0.014476907601731521	0.006148547884077402	0.0056881889571732186	0.012911969165535506	-0.01944269522038183	0.0031370684018250748	-0.0014970970983072488	0.0029761763704355764	0.0012177284746778014	0.0006490192404209097	-0.0007998602601099057	0.00036004825169544874	0.00022526854794555147	1.0023535255474267e-05	-0.0	0.0	0.0	0.0	0.0	0.0	0.0	0.0	0.0	0.0	0.0
ec1108	-0.24808151579223	-0.028984255164911408	0.026521752684479195	0.011778459367314144	0.005808966074548119	-0.02462058149507503	0.004637939110184365	0.0053927996256957905	-0.0023336492404857478	0.0036255547329687755	0.011767343739855345	-0.02460867741927395	-0.00750575298293498	0.012472314849127765	0.028138504437601276	-0.03473778623127595	-0.024078109948225235	0.025532041324749795	-0.016337062090000357	0.020586182397456403	-0.00413184395760803	-0.01174641759723011	-0.028497818590980103	0.012070329571043217	0.008307847098112303	0.016797854359689036	-0.0063507860693343176	-0.003464998617706668	-0.0015180493762425584	0.0015756095670392508	0.000351522059318671	-0.0003817194398854075	0.0009660032389529268	0.0006653692741017837	0.00031903868059066976	-0.0	0.0	0.0	0.0	0.0	0.0	0.0	0.0	0.0	0.0	0.0
ec1113	-0.25402183290421015	-0.008541743864668602	-0.13930712167274661	0.007161886652926463	-0.0037190523785860185	-0.043256211671251335	0.05942240538150678	-0.03290931410054439	-0.057970280958893346	0.010821841587608313	-0.030377400892949442	-0.031563672563857545	-0.03736247742022773	0.0005828409721241319	-0.013241637772342945	-0.01425774567940963	0.012453892554315	0.007752884254155887	0.025873538338531822	-0.012560737694698348	-0.009027469974081008	-0.0048110004387478394	0.0006132983842084444	-0.0014228382403289833	-0.0050544121604009775	-0.003301511401460986	-0.002012301232188824	-0.000721376507233734	0.004861775533857132	-0.0008717186858976647	0.0009294363311008105	-0.0005518158634022106	-0.0003732386602660399	-6.021821999635657e-05	0.00010976874686017598	-0.0	0.0	0.0	0.0	0.0	0.0	0.0	0.0	0.0	0.0	0.0
ec1116	-0.19725588190218904	0.08989629670854256	0.0047269682687807206	-0.07473330428617757	-0.055310422041629906	0.02845482262579172	-0.02047414468915487	0.07588879650826857	0.016195941299949262	-0.0358278108170277	-0.0013244275881787743	0.015056956816520273	-0.04706069791797842	0.011016567111779427	-0.031063440707297305	0.002984450528341207	-0.004100300590447792	0.009121501685188512	0.008147242154361894	0.00917021115126834	-0.009952621001254878	-0.012184062783685778	-0.0022479020977129007	-0.0025648451502669005	-0.004878881524205314	0.005443913739762468	0.007243625603056595	-0.002854187787782623	0.00604853471016516	-0.0027396755641349623	-0.0004159252165353838	-0.0014505252705206643	0.0001392271825751012	-0.0005122639970856259	1.2707679871262092e-05	-0.0	0.0	0.0	0.0	0.0	0.0	0.0	0.0	0.0	0.0	0.0
ec1122	-0.2658524063970202	-0.017180878524557103	0.1172880706169033	-5.3737179955695274e-05	-0.012088544931632483	0.061659589110240665	0.016431736005180386	0.010674520938031432	-0.02866809609858878	-0.022546355824683346	-0.017458969537046985	-0.009205172423241887	-0.018757158702585885	0.01677175093470216	0.05806325705226785	0.0180436101630723	0.030172944020621238	-0.016037352396767148	0.005368761010732168	-0.012037650594816925	-0.01512792721737972	-0.006992012115556592	0.006587280357262254	0.00940021944242782	0.0016201662103725346	-0.0018604283178949535	-0.002967721706701383	0.004428945747791705	-0.0008885107520778441	-0.001341972214336809	0.0007675760182834722	0.0006502034680769711	-5.302102132604639e-07	9.143864017482321e-05	-0.0001352277645654898	-0.0	0.0	0.0	0.0	0.0	0.0	0.0	0.0	0.0	0.0	0.0
ec1124	-0.11920407741131811	0.0824580780052909	-0.048191282694408435	-0.04195461070277103	-0.09907368095089755	0.0037562167541735796	-0.004163451928731197	-0.014010160313331407	0.0008445130289164093	0.03729142823540039	-0.02971920120863221	0.027566505473422646	0.043012593591653665	0.006841341332172668	0.007378319814312635	0.022559237245445507	-0.014309350213210701	-0.011570427196360247	0.0010701239946608273	-0.00274656714984401	-0.006223756634970225	-0.0017186597744913998	0.0005307228624514309	-0.004267712332812371	-0.006497632397902275	0.0036319626504885323	-0.012329190807469675	0.0009523377677240049	0.0023422015542601685	-0.0008059439230478315	0.002357247241331577	-0.001211357347754227	0.0011090924826804261	0.001245726908132993	-0.00022850669297290514	-0.0	0.0	0.0	0.0	0.0	0.0	0.0	0.0	0.0	0.0	0.0
ec1129	-0.22258514873680554	0.021697365256229652	-0.1326345900181444	-0.010636054156670365	0.057145314956588936	0.04087800934938063	0.031459815815037734	-0.041282896498554995	0.02075820055244972	-0.040004347730135746	0.058221113068975934	0.044126385713026406	-0.0105123234346631	-0.002022169531322766	0.02729125427830929	0.016328799662522715	0.0023761383854650603	0.0006134639612129962	-0.008639445206995338	-0.004887238878451594	0.0019623813402722024	0.0074361840102845946	-0.012313002736036461	-0.005128729423310979	-0.003307613874849722	-0.0009891571486468304	0.0007707673792895864	-0.0006043184856526879	0.0030434593448581317	-0.0026117027708726804	-9.789307083655387e-05	-0.0007589408097013551	0.00045359072570340153	-0.00014801223102067036	-0.00012517941810788867	-0.0	0.0	0.0	0.0	0.0	0.0	0.0	0.0	0.0	0.0	0.0
ec1132	-0.2451464278693577	-0.010844801276326345	-0.042286150206529476	-0.012003739435613853	0.020306068093245956	0.027939178329921783	0.008904635651225968	0.045144015105489314	0.005915738176391297	-0.01577879694056249	0.03428889495343499	-0.04364351581581672	0.02177192374001037	0.001811691164321759	0.0033505464980167067	-0.0011847213271441426	-0.005917344186488598	0.018183796828409208	0.010183726786299072	0.02384216572399621	-0.004315189211396008	0.0147030923971493	0.02917404298192116	-0.018188156444248392	-0.006773184449913907	-0.008159164894992785	-0.01120570809888929	0.00501513225532909	-0.0049751221257165155	0.0005405153858158393	0.0006197855011353776	0.001655019660120243	-0.0002742243819381559	0.0005456337406645826	-1.3349406958891718e-05	-0.0	0.0	0.0	0.0	0.0	0.0	0.0	0.0	0.0	0.0	0.0
ec1133	-0.26216777772093464	-0.02074768510532078	0.05822723743996343	-0.00035722685488965856	-0.019428262096970825	-0.040582808914992836	-0.014590308986585546	-0.014049843523750898	-0.0232448607608124	0.020789696670601782	0.05488670658358582	0.0012671378464138175	0.0033914360103742126	-0.003203739671384092	0.0041796126164117195	-0.010862768647365736	-0.019419795489866963	-0.010931106281921656	0.006010339973372939	-0.03000586725490023	-0.009671112836361365	-0.01370034088644263	0.008575823127418796	-0.02616169026220529	-0.007816381545205793	0.019595920227312918	0.007237838508796055	0.0017399290427717018	-0.004983348053777659	-0.0025621981172678915	0.00018829246981796123	0.0003245157108712851	-0.0003396334914053508	-0.0006562792021079259	-0.00021708699185580898	-0.0	0.0	0.0	0.0	0.0	0.0	0.0	0.0	0.0	0.0	0.0
ec1138	-0.23094191517249496	-0.049523729928902145	0.023024073755623785	0.059308152726879844	0.05800809424390388	0.04201796383461152	0.05119337614850751	0.012871858663993232	-0.020358716150423273	0.030225465727359797	-0.024036249895232745	0.007879670960769063	-0.008912943799364952	-0.025553331872550225	-0.027883934076903434	0.03185241961388056	-0.013058815385913965	-0.002439553628586209	-0.03701537409459691	0.011729772174372124	-0.00509555128681077	-0.0071338493761286025	0.012129047351363331	0.0016077951472966766	-0.009757375789049437	0.013851177723332974	0.0017102645096913392	0.002352903256984208	-0.0013566401394520017	-0.0020720481847464364	-0.0012899704076795753	-0.0002503253171168099	0.000355609348903553	-0.00013371812653364916	-1.7888846713833946e-06	-0.0	0.0	0.0	0.0	0.0	0.0	0.0	0.0	0.0	0.0	0.0
ec1140	-0.019592377775601483	0.027794367947774845	-0.04843714689058003	0.004329345514724939	-0.005226079929729487	-0.02452795257213382	0.016086518092119695	0.04853686200234946	0.025770460340837947	0.03898295558906332	0.011250242562521367	-0.038323140909414445	0.0338762805903668	0.022717737948901435	0.016729525404356526	0.008709357569465892	0.011862893976471707	-0.003874770064629814	-0.0051562179959822275	-0.003843443191428579	-0.013590776452982881	0.004366239330471853	-0.008082000093593684	0.009389843733965262	-0.0026352708377017386	-0.002673503294723325	0.006116968726913777	-0.0027496817434985066	0.001863764358106466	-0.003336369181220678	-7.351758089996255e-05	-0.0007517183957042112	-7.50112664616619e-05	-0.000665511583010745	-8.783865812975631e-05	-0.0	0.0	0.0	0.0	0.0	0.0	0.0	0.0	0.0	0.0	0.0
ec1149	-0.25207302547928134	-0.02184362210149042	0.07067435364730702	0.009702592147448789	-0.025929023573766953	-0.03409308932727737	-0.017570324533794188	-0.02836290559995361	0.045939932604503554	0.01665435330834192	0.02254811704364112	-0.002066577902202311	-0.00941875748355071	-0.05256488469295046	-0.010125780527379129	0.0074323007683144504	0.022408206053471658	0.024958788081476165	0.00902217117795536	-0.003932078874582201	-0.021991816890751477	0.016374345154730695	0.00687232002138329	0.015818768068103447	0.004892332811436503	0.001244019159465582	-0.007253252733937213	0.002889787909795758	0.0077536804796035546	-5.0062254172875085e-05	0.0006530367633603283	-0.0019920609471770815	0.00018297816582142103	0.00011114690397997171	-0.0001664798469361902	-0.0	0.0	0.0	0.0	0.0	0.0	0.0	0.0	0.0	0.0	0.0
ec1249	0.1892416474597978	0.06069180555562612	0.041232824300402614	-0.0028476865351660134	0.005397468172645853	0.022353435973788395	-0.00511613227396824	-0.04683890449954809	0.013054779673420046	-0.0034967125689575147	0.016295676827161303	-0.032322076948676705	0.007981279384495806	0.012767978455128549	-0.002947680778389602	-0.001856227313354657	-0.012682355112192022	0.011233548457620488	0.00018222283237070752	-0.0050807433918937835	0.017780389261312392	-0.00860415080577543	0.004439709464292687	0.018824651970283202	-0.03381464679809588	-0.006307578092305993	0.008152756862843396	0.004127197138487755	0.0006258361978932213	0.0009617464355134121	-0.0005430736542703677	-0.0037165686437081224	0.0006967412771661323	-0.0005128511389082306	-0.0002803682138680252	-0.0	0.0	0.0	0.0	0.0	0.0	0.0	0.0	0.0	0.0	0.0
ec1265	0.18903208215450418	0.026798208654008473	0.03941563606777969	-0.05831065589566619	-0.0186215138008608	0.008835171918502074	0.017963969047462884	-0.02911610593300292	0.026525972320802466	0.0030606471051583704	0.011031906794803367	-0.0222133933497368	-0.0261698394761981	0.004261851739075166	-0.018080060660629785	0.012526561647703579	0.0011905867161840582	-0.011595986772854033	-0.011360389977463588	-0.005261930100654186	-0.0186503693568455	0.0182475358750032	-0.012722844745886946	-0.007274438518185427	-0.0015136387503457117	0.0017495139200133286	0.006211503984719213	-0.009301899876003833	-0.008106825559670152	0.007946828627857323	0.0015756487413657236	0.004531108169166451	-0.0006574202000418464	0.0009020731196616034	-9.543760106631956e-05	-0.0	0.0	0.0	0.0	0.0	0.0	0.0	0.0	0.0	0.0	0.0
ec1314	0.26025498761286414	-0.04426351692913381	-0.013929340999542295	0.0033239116107094584	-0.013620037902857325	0.005939000675130644	-0.005187642983089112	0.002126007576633451	0.005449981111319949	-0.00034984514534564117	-0.0011766667957354559	-0.004363380645381502	0.0010484822950225208	0.002086009064914475	-0.004027881634631609	-0.0011494386714736944	0.0022843434228065375	-0.003099580649109987	-0.0029368378115714024	-0.0016258410633128574	0.0016223973627541206	0.004980335845589529	0.0010397264607633107	0.005176551117531975	0.004919021322560085	0.00033427095852053547	0.0020111849066362084	0.0162295346869462	0.0021898601398766307	-0.0034897353290712484	-6.119708529328096e-05	-0.0005146915959567221	0.0012935344327249926	-0.0014300211008095023	0.002395832579795589	-0.0	0.0	0.0	0.0	0.0	0.0	0.0	0.0	0.0	0.0	0.0
ec1346	0.24621959489630332	0.02238651361910515	0.007737997544106512	-0.021518685523681427	0.04966786322741969	-0.006431525726834817	-0.03526834553568908	-0.00790273839479934	-0.015206870760588229	0.009666248116247368	-0.01695860478436884	0.008758206809189283	-0.0008784216845361188	-0.013298497290521044	0.016543542056474455	-0.009380405587774516	0.011890767728870634	0.004880568172148037	0.004653152546473363	0.004828716315582331	-0.003350492942685386	0.005196561992119845	0.004315459226470521	0.006855801759424031	-0.010361005067634458	0.0007951847711663204	0.012370247852309914	-0.003600777674196759	0.0022843554933708	-0.0031545047101541523	0.0005781468454250181	0.002556885160694847	0.000514260436527373	0.000809827539731826	-0.0008094254845961298	-0.0	0.0	0.0	0.0	0.0	0.0	0.0	0.0	0.0	0.0	0.0
ec1349	0.2290265724926303	0.010937451433440834	0.03643917305329708	-0.03457695812067702	-0.014208122727578055	0.024627964081840245	-0.009472983679418135	-0.01442996302538667	-0.0010104395690331953	0.0051806260946873905	0.006809851008653788	0.01005611289720152	0.009253108611325021	-0.019348249928724335	0.01042944557837168	-0.025676241870607054	0.00010148690480265586	0.0004492989595925504	0.007864797106489227	0.0015245877363958126	0.009145649483749437	-0.011055724207381285	0.01493834464378845	-0.013671588786470363	0.015269308298170328	-0.001454763252670546	0.006341282663522806	0.003492193879394157	0.00769818790721928	0.0017796553449879672	-0.002455950934560184	0.0005755623495383648	-8.169595060207551e-05	-0.00018972310447196524	0.0007385111854396624	-0.0	0.0	0.0	0.0	0.0	0.0	0.0	0.0	0.0	0.0	0.0
ec1361	0.2603810518897941	-0.03959266561809752	-0.015058809794809697	0.001287050926164486	-0.011155088461715016	0.00012419572978897183	0.0011725945757762972	0.012039019354202932	-0.006410599548634065	-0.000650910655716439	0.0011629884490194445	0.006797288771520391	-0.00025520452111813674	0.0012861672091453715	-0.0001840933466117327	-6.890979660112313e-05	0.0009102930364005309	0.00046928761697196276	-0.0013224245587940117	-0.0014700187640846543	-0.006968619746192082	0.004061764208445071	-0.004741020675737442	0.004330491981846548	-0.0045350058157842986	0.002339620193899684	0.008820098774224818	0.004128561322770678	0.006802437279637309	0.000681743568467865	-0.005299796972755123	-0.0019045108233873523	1.3717178365898266e-05	0.00015400266705826792	-0.00015041075712635054	-0.0	0.0	0.0	0.0	0.0	0.0	0.0	0.0	0.0	0.0	0.0
ec1362	0.23746415422105785	0.03517523527555524	0.02470496064231909	-0.0001808272031518682	0.01011288560292526	-0.02184601572990842	0.030308233843484647	-0.012862413368213052	0.00395551624337158	-0.0058726521541525014	-0.00786830776690502	-0.006594368457024283	-0.012332794485978023	0.003882707945937213	-0.002064942694830129	-0.0022823072137605673	0.01025140752761714	0.0024277430349925037	0.0001852283111971231	0.014702813870194684	0.015160065017522692	0.005034565726844534	0.00860204849731552	-0.009538467406077143	0.017560576492911567	0.006358911344008333	0.006253031375341084	0.003716218527689251	-0.006226554410721832	-0.009556111747589614	0.002652821231378589	-0.00014765519245005818	0.0008667317026006264	0.00031215055766913903	-0.0002910736244411754	-0.0	0.0	0.0	0.0	0.0	0.0	0.0	0.0	0.0	0.0	0.0
ec1377	0.17797259878142838	0.11102794825333172	0.05430374353769559	-0.0536781777886993	0.05340831087842768	-0.01476402767837576	0.016530874832806346	-0.019851345450452498	0.0024192731604929497	-0.00942885570513224	0.000603068397830911	-0.002630947262684931	-0.0012933406801263544	0.00959212953928204	-0.02174758906785656	0.003938757188051982	-0.018896068426828727	-0.003898501428556336	0.011784975208898419	-0.009134339624115176	-0.0008546333756855536	-0.004746250156375185	-0.004057771180550437	0.012898565488298744	0.008677641990571375	-0.0012280132534245051	-0.015980175950554357	0.007476366609540073	-0.007948470155819723	-0.008179483621889595	-0.00029285650368102286	-0.0003398204194547548	0.00027610474779456065	-0.00012993744213641973	-9.309689298959772e-05	-0.0	0.0	0.0	0.0	0.0	0.0	0.0	0.0	0.0	0.0	0.0
ec1378	0.26364075785621743	-0.04843015662227579	-0.013027772636997136	0.001610802495374688	-0.008553880590337655	0.0016981144943435003	0.0013693251681708327	0.014283043528366212	-0.010929607314490167	-0.00825490383416102	-0.0020334109558178748	0.014824210155013255	-0.0064311847176187304	-0.007051196969852473	0.0017799896282615466	-0.005354106185331526	0.0006117152535080121	0.006059927587572514	0.007160075296103641	0.002489084346992771	0.0044984340540107194	-0.004381512927612684	0.0050587336982300295	0.0008342457935672148	0.0012534966245357608	-0.0009287572094925286	0.0009734833427888831	0.005503555175801841	-0.007998499443350114	0.007114742682684888	0.002568978160794272	-0.006372110454693961	0.0013421763012415036	0.002269733638439292	-0.003502626853019661	-0.0	0.0	0.0	0.0	0.0	0.0	0.0	0.0	0.0	0.0	0.0
ec1393	0.2504713790833603	0.03564391334015509	0.014192382604592504	-0.03246324782817259	0.06398944079536911	-0.014588020989766198	-0.02045042804361576	-0.031097999924891498	-0.0003837642827961315	0.010608005822850427	-0.0219369627663297	-0.011694972519475993	-0.0007485932012816906	0.008689030494133968	0.005494594010384541	0.018811892017852022	0.0072121497809424975	1.4755677912256352e-05	-0.005649307841518936	0.008887321345651697	-0.009848026805089649	0.007323654106736908	-0.006014293472867457	-0.022211310373097513	0.010279198002993263	-0.0006474636050663012	-0.004960232323449372	-0.004315006427555723	0.002928199452140454	0.002591238339023839	0.0004293453119352831	-0.004214023124273075	0.00042733590862673954	-0.000545599517816067	0.0001723949392214581	-0.0	0.0	0.0	0.0	0.0	0.0	0.0	0.0	0.0	0.0	0.0
ec1396	0.262833307112161	-0.03887740349138041	-0.015693448094750328	0.00016390801895537635	-0.005101206626579927	-0.0008026392788601125	0.0010912613661340752	0.015182022743360822	-0.011849860649725886	-0.005658992761988075	0.002711266066657803	0.02260183780247483	-0.003604817810374863	-0.00735295015030613	-9.101025263883119e-05	-0.003999466081932986	0.0004697397365179465	0.005111212483013672	0.002098593065680839	-0.004164136379037314	-0.004763467892271455	-0.001108329396805905	-0.005457953996913961	0.0016779069849111518	-0.007310816250668075	-0.0031370938186871707	-0.00515589472805423	0.0050572679866637835	-0.006078448248735938	0.0034977433303768997	0.0023062622498453947	-0.0008400126435805383	0.0013741211254988507	-0.00018345224198237697	0.0028988929719173493	-0.0	0.0	0.0	0.0	0.0	0.0	0.0	0.0	0.0	0.0	0.0
ec1400	0.23661288236062933	-0.010213795404807333	0.002119159930756133	0.012133491836952566	-0.005884091537002877	0.014416126220478054	-0.010756250279245358	-0.02943755820261493	0.008322804454882779	-0.004447107839565478	0.0024970231069975156	-0.03245473865783769	-0.007780104050603499	0.012210936646655986	-0.005485339979186175	0.011269358549436264	0.005633157216111715	-0.0004513899457931418	-0.004052926845524901	0.004946182984856682	0.012664808028551357	-0.018150050935454274	0.011514182163432411	0.0016677886867040212	-0.0005859782241851277	-0.0012154527336199039	-0.0017309360701265987	-0.007151306651683139	0.005245990975689283	-2.6367073035173517e-05	0.001325558070894965	0.004962324677021959	-0.0017031132661978656	0.0007818274912174397	6.860114054135979e-05	-0.0	0.0	0.0	0.0	0.0	0.0	0.0	0.0	0.0	0.0	0.0
ec1409	0.25341935268650384	-0.03703263678494512	-0.012276919331201131	0.00787446988929249	-0.011458687009095594	0.0018794042074658558	-0.004919442973293443	0.0066078126401575635	0.0039048818059959104	-0.0014856101665598758	0.002434442648034052	0.0053728573484567365	0.0008980761144388045	-0.009651073980531714	0.003298777168925056	-0.01163450326601585	0.009133132865309203	-0.008700120701234515	-0.00033506761450039147	0.0005913479632226118	-0.0007018917582305415	-0.0025596218789429664	0.015540902287701506	0.0031220931220247183	-0.00633965511875934	-0.0033142564674961245	-0.001073050600193298	-0.026125298234199346	-0.007700717940113685	-0.002164274516813777	0.0006920210616100124	-0.004481548695884563	0.001213097917919841	8.112638823800309e-06	0.0020595859571228064	-0.0	0.0	0.0	0.0	0.0	0.0	0.0	0.0	0.0	0.0	0.0
ec1411	0.2516607352570422	-0.008225082344237347	6.281883595599013e-05	-0.011485099240044134	0.007970484127676137	-0.0066435636195276695	0.0039732717135784945	0.010136221490215768	-0.008052794545290681	-0.011786934536095561	0.007526089992346191	0.029489031872853542	0.002434976414392815	-0.01649433840824656	-0.0012998720154962693	-0.01442009592517807	-0.0002096660300369241	-2.63618328584185e-05	-0.005695921324982269	-0.00438990693655552	-0.001935659110487012	-0.01591613622029959	0.0020291264956719354	0.010253658154215408	-0.0082567467887579	-0.003585466841438121	-0.021198477852572555	-0.003356399375319102	0.0007240859801486307	0.0015639706316743058	-0.00076306777669314	0.00505574473083388	-0.0027612575717517814	0.00022653166055529585	-0.0003574659090087727	-0.0	0.0	0.0	0.0	0.0	0.0	0.0	0.0	0.0	0.0	0.0
ec1420	0.26720874278131346	-0.052135597012702456	-0.018751518643975607	0.0026202544541803967	-0.015003185654145334	0.0042163223786370685	-0.0025532304023952153	0.018029065389727712	-0.0073982777543626635	-0.0002684605194438388	-0.0007944852654346153	0.012894172953738504	-0.00012664115667560132	-0.0020436057697984485	0.0016366888090162464	-0.003188016754660512	-0.0013236719605168557	0.0014817492356175037	0.0013975079246306777	-0.0021218995233253314	-0.005335821162371326	0.006362742255144427	-0.00512869583019708	0.0032225016994032896	-0.0004924610026029546	0.002806613391336233	0.0028578727410468246	-0.001981026282139862	-0.004930862500905938	-0.005616415873863195	0.005706626431481251	0.0018355240319963481	0.0005950725651062031	0.0015102767753347515	0.0001463366146788439	-0.0	0.0	0.0	0.0	0.0	0.0	0.0	0.0	0.0	0.0	0.0
ec1424	0.2563908707241893	-0.03097999982545651	-0.007543734630075742	-0.0009026752490547341	-0.004689271817059204	-0.003282961534162141	0.009749618821200394	0.00712623068921183	-0.002445884518792707	-0.0012423785185645534	-0.0009015779551507726	-0.0007854559009798363	-0.0008604160846204901	0.005445885202073726	-0.002929811461978272	0.008846741642482095	-0.002286029039090671	0.0009280789313605192	0.003051084563996994	0.0011663231389681874	0.0005076191100579251	-0.005145443945424637	-0.0024256490434075213	-0.0024071625774439035	0.0004330273212725032	4.671202402891366e-05	-0.0014320609911097743	0.006412022078838976	0.0023019994088829534	0.011097765711819085	0.0057037443259076595	0.004552894065088068	0.002648894835786952	-0.0036460896545018914	-0.0005995022733994965	-0.0	0.0	0.0	0.0	0.0	0.0	0.0	0.0	0.0	0.0	0.0
ec1425	0.26129634323398837	-0.033781672148133615	-0.010783473428135081	0.0015221478399284876	-0.0047506004124921635	-0.003007729296888272	0.006152483919104694	0.01005236426228316	0.00037314834593902635	0.0011210393380381351	0.0006372650062518623	-0.004766629248804886	-0.0013187287095013953	0.008148930774926316	-0.0018495991227572752	0.0101310660576712	-0.0021848701396213594	-0.00305828948514262	0.0018623404415749254	-0.0027112183967322088	-0.0031128255504294738	0.0030765289840568757	-0.009561085150373728	-0.002885036215642307	0.0012705525271682228	-0.00033848647766495683	0.00444306961852207	0.013335598358182965	-0.0038170039754122777	0.004711224999709473	-0.0028108221317227713	-0.0033238839660729006	-0.0046997796609004605	0.0022138531324166744	0.0014676443985154907	-0.0	0.0	0.0	0.0	0.0	0.0	0.0	0.0	0.0	0.0	0.0
ec1427	0.11730845960202614	0.2102226013103387	0.021872231502960426	0.11550909844440528	0.026748494424572326	-0.05737175961039587	0.0416168848757471	0.04298405802055091	-0.005052340902236247	0.00040926734524905016	0.004723941351804808	0.020081593224283323	0.005846456529682528	-0.01230634931139469	0.010405654392119965	-0.009893532511054032	0.01238016667332695	-0.0021109505353777078	-0.0028622867136163534	-0.001122101019055636	0.0017214747898438435	0.002880478672052229	0.0021437615260778736	-0.001832569303034051	-0.001036296021779294	-0.0012134814420086486	0.00474585667398658	-6.513827980039726e-05	0.0010199495342791153	0.005056397392271291	-0.0002593273685782544	0.0014687083247922055	-0.000380058642401385	0.00014728140967823605	0.00019528514095190646	-0.0	0.0	0.0	0.0	0.0	0.0	0.0	0.0	0.0	0.0	0.0
ec1438	0.04895308157664848	0.0699440656874418	-0.047128264099569155	0.16513096455348292	-0.05470755644982763	0.08193473398393827	-0.08027879547055994	-0.027525331703711037	-0.012746459281396368	0.0009040483217308121	0.002110473805406737	-0.014122888924334725	-0.013976943406296908	0.00029288536803255555	-0.007057010199460282	-0.0010472241937062813	-0.006689090563993151	0.0031809611862083417	0.0016155648759476815	0.0010875108970935237	-0.0047790648882669075	0.0029484442080717414	-0.0065931672812566105	-0.003720608679256677	0.009603807249507464	0.0010838670916329925	-0.004187261237442968	-0.00024005337842434728	-0.003241000559175435	-0.0010435169810002632	-0.0006703629462988422	-7.533707148762372e-05	-0.0001266023880255125	-0.0002972913441405942	-0.00019935660794522382	-0.0	0.0	0.0	0.0	0.0	0.0	0.0	0.0	0.0	0.0	0.0
eti111	0.22812238011389696	-0.013713888813726073	0.010858705769037077	-0.009749526126168737	0.003293928591005134	-0.00746144508574444	0.015695454635651498	-0.0021062340691428852	0.004662289587947105	-0.0033411289866511	0.0013841734993886678	-0.004634196622887199	0.002795778839787655	0.0035355431019840787	0.011155620842247855	0.012697213883102548	-0.009815517543522537	0.0006439260673761724	-0.00474089440170384	0.011725147258330093	0.005945079232679868	-0.014755242405573363	0.0023888647188971125	-0.009268778410735517	0.0053317534103879795	0.008229750508197443	-0.005534351356471968	-0.006131391768024665	0.016887252533686368	0.0008849367780696082	0.0017316111017818014	-0.004067605717319626	-0.0012339717628971141	4.631871664665666e-05	3.460526319404295e-06	-0.0	0.0	0.0	0.0	0.0	0.0	0.0	0.0	0.0	0.0	0.0
eti114	0.2638946325041784	-0.05467728198310919	-0.019637081673871893	0.00242757285436735	-0.015263674663067673	0.002303963070102581	-0.0020414055246530984	0.016572892462312257	-0.003390079062590458	0.003924278251028152	-0.0007325652403004695	0.00905122425863062	0.00941337944091463	-0.0039031148096294963	0.0022484659052555995	-0.004221592733251006	-0.005385740061171302	0.0012939764577072025	-0.002391830345017486	-0.0012412440807240317	-0.002652739668174996	0.010896666643438795	-0.004331414452129665	0.005824508970668849	0.00360769292979096	-0.001898100201117727	0.0019457420075751858	-0.0035519002718059243	-0.003347577771255198	-0.006261108370826005	0.002603401310979574	-0.001668194636984021	-0.003928200597560528	-0.003979824933063862	-0.001996339958002025	-0.0	0.0	0.0	0.0	0.0	0.0	0.0	0.0	0.0	0.0	0.0
eti123	0.26427548198094847	-0.05318611862747289	-0.019732219511526646	0.004318726011703181	-0.012451393610212564	0.0026378713693913764	-0.002689304975892061	0.009251400556654034	-0.0013878394983948361	0.008499418734500998	0.0030285638401472614	0.003229449372086328	0.007347401023941977	0.003579524615187065	-0.0030697435719083065	-0.00018271362715496445	-0.00800945552472787	0.004509329793486376	0.00020121813898336821	-0.003590424343670252	0.003247319255294744	0.010677100005608335	-0.006265589991489977	-0.0004812668828931538	-0.0012528209059104254	0.0008036126983577817	0.004000522820898648	0.0025531672755398273	0.009431193054933522	-0.006036924537409865	-0.0012163426874934103	0.007066988837625349	0.0014865362695421628	0.002346737226317277	-0.0006167967234267757	-0.0	0.0	0.0	0.0	0.0	0.0	0.0	0.0	0.0	0.0	0.0
eti135	0.24873332475302803	-0.035292062302448926	-0.004624442982985122	-0.003709366984399074	-0.0025848342599055314	-0.006853779031198218	0.0070244493473765445	0.01470830039217684	-0.0013096233532039054	-0.0032716557849147196	-0.001518344092491613	-0.009035749846945945	-0.0018845170469285713	0.0038248524804258294	-0.0014823456144584576	0.002429865114727897	0.005190547950813237	-0.005401653355299486	0.00325310384767015	-0.009098272353581287	-0.0011736272574410555	0.003405477973057745	-0.0027231276360544345	-0.0049123718042706965	0.0022421171062250553	0.0006198179585621913	-0.009707240003769253	-0.0051622474273952815	-0.003092374376957641	0.00046072956616981714	-0.014549190439168757	0.00044576440134948264	0.0023005278120499886	-0.0009032231959542043	-0.001120596989423284	-0.0	0.0	0.0	0.0	0.0	0.0	0.0	0.0	0.0	0.0	0.0

Biplot	0	0

Site constraints	0	0
