Eigvals	26
2.0271177503836406	0.814565427018836	0.6958059154492058	0.5470151750399809	0.4602338459632178	0.39722741934925954	0.3400346718746399	0.2630835821780392	0.25686485655189195	0.16762427612503225	0.1433742939271909	0.12080291682594985	0.10280524835059107	0.07404142481063897	0.05589439575486866	0.04575176011559522	0.03400520754961601	0.026493477989743233	0.020417299484264226	0.01116278716745854	0.00888593705674649	0.0033659348395449935	0.0	0.0	0.0	0.0

Proportion explained	26
0.3063697121449102	0.12310985652004021	0.10516106328039151	0.08267348144141094	0.06955773086216172	0.0600352150727634	0.05139135332508761	0.039761302137817915	0.03882143114135985	0.02533400006743857	0.021668963803972475	0.018257624574215	0.01553753566520532	0.01119029716045919	0.008447634546484508	0.006914720950021342	0.00513939836323376	0.004004108406578262	0.003085781358575062	0.001687094837279153	0.0013429816682814751	0.0005087126723125785	0.0	0.0	0.0	0.0

Species	0	0

Site	26	26
ec1314	-0.13750892011599045	0.07671297212355715	0.16883364442313795	-0.03671859370142245	-0.22748856602082287	0.03260444945388996	0.19022622269851305	-0.04667518164886749	0.26548084204359645	-0.006472214407804826	0.0191867068053762	0.05178233754893004	0.07182112632791762	0.03032467923539061	-0.05420338652335643	0.08267447643616722	0.012791785336846107	0.0006692264541450707	0.02535515278990931	-0.015129376648199301	0.008491264703891551	0.008080785002401966	0.0	0.0	0.0	0.0
ec1322	0.09647678028444251	-0.15782061445353637	-0.09802238700409711	-0.08286328312939449	-0.07163649205152103	0.10531283929643209	0.19203450499179459	-0.06239925252015371	-0.07002848022817222	-0.04212292292631295	-0.02485435652031887	0.00804190478127012	-0.002835540617371113	0.14077628114527863	-0.011493419554981583	-0.026459393475555402	-0.03297148363729757	0.04566107550865246	0.0071566535748721	0.030635554141334686	-0.013042909275880345	0.0038232641184929523	0.0	0.0	0.0	0.0
ec1346	-0.21390772443182407	-0.003793371379118238	-0.09349628202837891	0.12888754486346177	-0.05310826725087718	-0.02633270956970516	-0.0052953599624838265	0.004630205529537402	0.002306075528603191	0.09812318709081419	0.03519139283196882	-0.11428597636336404	0.013933027641246	0.010324760154939388	-0.036249626966435564	-0.042796900490145784	-0.11685452001731748	0.01602938334836856	0.022119108461838132	0.005295185949730397	0.017754476260585333	-0.004609935241771291	0.0	0.0	0.0	0.0
ec1354	0.3517172565484481	-0.1553073843507455	-0.25303559633408307	-0.16260412931043033	0.09797159762689703	0.1943820251570685	0.22050384586902447	0.03598554364001838	-0.1550824352226727	-0.03244866973956729	0.15886038031082442	-0.004058765898256612	0.03513612017437376	-0.05465681761669037	-0.028038431418405937	0.011738047369481648	0.025866205490722015	-0.016305100740287147	-0.0059743147581932075	-0.015047361610929441	0.010585630015442835	-0.004284891642307579	0.0	0.0	0.0	0.0
ec1361	-0.10028108947517701	-0.12508573359571967	0.047764330635836405	-0.008034249580594401	-0.029424984443648692	-0.014901758968224564	0.03489715660624288	0.012996648433452211	0.03361777629966337	-0.06629621822680802	-0.05760300276088823	-0.13513994532609155	-0.12113860222525966	-0.026969341680816713	0.03177690401428149	0.012103764824925622	0.04410212001468414	0.08167650629564689	-0.016891244303899513	-0.008053229164622037	0.026750763076160453	-0.004153613894114269	0.0	0.0	0.0	0.0
ec1369	0.37194232886442835	-0.18398992889743002	-0.08842179645880048	0.0014754740971783373	-0.08669784959840506	-0.18162377550893952	-0.08474719148379259	0.3767225987415813	0.10654653917290195	-0.06312659373171031	0.02382127254401007	0.09266007817787443	-0.025762661545694104	0.014457053888429692	-0.018171088413784956	-0.011135055779235818	-0.01321038509256046	0.007988961836667497	-0.0014430961968442291	0.0036485578120272603	-0.001503745308562368	-0.005369665288555437	0.0	0.0	0.0	0.0
ec1378	-0.39826293263770784	0.09430943286233358	-0.05098372641679749	0.042171808361738915	0.15110079506942806	-0.009736165153875253	-0.033817077034073204	0.03528444868302893	-0.06073617940773817	-0.05402280693980022	-0.05119393164365536	0.012398845615268134	0.05735007122884347	0.08093010013787094	0.035305350347005805	0.08481089139724325	-0.0034030757494077704	-0.013385037942307592	-0.0277351340310004	-0.01294304516821938	0.024403341251829146	-0.028820453117261516	0.0	0.0	0.0	0.0
ec1386	0.1344524658194694	0.49500228378129496	-0.12166100388908575	-0.37933903972392297	0.10663842913173897	-0.33940476044338896	0.08684725626862815	-0.045020173081749645	0.013791836857376713	0.020095504303773687	0.0004388023773746854	-0.02331983052470348	-0.002284819484549417	-0.007981229819425222	0.0017558904571206224	-0.019565318120155075	-0.0012570248927313429	0.004420257087627265	-3.725644749061706e-05	0.0058855604678105375	0.0002317540344614075	0.0007760910775145634	0.0	0.0	0.0	0.0
ec1393	0.3898200359873441	-0.10657727232851755	-0.2126781940564365	0.16028637777693264	-0.21867664172555196	-0.17921604234013738	-0.12212621099301527	-0.05708489393969256	-0.11613483365567467	0.026222993236803365	-0.05790513873717041	-0.13103665549571733	0.09542549314505058	0.029442926882249275	-0.009550935013757398	0.03722452869958295	0.05878627092591337	-0.015247304712828692	0.01682124770829905	-0.004937772860564562	-0.007617643199817469	0.007814386846055298	0.0	0.0	0.0	0.0
ec1396	-0.334980624631452	0.046651521827810766	-0.006834666656815912	0.06644596458030884	0.12765869875669617	0.007955672460442969	-0.011152965609051383	0.025718924375450092	-0.04388668229281452	-0.1121835905186817	-0.06045016609441972	0.03506625064531923	0.02508892342417969	0.029406692318028615	-0.025508802726282843	-0.0021110504479987173	0.02597884644539403	-0.005308576247361561	-0.042879511578654515	0.04621945240696932	-0.01801091486595638	0.020173782251530322	0.0	0.0	0.0	0.0
ec1401	0.28855188222428024	0.4453750916379374	-0.30205309026629396	0.43328475865752997	-0.014143040264865483	0.12320375533433307	0.047395783872736776	-0.04086787199286912	0.08963841096550214	-0.041144190064091084	0.02190712798358383	0.04532801890449691	-0.059208121619892334	-0.028623672581144396	0.028012952996306188	-0.010396949238250809	-0.0005765987828521774	-0.0037416578819858895	-0.005840048655860956	0.004210806462828845	0.002658543260246944	-0.00045439485412580437	0.0	0.0	0.0	0.0
ec1404	0.35034180876290827	-0.007183139579779282	0.2762269776059967	0.03778114989711658	0.04807700637511914	0.005976369948471355	0.10789589730327113	-0.028802386936671334	-0.055936071920106585	-0.13529566292296263	-0.17831045310568802	-0.03838101304414426	-0.053303843800197356	-0.055768742586317976	-0.07496198734282342	-0.010210342231833086	-0.0368205069856586	-0.05035757332646303	0.011421780439102806	-0.016096341218519553	-0.014265619636609224	-0.009773599004729698	0.0	0.0	0.0	0.0
ec1409	-0.3371831148506001	0.013322433188241129	-0.018512700474311923	0.029039331244909494	0.09680578649548001	0.0005437404105767804	-5.891207763367676e-05	0.04752641974860838	-0.035094526961482325	-0.07431963164063304	-0.009944970830178592	0.021080434420102344	0.032524453583627475	0.017909070492399606	0.07821389384094375	-0.05710499721125034	0.0059209890725145506	0.006796875775602505	0.052402995929326145	-0.056140971571863686	-0.017116961000504527	0.017338652143975973	0.0	0.0	0.0	0.0
ec1411	-0.2538937583799908	-0.06572330792793196	0.016470116948223194	0.001627469366792854	0.12153687792318167	0.02145715769238762	-0.06186935512344102	0.039487297259733295	0.0025057110270499763	0.012597907402787522	-0.014548750920818252	-0.0015144102192744932	-0.0005350336832519527	-0.014302761129335912	-0.05236798391114832	-0.03806458796073746	0.024104317268603414	-0.04776588530024564	0.0224191405925029	0.014915584996298309	0.06025759585126999	0.019327569140915622	0.0	0.0	0.0	0.0
ec1417	0.4082348239845082	-0.2032549278218705	-0.1794208973068879	-0.10507238764976576	0.24581944310643006	0.10352812020827022	-0.11789485416577064	-0.11841806315345729	0.13397986622481065	0.1502137720434447	-0.1471587901064332	0.09448618893175519	-0.02086848725068017	0.017905662163150222	0.005617103642663566	0.005401471954034509	0.005392172422793256	0.019291205524025662	0.01370617228223308	-0.0075661155623056794	0.0010091605688763272	-0.00118355976944015	0.0	0.0	0.0	0.0
ec1419	0.4098848492098049	-0.033749493357218496	0.2846321028713024	0.036553445885168255	0.2342009503789085	0.010022290863331541	-0.19517927457553844	-0.10054001667032364	0.1386463678086483	-0.07850684217327414	0.17904405421509714	-0.09140942758495381	0.041257543364628356	0.032327631682690594	-0.0065299121314481255	-0.0010818016067732736	-0.004306093639499401	0.005525356963915478	-0.01128932550988757	0.005613600009573389	-0.009115017333479388	9.202862069232886e-06	0.0	0.0	0.0	0.0
ec1425	0.01653271360803454	-0.19480945461919272	-0.005296876207043105	-0.1105029738570926	-0.09939521774203407	0.025663516136358765	0.08303352450537783	-0.005851235307845193	0.12380555804623214	-0.007091306239535226	-0.018459818684498266	-0.06006258366005888	0.003939383470499866	-0.024592030339686648	0.14433776312887425	-0.003940850955157227	-0.04001034002903681	-0.06014036200790775	-0.044561073690313355	0.004065365177038871	-0.001129265650347896	0.008940701900142683	0.0	0.0	0.0	0.0
ec1433	0.36719039330664305	0.1635917395669807	0.43248622437437306	0.12337392941498536	0.04756843721746412	0.0222054843560778	0.09427216657739121	0.1273407877799585	-0.17496270433378117	0.1825441112684001	-0.009523040493600195	0.03637459472249709	0.031739923176205435	0.00198588258409071	0.05484166399837258	0.028575093697859863	-0.0030885796814696257	0.024502312615994337	-0.004685630484093358	0.006244558578326052	0.0074884636149863204	0.009149793932310975	0.0	0.0	0.0	0.0
ec1438	-0.0039318035381492936	0.30849385523363043	0.015828202521566623	-0.2918827620229602	-0.24233638697780469	0.3338518285511466	-0.2785738351550057	0.0752632087008329	-0.05080926957083447	-0.0070356813179638005	-0.025788674078423765	-0.027238672141604085	-0.011710762024613736	-0.0019190782323458564	-0.010477989555532871	0.0021418399664411467	-0.0061097597353150495	-0.001300938507934992	-0.0020135860163992604	-0.0013916507225675415	-0.005274789241312478	0.00043586276312311436	0.0	0.0	0.0	0.0
eti110	-0.2664187913516566	-0.06387694770738878	0.021286555433656762	0.00249642176899548	0.010062055919962667	0.028094826497384366	0.03381379575604149	0.034578611004407456	0.045940853346053794	0.07278813341567211	0.004825319397046405	-0.025539089953313828	0.024099642679989618	-0.04761011018290871	0.04023122606241464	-0.009988720810913069	0.040237077875010116	-0.03561203539316223	0.05966583617957771	0.04765069127867122	-0.02128299355167358	-0.023641949896179904	0.0	0.0	0.0	0.0
eti114	-0.31434747900857024	-0.04013556378278961	-0.03618560902935436	0.017444150543240666	0.11661923806716959	-0.014505047938919064	-0.07632307093499024	0.005910956317635813	-0.056377197644368424	-0.05572361428872651	0.028371686698527708	0.03004312172873421	0.056269846812903854	-0.06023196764913766	-0.009132742354024486	0.04719553938571942	-0.03809666650149471	0.03970491650956099	0.025835027128060645	-0.0036836048898410507	-0.01971914405437731	-3.804682528384156e-05	0.0	0.0	0.0	0.0
eti122	0.05716532521395494	-0.049577618930581185	0.18605562075418489	0.005712649203372935	-0.21163899502276445	-0.08317929123998638	-0.0623716800121395	-0.18109221326342392	-0.08198241088353679	-0.07432991946136269	0.0498644477524743	0.14013628038249235	0.0025515620447961935	0.01803440899746601	0.03299953748823408	-0.08423266399003093	0.024879171262239628	0.006305626567810744	0.006173076611149854	0.0019090436751132808	0.020946899252188747	-0.01585685354577194	0.0	0.0	0.0	0.0
eti123	-0.2943621677269908	-0.0038222588332232268	0.05671366261844308	0.03174298589847068	-0.008027316416424278	0.038387165739129925	0.06867969605949523	0.03321697219937264	0.07525329198022786	0.07207099621515839	0.0036790496705341592	-0.03407156196577126	-0.0003841920377684856	-0.07939041791260447	-0.03658659929376629	-0.046013517465085634	0.052264929727071974	0.04241187027222251	-0.022886008536851073	-0.0020257263815432096	-0.018517052899956137	-0.003765649633136435	0.0	0.0	0.0	0.0
eti124	-0.2562416577716539	-0.0262825242917786	0.032881570609591536	0.023924602683242487	0.009441340060507503	-0.048770198890920664	-0.010621711445254211	-0.007145664283668955	-0.04829159447545705	0.09803552138105275	0.10063479859964733	-0.006727667604107201	-0.20730689033388003	0.09566273291123367	-0.026532429297594442	0.029208998145819346	0.020568493644620857	-0.04700218168075858	0.0043517822313127	-0.016659320086430833	-0.02084991108318065	0.0014994306090538928	0.0	0.0	0.0	0.0
eti126	-0.1102798726784881	-0.15506175221555618	-0.0450269803702212	-0.016950562599895056	-0.10186944115603812	-0.11615144362713918	-0.08482542740561912	-0.13491978289761036	-0.08676118090408619	0.0008597350760816047	0.03843556729327682	0.0930427647744129	-0.0646929628925938	-0.11315133990017572	0.003775449052671898	0.07653604460534986	-0.040522601871571015	0.009586774090908625	-0.007615412208586299	0.011628645555448555	-0.0005514107289759386	0.01030967316497714	0.0	0.0	0.0	0.0
eti135	-0.2207107272160149	-0.06740803614940961	-0.02754920229770502	0.051719917332034133	-0.04905745745822559	-0.039368048424064064	-0.014742924530706842	-0.025845886717284543	0.0045704382000586645	0.116568003165244	-0.00851951250364865	0.032344779148209185	0.07889480044149025	-0.004290372962630418	-0.057062400525547397	-0.05450854669950259	-0.003664742870198297	-0.01440369510990533	-0.07357633151011402	-0.02824809062556004	-0.01258051405930806	-0.005726583099901046	0.0	0.0	0.0	0.0

Biplot	0	0

Site constraints	0	0
