Eigvals	70
2.8701174909698635	1.3068011078218884	0.7069297344886967	0.49665599385703385	0.4046571851026621	0.3456565471065415	0.3299774680636739	0.3126211073410693	0.26200591465371553	0.25606729139014917	0.21709099032165208	0.1811538121058262	0.17134053042083414	0.16147017954941528	0.15168647600402702	0.13713834171094097	0.12591383297580433	0.11665164951325387	0.1151339202248856	0.10515708851329149	0.0993015137790028	0.09044894582777217	0.08560910348310126	0.07350194072619352	0.0633400303635799	0.057663604812481686	0.051612142307676565	0.049952025355314844	0.04376311241862252	0.03682899349018104	0.03345964658340865	0.029767080403025933	0.029009319841978062	0.024280299258798058	0.02146670286522298	0.019382685663602198	0.016129468377745107	0.013769464768770376	0.010796192326565118	0.009099402063978579	0.006938411892387891	0.0054355553502294235	0.002372399014162266	0.0021537089293618417	0.001024025208999968	0.00035447744485751775	0.0	0.0	0.0	0.0	0.0	0.0	0.0	0.0	0.0	0.0	0.0	0.0	0.0	0.0	0.0	0.0	0.0	0.0	0.0	0.0	0.0	0.0	0.0	0.0

Proportion explained	70
0.29736951854507815	0.13539613534631081	0.07324416350602665	0.05145794701452666	0.04192605797093088	0.03581307083017447	0.034188579776802216	0.032390307529058256	0.027146126575539657	0.02653083276047337	0.02249254376363847	0.01876913473333511	0.017752392088061997	0.016729736571087683	0.015716058482286948	0.014208743292551547	0.013045785062104787	0.012086141059515857	0.011928890901923415	0.010895203029557092	0.01028851377553922	0.009371309557305117	0.008869859148951787	0.0076154501669864014	0.006562586511914385	0.005974458695371011	0.00534747373841045	0.005175470961379358	0.0045342449258278655	0.0038158089684942266	0.0034667148736947555	0.0030841324077465777	0.0030056217217136138	0.0025156534265359833	0.0022241399928281313	0.002008217406440834	0.0016711553659280102	0.001426638150457394	0.0011185808679859532	0.0009427784121475228	0.0007188807463103594	0.0005631715365689255	0.000245801488913911	0.00022314326484040484	0.00010609805498779176	3.6726993735977465e-05	0.0	0.0	0.0	0.0	0.0	0.0	0.0	0.0	0.0	0.0	0.0	0.0	0.0	0.0	0.0	0.0	0.0	0.0	0.0	0.0	0.0	0.0	0.0	0.0

Species	0	0

Site	70	70
ec1254	-0.06843230830443107	0.1795078540672726	-0.255035441707647	0.0631590251029061	0.019736819259140725	-0.0999860487138276	-0.10072116837277065	-0.0024804284980413454	0.03843963831176619	0.07180928811950701	-0.033327357968474386	-0.0686533333233443	0.09136825178685969	-0.001699798308396588	-0.011215583705174868	0.06361281864480031	-0.019527841448176955	-0.021887613948398173	-0.05264949057246689	-0.0601526121851526	-0.028898566862089272	0.040704435526265056	0.005573693954888944	0.054131405341101585	0.03273065035572976	-0.010359082745964646	-0.051689536474554786	-0.03235020380461405	-0.054901403412494575	0.029224681100840526	-0.02324517649886237	0.00672180909777062	-0.00553628963304547	-0.01364120151225643	0.000590736898320193	-0.0023082110034927583	-0.008051587207311028	-0.0038079674322695806	-0.0045629908988405465	-0.0027127464508090605	0.006142698434388238	0.004138275112858852	-0.007298176819709252	0.0010765954198354397	-0.0021023375645668795	-0.001441713540634511	0.0	0.0	0.0	0.0	0.0	0.0	0.0	0.0	0.0	0.0	0.0	0.0	0.0	0.0	0.0	0.0	0.0	0.0	0.0	0.0	0.0	0.0	0.0	0.0
ec1270	-0.03655900677051247	0.18005954068134392	-0.22863774987887517	0.01765240444553907	0.02389030030330814	-0.01576883463351852	-0.018231342049709144	0.05586375779554511	0.036909121205980076	0.02912336312109615	-0.03935562897624473	-0.024823213891302345	0.008873832510071594	0.029435557326176955	-0.00780766898404509	-0.05340429008504441	0.007773274169490284	0.023434998860410183	0.016735555438337935	-0.009337569414443702	0.006890655958772895	-0.00636716897301048	-0.037152930927540635	-0.01531417821457223	0.050817948441224337	0.06653704413775417	-0.01859411281862347	0.0336685765747025	-0.009839876393398554	0.0029322734593095665	-0.013032668417803392	0.004966555706537516	0.030110568533689788	-0.0009562851027566455	0.008010202615194554	0.009764828778602934	-0.033637020740373315	0.02854382130349578	0.025026686482685252	-3.45188729396918e-05	-0.02969059595458467	0.01634926984734267	-0.0007471490425124244	0.004536790601279873	0.0011926906842554881	0.001084565579306548	0.0	0.0	0.0	0.0	0.0	0.0	0.0	0.0	0.0	0.0	0.0	0.0	0.0	0.0	0.0	0.0	0.0	0.0	0.0	0.0	0.0	0.0	0.0	0.0
ec1278	-0.34060199132375124	-0.02958738897739809	-0.11961816111141324	0.06432130935435876	-0.153325825187673	0.030112628896006344	-0.03280618055399166	0.09339113311594063	-0.034975609715397	0.00011894848012091774	-0.06905549165962684	-0.03290537561038176	-0.13667474245864333	-0.05296227126087344	0.04081667281850478	-0.05414511877117874	0.06116639348210411	0.018655060821579424	-0.09458537531243945	0.0695347493537613	-0.03611229512098129	0.023302348487432477	-0.03252784324328897	0.05347026051767476	-0.007514392929724193	0.05141967436144681	0.03398258885650107	0.04619646868559354	-0.016911336280817337	-0.003026805250121859	-0.022742230931793436	0.0019849106019735703	0.02453290737854896	0.010684526639864049	-0.02944585248080622	-0.008155628682813974	0.003803021960560599	-0.008307402872464521	-0.011338289687474168	-0.003905275208795309	0.001443758670195231	0.0007156488906054909	0.0014885888196771368	-0.004402362623812842	0.0017575690415281313	0.0005254175753149204	0.0	0.0	0.0	0.0	0.0	0.0	0.0	0.0	0.0	0.0	0.0	0.0	0.0	0.0	0.0	0.0	0.0	0.0	0.0	0.0	0.0	0.0	0.0	0.0
ec1306	-0.07198192409617395	-0.22629747408113673	0.051385503479081926	-0.030655724141603002	-0.11664012396209208	0.08585109658425097	0.10381348861233311	0.03488624482313007	-0.0562432304555501	0.06453646532171177	-0.0353297652069417	-0.005263648988855219	-0.050816945407010095	0.0002274454878814427	0.0021243876830242753	-0.02546896158835244	-0.052722432528617226	-0.034745266303694976	0.025420761189720042	0.07015901539580394	-0.014685168627017757	0.029266912481038368	0.008826429102101704	0.028811564687788963	0.030237920660677892	-0.014962929958366554	-0.08651198681845951	-0.0741833352611299	-0.04053270447702621	-0.04750808513339696	0.024912212967383045	-0.03285377540876483	0.0032039296003803595	-0.02680038803606047	0.017147701046366624	0.024016823729652373	-0.021012081723444417	0.0018813544854033163	0.007554633743042224	0.003498586026640196	-0.010374779800281144	-0.004261969166485845	0.003499578644459706	-0.00048289554177138215	0.002644071273195684	0.0006890592969885038	0.0	0.0	0.0	0.0	0.0	0.0	0.0	0.0	0.0	0.0	0.0	0.0	0.0	0.0	0.0	0.0	0.0	0.0	0.0	0.0	0.0	0.0	0.0	0.0
ec1322	0.1677117554505629	0.06742805781821601	-0.028272172111648283	-0.05810053252857792	0.034860339847788864	0.012521715332303484	0.029400764917053616	0.057869044573847735	-0.0011792966837676504	-0.01365818648962948	-0.021741602951020286	0.0059108564315619345	0.01316635543534565	0.006945077034105293	-0.005551672891206858	-0.040050447673470956	-0.01134823781072642	0.01896903787397018	0.05066411598104188	0.014107821406572948	-0.022048335953637595	0.005110636565342996	-0.005852654518465863	-0.00259953178906334	0.008942144098993991	0.004111120373448232	0.04456078620115228	-0.028427064381781723	0.008548951362284698	0.012573017959632695	0.04902002828109772	0.0006888082270542239	0.0237346225870808	-0.05376229292882244	-0.011908282474514706	-0.07549229787969718	-0.05077936941573547	0.003322574856443499	-0.019980508733826483	-0.010434420137219793	0.009647197209155965	-0.008117907335465753	0.001275877849419252	0.003206645779631914	-0.006049244269559449	0.0010143387495720468	0.0	0.0	0.0	0.0	0.0	0.0	0.0	0.0	0.0	0.0	0.0	0.0	0.0	0.0	0.0	0.0	0.0	0.0	0.0	0.0	0.0	0.0	0.0	0.0
ec1325	-0.011368929447051163	0.1790606948568428	-0.22518300452827808	0.06403756570930538	-0.02651288927802364	-0.03437876980399364	-0.045697351928579245	0.07316354958854275	-0.006505140299643579	0.02700427670760465	-0.006780304686467629	-0.03514215812934053	0.016107578385490356	-0.03174406992504745	-0.015981845822441033	-0.016732011211806196	0.003791794534777809	0.012727732473895342	-0.01967261119560699	0.003679862301434057	-0.033506243074770146	-0.01566542507787925	-0.009898290148472788	-0.00038498734254149695	-0.0031003423751853323	-0.015889117949034862	0.012142630797662458	0.016616292622056553	0.024761214032314002	-0.021523225442662434	0.022011826487810946	-0.03671729664334003	0.009510021831697957	0.0015491799941701875	0.008272449211686994	-0.002080895914388246	0.017212012216073623	-0.01879812191790842	0.01045301375651157	0.0144220973501756	-0.0025646229449227263	-0.02432105524191268	0.00027088141696164734	0.0008325929232777285	2.762802167736381e-05	0.00037830278201732157	0.0	0.0	0.0	0.0	0.0	0.0	0.0	0.0	0.0	0.0	0.0	0.0	0.0	0.0	0.0	0.0	0.0	0.0	0.0	0.0	0.0	0.0	0.0	0.0
ec1341	0.05518593370725178	-0.08694940276948622	0.11408015166424673	0.19525339435186959	0.09364371188526084	0.06437111157560155	0.07269001022832863	0.17328882930562847	0.04411842554854477	0.039963899510735	-0.03284695245037327	0.010291726496322833	0.0032543089924864134	0.02182194629497794	-0.052026305949190804	-0.04018313520214464	-0.009635068313069631	-0.045158491857114146	0.017884051401390374	-0.0076825120054775445	0.01737157148749146	-0.003927986601539513	-0.028695638778709145	0.015337650491630894	0.03489604645995931	0.02640300248098864	-0.023357919668824435	0.0050324036630184895	-0.006915286119552201	0.018340253656002982	0.00935887456761598	0.0395913666911137	-0.01378828394494941	0.029685245995060755	-0.029450389403104328	-0.00038842930699808714	0.009975741859818308	-0.0189189691710237	-0.0003765014094191608	-0.013871869931947452	0.011976154250175567	-0.010156200132564868	-9.056173583887323e-05	-0.0016105201174746388	-0.0002644852003821819	-0.0012900538503093034	0.0	0.0	0.0	0.0	0.0	0.0	0.0	0.0	0.0	0.0	0.0	0.0	0.0	0.0	0.0	0.0	0.0	0.0	0.0	0.0	0.0	0.0	0.0	0.0
ec1350	-0.050484845393723485	0.19509224622109173	-0.18347394794478564	0.040086432499160475	-0.02343980935211066	0.0031993784642749307	-0.022068518569528354	0.06185269194510523	0.00422348690237324	0.038999214592763856	0.005129433869540259	0.0053616596271847715	-0.02742920347612918	0.011119416157424948	0.025267741985557108	-0.02622825674495189	0.011298815636663058	0.09302804677925905	-0.044758761800668	0.04853189146401646	0.017961646969438038	-0.006286036214196068	0.00817337492173734	-0.0316447797997202	0.026291383755263024	-0.010684193523137096	0.026327679275997	0.004579428676239384	0.016508488384586083	-0.04061640521948953	0.007608812008944823	-0.00950169108262664	-0.07366365044446396	-0.027350136661378283	0.019818531068878285	0.010057039225033529	0.0005268076279380111	0.010111338283821672	-0.011945705553913642	-0.01423994105434956	0.01261354821142229	0.011720449913778032	-0.00013978840571492873	1.754414136900639e-05	-0.001236335446436691	-0.00278874863173798	0.0	0.0	0.0	0.0	0.0	0.0	0.0	0.0	0.0	0.0	0.0	0.0	0.0	0.0	0.0	0.0	0.0	0.0	0.0	0.0	0.0	0.0	0.0	0.0
ec1353	-0.19152556055914916	-0.0908370214918377	-0.17929191681357792	0.0521847239271832	0.00010345112239743084	-0.07967279480633128	-0.01370255590389425	0.043802883919328205	-0.13373104354125043	0.006956695169978943	0.06371116944379232	0.04482188597545733	-0.04505086064980342	0.011401562219038847	0.05409290718433527	-0.028985174574634794	-0.08516864972951209	0.06690365023933866	-0.035503898045656804	-0.059250676263911194	-0.01905968324649444	-0.02582283059294218	-0.08145648414563991	-0.08349372786343094	0.012928534439345917	-0.016329164041199176	0.0022126272633833585	-0.07885408357235216	0.03298263588746015	0.013657154582685856	0.02361373738435689	0.027166558813988263	0.01802318940063803	0.03387726256042678	0.01891178538993481	0.014669435715314759	0.004170092503521609	6.128228011113326e-05	-0.0010143313496946615	0.011224991770855612	0.004278761906520635	-0.006265676743087381	-0.0009693109276575815	-0.0012718040512043817	0.0007536339030150679	0.00200520824150498	0.0	0.0	0.0	0.0	0.0	0.0	0.0	0.0	0.0	0.0	0.0	0.0	0.0	0.0	0.0	0.0	0.0	0.0	0.0	0.0	0.0	0.0	0.0	0.0
ec1354	-0.2472065973885368	-0.08895775243326344	-0.17724572137462155	-0.007396165720484196	-0.023886742998106527	-0.011530303076320497	0.023137167997833316	-0.09644538579330787	0.06018609662493429	-0.016114147440987773	0.048413422714036036	0.0008303061175231238	-0.06859162157687095	0.06090968110752432	0.023568382759139424	0.020716782823670718	-0.0388529297192575	-0.07284066833310698	0.03938165462692335	0.06352240761790102	0.009181569269853643	-0.022812112196805973	0.06322362354008171	0.045437817153338465	-0.026561740526496024	-0.005759590303954257	0.022180662305790303	-0.03890410007631283	0.029378556814426884	-0.00932221323542415	-0.027252899708526186	0.015069775441022979	-0.011608209310021829	0.007518977386885127	-0.017959257508600862	-0.006118861056244891	-0.004024147727917992	0.02231728323690621	0.007056468622214689	0.0008780158368396826	0.0015690687238375217	-0.003741023506149882	0.0011308628552470772	0.0018884585582093164	-0.001534855003096313	0.0009801528507027639	0.0	0.0	0.0	0.0	0.0	0.0	0.0	0.0	0.0	0.0	0.0	0.0	0.0	0.0	0.0	0.0	0.0	0.0	0.0	0.0	0.0	0.0	0.0	0.0
ec1357	0.20915134193932158	0.031779352464825675	0.015157419333165747	-0.04965155009108862	0.026823131839929657	0.001843705892220079	0.002242443485189633	0.037234587406633976	0.0038601595892663954	-0.003164205031815973	-0.032480150180122305	-0.019265104857965887	0.0024507763698200275	-0.0015553504258184452	-0.0017617513223323138	-0.03555992107562703	0.004590521842793393	-0.0043189758225814865	0.03125728150662187	0.00923232936508239	0.00035946953332988265	0.010055031999238835	0.0053605425396897905	-0.0001429562278179811	-0.0028170913955298314	-0.0035834018848749168	-0.0033977175204871666	0.0014014595491457572	0.009657687531742086	-0.012039657724180726	0.02168399332589114	0.008145837853305067	0.005839478146784538	-0.021451444733087282	0.004576861221121903	0.026583901428394292	0.020114428993841943	-0.0323558453298346	0.027816232034030466	-0.006124183945887962	-0.00012575586777243243	0.018983701265431616	0.001229485088740071	-0.01564847878763801	-0.01715851270853394	0.004855031258279272	0.0	0.0	0.0	0.0	0.0	0.0	0.0	0.0	0.0	0.0	0.0	0.0	0.0	0.0	0.0	0.0	0.0	0.0	0.0	0.0	0.0	0.0	0.0	0.0
ec1364	0.17332311507446554	0.07502420361186553	-0.0009704670457565492	0.04837583907040086	-0.09005726386165672	0.009523856175649329	-0.03796288017390802	-0.014300781431210122	-0.02750495338947413	0.0075208352134748906	0.009540513762625076	-0.03576527579127314	0.03795926564406758	-0.02881451401323535	-0.025878634284595997	0.042614125608954674	0.005152922026603326	0.02420043501120302	0.020588655939717104	0.019011811083782717	-0.03608972112580677	-0.030396936604787008	0.03744484348997737	0.015686825602133917	-0.026085039217486942	-0.037615655252073554	0.013269603046301088	0.01948361215771627	0.007668805532542226	0.0067944905979897005	0.0020910571336604593	0.004400450434077446	0.030227484446503968	-0.0005450381961728615	0.016475132707812236	0.002656824466238932	0.0009306305876232897	0.009078268576998004	0.0035541631766937195	0.022063419858441236	0.00047638639223239866	0.006945003502826083	0.015730977273639306	-0.009521620704107394	0.0022627717330521383	-0.00735095599338225	0.0	0.0	0.0	0.0	0.0	0.0	0.0	0.0	0.0	0.0	0.0	0.0	0.0	0.0	0.0	0.0	0.0	0.0	0.0	0.0	0.0	0.0	0.0	0.0
ec1367	0.12476607374870312	0.08893040729711212	0.03753623221932684	0.06292711887333655	-0.11576722034556206	0.05647690309796313	-0.00495151043930128	0.013587529475304214	-0.11693863498528714	0.020792882060535946	-0.010640468086730597	-0.0165782534771229	0.03753020207684161	-0.007000042556157528	-0.04398742566880665	0.0806369933851885	-0.044841689944434444	0.0028799096663769046	0.016909528954743347	-0.00403500880353203	-0.0035462165516592565	-0.038621543246260104	0.012750810666389023	0.007302694162922078	-0.039010261561599736	-0.03797933943976773	0.03006973556999972	0.047950763828941	0.009779924692627227	-0.007318874017038087	0.0020158984084115775	0.05382019326523331	0.01764783876749297	-0.013358228334767467	-0.00984149728505286	0.06371798774598135	-0.04340560427969541	-0.0042351978176021765	-0.023056314485067404	-0.012276242385639454	-0.002979314358521916	-0.0019624228561495954	-0.006307843950137198	0.002896449094469461	-0.0016442085320789053	0.0017816063523114207	0.0	0.0	0.0	0.0	0.0	0.0	0.0	0.0	0.0	0.0	0.0	0.0	0.0	0.0	0.0	0.0	0.0	0.0	0.0	0.0	0.0	0.0	0.0	0.0
ec1369	0.18095354224669286	0.03404393018484512	-0.01860196645936037	0.04302587395730029	0.0015586514761085253	-0.04361525430289717	-0.06643066049409324	-0.05561837782630594	-0.022768858415025288	0.002404103911305477	-0.011191595303176342	0.006118549096383596	-0.001105799744397069	0.026142576021697526	0.011745916849661578	-0.011581925465104155	-0.0028778024505366167	0.008730504832312264	0.005290058833730408	-0.004785605934896635	-0.008131125542387407	0.016294022581114564	0.007834751369612113	-0.015165605437617963	-0.009706371826954534	0.009297311423078831	0.009612419981615411	0.001581858047935442	0.016396235597220317	-0.011766718260856053	0.012986389167735162	0.001370510195836441	-0.020336902584892687	0.006177434882447585	-0.004184340382719363	0.0108616285335307	-0.010878911835381878	-0.020650381705532832	-0.008944987600901327	-0.003620629928817518	0.014148051605001486	-0.007181910576941964	0.004979477822561899	-0.002122497455969311	0.0013238574852906162	-0.0012898662463677881	0.0	0.0	0.0	0.0	0.0	0.0	0.0	0.0	0.0	0.0	0.0	0.0	0.0	0.0	0.0	0.0	0.0	0.0	0.0	0.0	0.0	0.0	0.0	0.0
ec1372	0.034207973062339934	0.07517583527980191	0.10138777574221527	0.1271401699862169	-0.009755091978422257	-0.018989117575750645	-0.07089887506374964	-0.07063660382978193	-0.26043671071682595	0.029137558130287088	0.09168221810384447	0.10092176035779629	-0.011095142115489145	0.03246249186989111	0.02711356945420538	-0.03103965478549101	0.048704320183941906	-0.00020675246982921206	0.0584300000841027	0.009307878605640432	-0.046205065241327586	0.08511024532768909	0.08374964965151603	-0.02016922465758915	0.06411617325969192	0.016457056648709195	-0.007657668797138845	0.02863007876586413	-0.024180768229184146	-0.0008508113203416952	-0.02003542436920291	-0.008593900797186763	0.031526180764747974	-0.0011457994935886117	-0.00761054075820573	-0.002473158897912764	0.009107679772648175	0.005641443765125239	0.005505711517848236	-0.0005933072986074518	0.007313309433227463	-0.005464922795262601	0.001969440022013823	0.004059666877699861	-0.0026492362079070402	-0.0007327209459615546	0.0	0.0	0.0	0.0	0.0	0.0	0.0	0.0	0.0	0.0	0.0	0.0	0.0	0.0	0.0	0.0	0.0	0.0	0.0	0.0	0.0	0.0	0.0	0.0
ec1382	0.17793443476010018	0.07618335364426426	-0.020134287363808394	0.04054975346302702	-0.09218056315804374	0.003219582209114376	-0.03487846119645111	0.008982711693228904	-0.0017440809088396683	0.02327833206035133	-0.012998922642310685	-0.038977794814886696	0.028179179792087856	-0.035883307274826914	-0.027009377758334605	0.028372623670546184	0.013453740864351669	0.001437468273641343	-0.0035108249741130286	0.03228783167626206	-0.01932414311444472	-0.02719035154675608	0.03014002303497418	0.01873813685278405	-0.01911336478516517	-0.04317173843192597	0.015621722746756713	-0.0167912021669717	0.00027209261312225846	-0.03184010962637736	-0.008124907642815126	-0.027884952935650745	-0.008607045285850549	0.022338273557788682	0.0017875963565856898	-0.011283525419872745	0.028845576741826917	0.0067618630215765035	-0.0013201519059292345	-0.025031745401629776	0.009084833691375572	0.00781930487494625	0.003320369202257246	0.012200158409536822	0.0022728352405521355	0.008414602660278546	0.0	0.0	0.0	0.0	0.0	0.0	0.0	0.0	0.0	0.0	0.0	0.0	0.0	0.0	0.0	0.0	0.0	0.0	0.0	0.0	0.0	0.0	0.0	0.0
ec1384	0.17688174075921123	0.044678136050562235	-0.024276486410253796	0.056213486805996395	-0.02021815483991616	-0.04686887740333988	-0.0715513964768993	-0.0432022825063946	-0.015449899203261947	0.006904597089197876	-0.022944420171993933	-0.019970446537781725	0.016015458712578184	-0.011614019063422222	-0.019141633173550388	0.009865648283790789	-0.004911259053491509	-0.01065566943502874	-0.016888633015059593	-0.020003484768126585	-0.024542693212766684	-0.006414795638176024	-0.014007727137449511	0.02882512875631675	-0.03810678752937509	-0.03895263448836226	-0.004407884764038363	-0.0011406145688443751	-0.010592982513162789	-0.02193104001809602	0.010780654270902829	-0.0031583117372353305	0.043496804733168366	0.00845187505835909	-0.012603431993617326	-0.03004030180112811	0.011482127626715405	0.004741012367031475	0.016009943658091188	0.007982466507983076	0.010494335230951935	0.0013310938166345967	-0.010364256856917437	-0.007081550079981657	0.002483836666488789	0.0009669645028901923	0.0	0.0	0.0	0.0	0.0	0.0	0.0	0.0	0.0	0.0	0.0	0.0	0.0	0.0	0.0	0.0	0.0	0.0	0.0	0.0	0.0	0.0	0.0	0.0
ec1386	0.037961371826498815	-0.2574400606865506	-0.03225241275357057	-0.09018766363106452	-0.06190334197171321	-0.0020256513373049304	0.02862225333726747	0.05098588742760551	0.02483259500917196	0.020325508286296035	-0.02405250957155354	-0.03627840672034174	0.012347155465289254	-0.0017797787726756592	0.011357339922203058	-0.013845336872870541	-0.008502305446956815	0.0406104599707028	0.07628539706715831	0.01974425754691214	-0.015319081515623126	0.026244248979240478	0.014269396617716862	-0.0022879739471125984	0.0031135322044269823	0.01475609837130974	0.030715992082968494	0.014115406295385359	0.0025413813023402176	0.016726771360684654	-0.001769493834025186	0.02165139559420182	0.004069505647592956	-0.03560320264731302	-0.01062998484605458	0.005298572932420298	0.049701931541407715	0.014811097266982539	-0.0012842370717808498	0.02409179378805247	-0.0026476897931904286	-0.009925879394060769	-0.02070274393987819	-0.000812666357000617	-0.00030171047646454925	0.0009209390421903126	0.0	0.0	0.0	0.0	0.0	0.0	0.0	0.0	0.0	0.0	0.0	0.0	0.0	0.0	0.0	0.0	0.0	0.0	0.0	0.0	0.0	0.0	0.0	0.0
ec1388	0.06555013175472174	-0.08114346357416741	0.07389764477863117	0.27624537404354066	0.09009056124786674	-0.05639445609080084	-0.04169116400850047	0.018778310988486042	0.016583144688686716	0.007699043934191525	0.12361144014323439	0.04423679859319886	0.008043995968050922	-0.006358678064718905	0.023790006917375397	-0.012509478371997541	0.02216983498091205	-0.009095424008077302	0.06504229402465471	-0.01625401148057396	-0.013948504015866938	0.037729509457472714	0.00858383003035378	-0.0036223552763272643	0.000460672318025073	0.011882449999304876	0.022948425378695885	0.008339242415077868	-0.007961786509355324	0.007698690628883393	0.004567489807312007	-0.014034686783798805	-0.04454660892756812	0.004322014211949147	0.003004771060155639	-0.007944122479117355	-0.008352167214308403	0.0024546938554621213	-0.0038804300243992086	-0.0011986416913599125	-0.013617050770486515	0.011219896121120966	-0.002272127977315733	-0.003926996563622	0.004756335395423293	0.004178785973383576	0.0	0.0	0.0	0.0	0.0	0.0	0.0	0.0	0.0	0.0	0.0	0.0	0.0	0.0	0.0	0.0	0.0	0.0	0.0	0.0	0.0	0.0	0.0	0.0
ec1398	0.0028539770206739068	-0.23052834926279034	-0.02215149530583486	-0.020439036988784142	-0.10598237201985063	0.04361516761182217	0.028434199933328158	0.03730534180279835	-0.052155987976385515	0.04838810225553408	-0.029833326166187564	0.010436502330252229	0.0046501507567990475	0.0241480816746024	-0.018072640957990143	0.05227657888583598	-0.032771493450612345	0.00013255739643986975	0.01681311922879554	-0.005729018149068903	0.06120656023827216	0.011173425413805033	-0.01861038176887352	-0.03370029270476804	-0.036404926966909355	0.023513640412457414	0.013445318877304638	0.02234963552184135	0.020734982122899454	0.021435177976246233	-0.005608602999636135	-0.01786354482070654	0.013737177046921692	0.023131014296646688	-0.015667424329748766	-0.008601843858299138	-0.007231948146361633	0.017712946697940123	0.0052403715856612024	-0.006414548000952334	-0.004745746124250361	-0.0007359780351073851	0.0017459889050794083	0.005479442224377857	-0.00274402604596381	0.0020032016227205067	0.0	0.0	0.0	0.0	0.0	0.0	0.0	0.0	0.0	0.0	0.0	0.0	0.0	0.0	0.0	0.0	0.0	0.0	0.0	0.0	0.0	0.0	0.0	0.0
ec1401	-0.2807844488570701	-0.14581411307651032	-0.0712313323242875	-0.13138088595050018	0.004991911787630674	0.08216123475749516	0.09694299608274376	0.08761567413559081	-0.03027692473334043	0.01574624129344978	0.12528314486472078	0.019649338109629925	0.03429172849590942	0.044485819426318574	-0.10366686635106537	-0.050007561950313466	0.01743449797533684	-0.12139853888696912	-0.12455665586542577	-0.11038069454528253	-0.06269987780853702	-0.002390454865510872	0.07831973554487112	-0.015160106840031991	-0.007641180676485432	0.00981629417163468	0.03662689966675756	0.015160396365329344	0.025098543904774662	-0.013541135342399209	-0.004139287536126216	-0.013173464163478359	-0.003363577693884885	-0.02231703319919848	0.015312829293718187	0.00013562489918158297	-0.0010439559675881227	-6.858992177739677e-05	0.0021624926812847667	-0.0005158006369188164	-0.001305942663389991	0.0050313686726164075	-0.003992441404967571	-0.0012797675010528917	0.0005867521082545525	-0.00044161237567666195	0.0	0.0	0.0	0.0	0.0	0.0	0.0	0.0	0.0	0.0	0.0	0.0	0.0	0.0	0.0	0.0	0.0	0.0	0.0	0.0	0.0	0.0	0.0	0.0
ec1403	0.20154218602736163	0.016665362322668558	0.009024809966297663	-0.03393486302081565	0.07598718819996875	-0.02375784836354428	-0.032885171034988885	-0.008255629315170175	-0.008474859877302642	0.004133789165902819	-0.03211278042257585	-0.0049208714818623385	-0.012680145091841002	0.007412574416808998	0.014482710416776904	-0.026927236825689045	-0.010760465452303612	-0.006640513049432885	0.0007249470084830319	0.0004745642287471464	-0.010719248015141599	0.008912038133930676	-0.001677319626693932	0.0226098454122862	-0.009091112265376431	-0.01059433828392651	-0.019699734193837245	0.0003628547529363354	-0.0026894485908833697	-0.011025897352719038	0.009091141678688214	0.006217203511827914	-0.0008749859618366234	-0.015045856232350148	-0.0012330189069886086	0.015692606508410107	0.012723475893130774	-0.0066584639682265145	0.0224600220235354	-0.020856054176117984	0.0135756179789333	-0.002327420717684945	-0.012201020000468948	0.020618423862219064	0.002301804712502597	-0.0035176516974953667	0.0	0.0	0.0	0.0	0.0	0.0	0.0	0.0	0.0	0.0	0.0	0.0	0.0	0.0	0.0	0.0	0.0	0.0	0.0	0.0	0.0	0.0	0.0	0.0
ec1404	0.013078558702642544	-0.24156219901944054	-0.003941386924471119	-0.07182682882799614	0.030785145400183976	-0.02726249816689044	-0.017680197600051115	-0.04014087734385831	-0.04815144870195878	-0.03885187203352613	-0.009464001835732507	-0.009286587954057346	-0.000314175833406604	0.016654694623833646	0.0023247810681063497	-0.08649000492996134	0.05028538022349732	0.05996852069203937	-0.004238548786134851	-0.03998639463121718	-0.04899824198843998	-0.03509612457067441	-0.02319148395374461	0.024412820035100882	-0.015144668451160451	-0.06645817853378343	-0.0045786002028502006	-0.03041420766910189	0.01368797058320074	0.02169755320178159	-0.019337743814893057	0.0012853459021091565	-0.02697513243341517	-0.004413914137548793	-0.07929326290361284	0.004454504815322427	-0.016110242693241218	-0.013587325500093936	0.01590485774960355	-0.0021279160369071766	-0.008863479837256369	0.005873289376555306	0.005794904691189376	8.252652990518888e-05	0.0014191691346404733	-0.0014659182487214316	0.0	0.0	0.0	0.0	0.0	0.0	0.0	0.0	0.0	0.0	0.0	0.0	0.0	0.0	0.0	0.0	0.0	0.0	0.0	0.0	0.0	0.0	0.0	0.0
ec1412	0.009626161419785983	0.10880633739174127	-0.14155311323317646	-0.04383389400026562	0.15923614123941773	-0.0833715432884143	0.002008717192959448	0.035672595035565816	-0.041394483369532276	-0.029646200011701554	0.02170254928369613	0.0678628769019782	-0.0763190181777096	-0.03414899889311384	0.0043214269363331705	-0.02226462204314234	-0.020694448212338123	-0.07242538156590153	0.02458274611063901	0.034284096636400925	0.0010809279802668041	0.07583687202623617	-0.016509288585740318	0.05024744590027296	-0.08076838407595192	-0.017777157221399904	-0.008213571716947362	-0.003099629712480735	0.03440813293241433	0.0296673342476202	0.0020350972872788553	0.03431914833979915	-0.005620566958439478	-0.012261398024143213	0.02837372196295267	-0.0005524258831279937	0.012320164595269188	-0.008658045475658358	-0.014891526234303062	0.005339430156140387	-0.00750429685643347	0.009506011827004291	0.007396496281190265	0.004536828177975588	0.0028445125649596108	0.001053613080566169	0.0	0.0	0.0	0.0	0.0	0.0	0.0	0.0	0.0	0.0	0.0	0.0	0.0	0.0	0.0	0.0	0.0	0.0	0.0	0.0	0.0	0.0	0.0	0.0
ec1416	0.21852281873806978	0.030839690092605464	0.009563786064398432	-0.048259896750468795	0.0035608610039966826	0.012039095861381648	0.016151268118530782	0.04719410651374736	0.00516955412127481	-0.007843582157733859	-0.013259467925619405	-0.022032644511630093	0.010432054159905443	-0.0015730276178736796	0.004590010236846378	-0.011913647648549656	-0.005942524427231036	0.005217748491712242	0.03582802119908692	0.010400707373304266	-0.013795910331263348	0.005812269538248805	0.00995736571275839	0.0056780587356044495	0.002969254945742269	0.0004194956673654134	0.0018373620039595577	0.0014006189618448225	0.006589548868179709	0.004573281130925207	-0.009403908810853632	0.0026241644882876547	-0.021685870075860737	-0.015018201274330243	-0.0023147097709507606	0.012345822733699427	-0.0030510348156361318	0.0016826502973160931	-0.001606869108343836	0.010599409096127037	-0.002901642664016748	0.0037937453354293677	0.002816902462843472	-0.000657760494490682	0.014077323508720378	0.0012057574554652712	0.0	0.0	0.0	0.0	0.0	0.0	0.0	0.0	0.0	0.0	0.0	0.0	0.0	0.0	0.0	0.0	0.0	0.0	0.0	0.0	0.0	0.0	0.0	0.0
ec1417	-0.21573506994403044	0.049874975290416054	-0.11295748021516573	0.09686834792592354	0.08155400209648005	0.019107096099037862	0.06423536202219411	-0.06887947074015022	-0.023875544470856845	-0.16386388145647388	-0.08240745756232035	-0.023906592533937166	-0.03644025594221936	0.04000655904791761	-0.03465336237319951	0.04043830164770912	-0.09539366171044819	-0.06644171126597646	0.011491501749916212	0.032379858471558595	0.05098488133967184	0.06122489488064275	-0.034153290590083	-0.03406112505544295	0.002514438211912065	-0.0028212566035976426	-0.007053761449722894	0.015344343163314449	0.0321514230241649	0.010531248944448082	-0.04172112227569666	-0.044561362371443536	0.019047047972718775	-0.018653940527437102	-0.013684375479383134	0.008737385133238471	0.003724677355681083	-0.0055831072046282374	0.0009535072515483872	-0.011530493141759178	0.010344353749882485	-0.00039941329825251735	0.001885056529023984	-0.003947902631631676	-0.001277942366331929	-0.0018693898082100709	0.0	0.0	0.0	0.0	0.0	0.0	0.0	0.0	0.0	0.0	0.0	0.0	0.0	0.0	0.0	0.0	0.0	0.0	0.0	0.0	0.0	0.0	0.0	0.0
ec1419	0.14450974828942997	0.06158412474037275	-0.01562835563574478	0.03860648377383726	0.0060218472566524565	-0.03779423513074267	-0.095655056640243	-0.08413727205552438	-0.01680654121116287	0.03411261540367286	-0.03856571837972741	0.01953258923157112	-0.018433686311121435	0.0029435351079870583	-0.024423425334978495	-0.0003542463227276586	0.015070193612628869	0.0106580961503102	-0.024473976027982604	0.01766737556689611	0.03187505438754744	-0.007919332641462402	0.04999893230602316	-0.01001629462587641	-0.02240267288438321	0.017033551916134048	-0.034803159622298685	0.01438048814121017	0.052849344468197	-0.01666750718222676	0.018501493149479197	-0.031240782316396567	-0.04980997576059647	0.010028099918988065	-0.01396187469603105	-0.007115422554497157	-0.007744068341571653	-0.002897082359201721	0.007908941166739372	0.009972336870570678	-0.02472328903969038	-0.017232655159550574	-0.003889666524257558	-0.002473057693847858	-0.006781165792240227	-0.0017645210228901423	0.0	0.0	0.0	0.0	0.0	0.0	0.0	0.0	0.0	0.0	0.0	0.0	0.0	0.0	0.0	0.0	0.0	0.0	0.0	0.0	0.0	0.0	0.0	0.0
ec1428	0.0619493539664185	-0.05703358841983288	0.07852502033024288	0.2692328191774629	-0.021125406020791746	0.04814629044920226	0.03427114061777795	0.12817193006769767	0.009164156511491887	0.03256618857336601	0.011858881124573398	-0.026891250963222386	0.045783923975912494	-0.024237532360957	-0.027629787948894563	0.03844742068725976	-0.013868401382864392	-0.028734392041975764	0.0065742011654890305	-0.023944713412217683	-0.0031171872277558645	-0.03102955697801416	-0.031677554953850114	0.007334016897196429	-0.029897771489076234	-0.040454070856566625	0.0014215643343843227	-0.024044626834620848	0.0022868482085135248	-0.006434321836460411	-0.013398892599724474	-0.0240282422624343	0.010199669918120768	-0.00567194155962656	0.0059731873759360475	-0.02311353048089647	0.0034829010140335587	0.007045201375788156	0.01388987221122716	0.004540799285609179	-0.008991898853876367	-0.00011063365474870955	0.00468594728356998	0.00050801093722485	3.53556685590652e-05	-0.0007823003831902641	0.0	0.0	0.0	0.0	0.0	0.0	0.0	0.0	0.0	0.0	0.0	0.0	0.0	0.0	0.0	0.0	0.0	0.0	0.0	0.0	0.0	0.0	0.0	0.0
ec1430	0.2170832832087966	0.0262121167131892	0.00831450391656754	-0.06534847597841255	0.027380683178568076	0.011737375071030173	-0.001758845491969326	0.046377388494505775	0.009633111481778046	0.01610937179095198	-0.041979633157024576	0.0020849189508450423	0.009447719354308099	-0.017637879024331497	-0.03395254356697944	-0.009569013802968668	0.025772662416075672	-0.008529909938146334	0.015934748778962168	0.015593592196305605	0.020304695041031887	0.02781089445637176	0.0007819586487400331	-0.018101882767410007	-0.010593421239991588	0.002053740540159845	-0.005288735490936746	0.005288868513063911	0.03190880601631106	-9.116300754321647e-06	0.019020036690940743	-0.003165223633463651	0.006583062295611262	-0.00579800034032039	-0.010354444150051089	0.00651684279293937	0.004583361380085807	-0.009010566917590813	-0.0005983179697724946	0.005222556752793292	-0.01637899773957368	-0.009976863396829187	0.0019645089431702366	0.009694596539056466	0.005800829731555746	-0.0031338618847209813	0.0	0.0	0.0	0.0	0.0	0.0	0.0	0.0	0.0	0.0	0.0	0.0	0.0	0.0	0.0	0.0	0.0	0.0	0.0	0.0	0.0	0.0	0.0	0.0
ec1433	-0.18582107501019507	-0.12716254739371427	-0.17270878350450453	-0.04989818121905906	-0.036342792974618066	-0.004858789917312003	0.07744319781939182	-0.00214058732922134	0.036650388084951795	-0.05149365106232412	0.028556481144746713	-0.011902109852529435	0.06368004515691902	0.010013719831556694	-0.07104534933342146	-0.062196802715678484	-0.01826244538984741	0.05709434864036805	0.11346305284628927	-0.012772184103159882	-0.03607421188449964	0.021646811832532527	-0.0343732025540491	-0.055133602847165855	-0.04855699631417973	-0.03278155077961199	-0.012843213841143265	0.04641515128161293	-0.07707755639350986	-0.001870346445643154	-0.04678545451264521	-0.0007006965186242627	-0.02832706133459392	0.008848033894999618	0.01761571561171387	-0.008352915745457056	0.006400796000189202	-0.005950374792701413	-0.006191273799482202	-0.002743666001935626	0.0012899765634633166	-0.00710524142502433	0.004507505649622537	0.0021704864083568593	-0.0036751179561179664	-0.0011372391282929823	0.0	0.0	0.0	0.0	0.0	0.0	0.0	0.0	0.0	0.0	0.0	0.0	0.0	0.0	0.0	0.0	0.0	0.0	0.0	0.0	0.0	0.0	0.0	0.0
ec1436	0.2176575710348631	0.02433027246803602	0.011170599852156519	-0.07449529756179309	0.023828943760009654	0.013803552504231022	-0.0011723006338866533	0.049969132563627554	0.010569240910346767	0.024585976896675556	-0.03668088839030886	-0.011742977837057958	0.016753634992768204	-0.01912999705070421	-0.030761602981939463	0.006547656130343629	0.016664311900808224	-0.015008381019143821	0.01667955920695292	0.009542533215360867	0.013529390618290246	0.03309355494687586	0.0004952762322674015	-0.007260238984698989	-0.0067407442610295815	0.004031430984570905	-0.006171834869968602	0.014405706636530608	0.026864420884300917	0.006671735989656295	-0.004971398716881228	-0.013588948473776803	-0.0061265025827820065	0.04418823907719474	0.007470363189249527	-0.0012174161496276577	-0.011939311988789185	0.019735620233914127	-0.007491521594462309	0.010990078157979517	-0.001893463986377384	0.0036281653510531415	-0.0038111393639760844	-0.0021848673508421354	-0.0020461448874342855	0.0034392175984802728	0.0	0.0	0.0	0.0	0.0	0.0	0.0	0.0	0.0	0.0	0.0	0.0	0.0	0.0	0.0	0.0	0.0	0.0	0.0	0.0	0.0	0.0	0.0	0.0
ec1441	-0.48878522863706314	0.027593961492716403	0.24004339411876804	-0.12963588342479904	-0.07477868001828933	-0.08231153232326587	-0.28246055342322013	0.1331469718275769	0.04909799490156924	-0.07553566310915688	-0.02394123881373285	0.13568312853744277	0.11014564247888418	0.01578798973290797	-0.014927641285023474	0.00025120638534314495	-0.053594404896640295	-0.059052402986394574	-0.004514105320725504	0.0886879920648426	-0.06407857779269722	-0.0440331777042944	-0.03948172520539229	-0.019136493120423936	0.009456927456289265	0.010827421994809213	-0.01844846522244492	0.0016030017549295511	0.010090874356433114	0.0025305277967483373	-0.013846415045672201	0.002920103336191677	-0.00864189966770295	-0.006459136801898003	-0.00018988121049590178	-0.0004057810629670178	0.0005336433068487557	0.0032147481846095454	0.00048146319378059694	0.0012131494719295776	0.0009870518931306457	0.000581058725808786	0.001126114873480004	0.00032157987425720066	-0.0008858836242485502	4.528842033454805e-05	0.0	0.0	0.0	0.0	0.0	0.0	0.0	0.0	0.0	0.0	0.0	0.0	0.0	0.0	0.0	0.0	0.0	0.0	0.0	0.0	0.0	0.0	0.0	0.0
ec1449	-0.3795714991312789	0.1983566141864912	0.2833625020312056	-0.08776410357165627	0.03951701595639862	-0.3550967951585073	0.14186408575282153	0.037900310853750716	-0.04284545634229304	0.11386709029537127	0.03868097536565886	-0.16128380032586723	-0.05760224058272702	0.08613261350574102	-0.051423159322002726	0.029710788276337014	0.03708363033123015	0.0026239893131258384	0.014929622239345313	0.025872978722432258	0.00860271608135162	-0.014376875504758623	-0.019305151145936773	-0.018993462137845658	-0.0018666657259756956	0.00035687186169118084	0.009301156518216272	0.0025208895192059774	0.003931705821709449	-0.010709985238309343	-0.007386718434178838	-0.006176850162041297	0.0037282627165277906	0.0008109146914029695	-0.0018464419551996248	-0.0006030373506100096	-0.002411909170322315	-0.0003655935374669638	0.0004778081653500971	-0.0008429071601700422	0.001416028427408716	-0.0007123637271445758	0.00033251815974646553	-0.00035214321111823825	0.00048216372273817695	-0.0002964304004052587	0.0	0.0	0.0	0.0	0.0	0.0	0.0	0.0	0.0	0.0	0.0	0.0	0.0	0.0	0.0	0.0	0.0	0.0	0.0	0.0	0.0	0.0	0.0	0.0
ec1450	0.0053762466911742	-0.2721465134668677	-0.0723029749503312	-0.0243086704581225	-0.1393883103190458	-0.05349000914521025	-0.055678161489082174	-0.008452783599285339	0.03927280997922651	0.08822889517176795	-0.01806893691492513	-0.05127592904547499	0.08665069131054794	0.0037058933130477397	0.006083202906422532	0.10282802101081943	0.019569792705981193	0.0011490787277739201	-0.015816942567890457	-0.01004732918807116	0.025279284418802846	0.08429351352308433	0.04128385684369508	-0.03337486231489265	0.023391661031248616	0.03846059839710008	-0.0010946873118343084	-0.042310340804531825	0.014624058837362699	0.04792753718490204	0.005798156266204892	-0.00900913614643529	-0.007245770570913897	-0.001845742397521231	-0.013527792813045385	0.00041403101996008717	0.0034206112202508367	-0.02756493018617144	-0.020467623460844752	-0.0021350355613217213	0.0019383671956745314	0.006647505746743513	0.0050632874460841155	-0.001674759402105105	0.0014445554634402826	-6.030183154676621e-05	0.0	0.0	0.0	0.0	0.0	0.0	0.0	0.0	0.0	0.0	0.0	0.0	0.0	0.0	0.0	0.0	0.0	0.0	0.0	0.0	0.0	0.0	0.0	0.0
ec1460	-0.3964314844873426	0.10966093254240644	0.11246135360931883	-0.041678775168711504	-0.0710464940488645	0.0306394447369812	-0.11993655366376653	0.13071337610367667	0.08843232445077931	-0.14771439487754126	-0.000753000084825156	0.034854405050047714	-0.1100656211642796	0.08326820219466037	-0.029864951590068054	0.041828476917353	-0.0022292184910710357	0.10048182856606362	0.0392985870488047	-0.12672223985740638	0.07977704255218748	0.06725364375351156	0.052584554390784514	0.05486545507908606	-0.008377969625583622	-0.029712936347966252	0.011576212228219836	-0.014675839445694764	-0.019259381048238527	-0.018097911568720343	0.02507490281152184	-0.014822109097247663	0.011951470440925075	0.010779972055790423	0.002535500636891835	0.0057980682338634295	-0.0018146191310151134	3.760397139175859e-05	0.00027609601510015125	-0.00010833348154184586	-0.0037835341682164202	-0.00048179679699662895	-0.0006422876099050394	0.00038141041789650304	0.000693045108696028	-0.0001984035686606115	0.0	0.0	0.0	0.0	0.0	0.0	0.0	0.0	0.0	0.0	0.0	0.0	0.0	0.0	0.0	0.0	0.0	0.0	0.0	0.0	0.0	0.0	0.0	0.0
ec1468	0.20060411068091	0.06329230132333186	-0.0011227646843062144	-0.0031833446565032865	-0.08132594222341047	-0.0016148498435275454	0.009949031324995646	-0.030739650813199793	0.04152440535336765	-0.04856835757374273	0.035680906650917825	-0.007247990072069282	0.03937864518709168	0.012589541279584553	0.041714201226817745	0.035842094117593544	0.006694860552973823	-0.03724009491613359	0.020735591769464524	-0.015076944622636342	0.027172351724115768	0.00410251184797923	-0.04228761511321839	-0.029254895602309153	0.006154370643855231	0.03025708321982996	0.02194689906579011	0.0043612334174748585	0.009295395691033513	-0.0055451765870251695	0.004701191138683149	-0.008435840233494417	-0.011959756690269559	0.003787258198717752	-0.006289828434793686	0.0009824181074730963	0.007008031131276529	0.005776473018660813	0.007776999509210421	0.0031739680873164662	-0.0020216264709127674	0.006792279712671394	8.617814970067104e-05	0.001078716920365788	-0.0012434656643280362	-0.0031282375206218432	0.0	0.0	0.0	0.0	0.0	0.0	0.0	0.0	0.0	0.0	0.0	0.0	0.0	0.0	0.0	0.0	0.0	0.0	0.0	0.0	0.0	0.0	0.0	0.0
ec1489	0.005093359756811649	-0.2836829626258328	0.015038978768088719	0.1424607437159101	0.027174114373241173	-0.043182204958701766	-0.027001754929064453	0.010875969850468533	0.08307652403203421	0.03563661787851538	0.036794426212126606	0.0023112309724899675	-0.011115873858360704	0.025900693523558692	0.03128186128948754	0.002088296966759988	-0.0007292829133283503	0.003278805513444827	0.0030502687050869156	0.0047925799642194655	0.011362300610513928	-0.04354674837755137	0.01364554519635535	-0.005809230886124783	-0.023826659691213916	0.017495266396564107	0.010588201971657043	-0.0015946284237907697	0.0012252728615571443	0.0013228583118567827	0.008703619327566157	0.008830391756738803	0.02575028654664049	-0.011586796570422497	0.01318093805740003	0.001353440206058509	0.002474680567830407	-0.0025595701622088893	0.015180105331022875	-0.0107375021322893	-0.00475728457235744	0.010882665426878336	0.007272562038279661	0.004232293257774439	-0.0023890574961037132	-0.0024772903649724408	0.0	0.0	0.0	0.0	0.0	0.0	0.0	0.0	0.0	0.0	0.0	0.0	0.0	0.0	0.0	0.0	0.0	0.0	0.0	0.0	0.0	0.0	0.0	0.0
ec1490	0.1642734145091844	0.07346102022216006	0.09707216625783464	-0.0801964026849406	-0.02250418015630654	-0.007956218395606476	0.03436625375964923	0.001178062080407188	0.0567452620652911	-0.0026931786345812474	0.04667516320253643	0.008263976041811826	-0.04788551864611355	-0.12537689405763813	-0.007658323020604908	-0.018830252652705808	-0.08075387309244898	0.08034069856950546	0.008884050051426172	-0.024911622289019025	-0.003509577687311767	-0.04185007744901377	0.06712103363196138	0.017200708620806013	0.040861980872159254	0.024566544899712228	-0.016371390090854216	0.0005658378492275299	0.05025810043001232	0.03346866773470674	-0.0824049334613337	-0.008787697808870197	0.009544244035413773	0.006909040181469026	0.01900372300507281	-0.010459789425806689	-0.0227225619998181	-0.03138719260581981	0.019236884987490165	0.00032816425448473774	0.009280211883173056	-0.0012097644385011942	-0.002155486318218886	0.0025322113114203647	0.001482945580678791	0.0017573385826867745	0.0	0.0	0.0	0.0	0.0	0.0	0.0	0.0	0.0	0.0	0.0	0.0	0.0	0.0	0.0	0.0	0.0	0.0	0.0	0.0	0.0	0.0	0.0	0.0
ec1492	0.14590675584960053	0.06799266880627026	0.03506727709278821	-0.003836846100346883	-0.09886975521477925	0.040744845486618976	0.027138344420845548	-0.0778559430988808	0.0608963734477818	-0.0877386482019966	0.05339632820654107	-0.024753439641224027	0.009739820257281784	0.056206509792857066	0.008292742505221471	-0.020615774493397854	0.04931107385159612	-0.056122366651543805	-0.018919423959714715	0.011924697260528729	-0.012001844434737445	0.024849258799016918	-0.0529197884284825	-0.014471394074161025	-0.0011293990623652153	-0.0015596808544222236	-0.004890444453559008	0.0051030983630091006	-0.012622619583095313	0.004561908583049136	0.008704210261929333	-0.016195550238532874	-0.011969578975099189	0.016690951602682722	0.0110418074059103	0.011362793186610334	-0.031276930736771714	-0.01639344852150084	0.006189633079633666	0.022492814892988704	0.014376660761043209	-0.016405118277158313	-0.006499308179985587	0.0018532744973920655	0.0014461709081035991	0.0034861319131017274	0.0	0.0	0.0	0.0	0.0	0.0	0.0	0.0	0.0	0.0	0.0	0.0	0.0	0.0	0.0	0.0	0.0	0.0	0.0	0.0	0.0	0.0	0.0	0.0
ec1497	0.006455150578815877	-0.29701943564322897	-0.026407607673115934	-0.10098871156170396	0.03493920897090718	-0.055407783658585154	-0.02845792170735055	-0.03591612299835786	-0.009928416547831179	0.03044734533854287	-0.039211920398899175	0.023177310143967535	0.01608860724456846	-0.03063834981908679	-0.017954532843941717	-0.019040610528432835	0.026114867754911047	-0.0032131061181346916	-0.011236676938518379	-0.03120360220388283	0.024798152886642964	0.006701458867850195	0.0076966712938390325	-0.0031537645907649984	-0.01857336948993374	0.008326170932310148	-0.006114893450212488	0.022008934982953945	-0.011438131380170139	-0.04292886605253483	0.005474330066715082	0.020817990375992863	0.0018306999048161756	0.022097867593695975	0.013717068065201513	-0.004280125701209725	-0.005784400406327606	-0.008456458060459486	0.0047829449000960245	-0.016813969947817718	-0.0037162923103974733	-0.001985559721962638	0.0030531495083841896	0.0027820601918624394	-0.0006570315991837732	-0.0015755939740951426	0.0	0.0	0.0	0.0	0.0	0.0	0.0	0.0	0.0	0.0	0.0	0.0	0.0	0.0	0.0	0.0	0.0	0.0	0.0	0.0	0.0	0.0	0.0	0.0
ec1498	-0.4160774217890127	0.10197133368426498	0.10002959962971744	0.007398195366535705	0.06453957404774577	0.16160643516688444	-0.02957653895334118	-0.10190425026022984	0.06786241895530552	0.09838627341504388	-0.08631143014885254	-0.011397650667664707	-0.09218442480208298	-0.07908326717495354	0.014793066143808199	0.08420557422219954	0.08379302531287819	-0.009167097035658212	0.08119323165794377	-0.08336295764801413	-0.13004918663774084	0.008539416255988681	-0.04358810558673779	-0.04769068243586469	-0.029917707382850843	0.04151898743750041	-0.012213933594808372	-0.02991414000156892	0.03152460438614466	-0.0247231689386248	-0.012765097614847032	0.005636498132389421	-0.004997750006835047	-0.011258337783338018	0.004120096264097665	0.005081946101712597	0.0013441458063289417	0.006003291754257618	-0.003978854625814859	-0.0049839214715474926	0.004057758094650097	-0.0011131640805265993	0.0002854575985772614	-0.0003643851787623839	-0.000719701185695682	-0.0002337958871462723	0.0	0.0	0.0	0.0	0.0	0.0	0.0	0.0	0.0	0.0	0.0	0.0	0.0	0.0	0.0	0.0	0.0	0.0	0.0	0.0	0.0	0.0	0.0	0.0
ec1500	0.17090241852549912	0.04730015406090544	0.02802864670471092	0.0028019145319894334	-0.017821628324578873	-0.016624021901498937	-0.03891731616575895	-0.1090646348809704	0.021160551992360742	-0.0657093610804798	0.05654130426285014	-0.007625432677346448	0.005247919676193487	0.0603413780174577	0.07218619077811872	0.019231253231674097	0.038176075266375196	-0.03365009330919749	-0.04885231667696379	-0.03216664959800752	-0.008894792606632009	-0.006285473362926561	-0.04824207618447157	0.010258400258743085	-0.006747635862189647	-0.006875068951017215	0.014916698237520492	-0.011439348839677359	-0.010317560822029507	0.004929425553821199	-0.021971060225975243	0.001701140284386909	0.0027180099063331964	0.004739752080332543	0.00046351303858808485	0.00622925391142785	-0.004201338721968934	0.018130256882342047	0.006113264449866875	-0.023448325433756887	-0.011260700438399732	-0.012370657779782333	-0.0029289667830238674	0.0004671933859116295	-0.003222825922116336	-0.0002845187827313698	0.0	0.0	0.0	0.0	0.0	0.0	0.0	0.0	0.0	0.0	0.0	0.0	0.0	0.0	0.0	0.0	0.0	0.0	0.0	0.0	0.0	0.0	0.0	0.0
ec1503	-0.07261186252342397	0.18426659539874174	-0.17603835953955665	-0.008150669059187328	0.04403590157794019	0.039049370188245974	0.01597626604033556	-0.014423150410368495	0.07904437971764255	0.029545397555270966	0.0203913079717303	0.016920557679227087	0.017485314244602836	0.06635697657654482	-0.05792515781385652	-0.021302805631600363	0.013571756324317182	-0.03328590700589125	0.0613036153242038	0.003803169492138529	0.019838329618760458	-0.07969262611631972	0.05791092892634549	0.025857920355787982	0.0509329287533842	0.038523522589385455	-0.0020405799228308407	-0.02329006051600601	-0.007732543935601531	-0.019296406435614245	0.0077854455908981214	0.03651039470788893	0.007842635600396972	0.029323141224001974	-0.022191855771899454	0.010446278190986275	0.014467944589827208	0.00608174710461734	-0.006741597992676894	0.005467290246173072	0.009217139434210642	-0.01403379566308922	0.01152379369107445	-0.002463036912482041	8.027241939144867e-05	0.0008936321803021025	0.0	0.0	0.0	0.0	0.0	0.0	0.0	0.0	0.0	0.0	0.0	0.0	0.0	0.0	0.0	0.0	0.0	0.0	0.0	0.0	0.0	0.0	0.0	0.0
ec1505	0.20146203522540834	0.006361864148199448	0.0168690690774988	-0.06346128156309494	0.09487718913925104	-0.024252934399733077	-0.045527682042651375	-0.02463180450156762	0.010513861645305359	0.024595902075268614	-0.04485373936565075	0.012432522088165135	-0.0025039381320413824	-0.0016234242164734221	-0.015464553617464212	0.004072515555459534	0.01928412335253937	-0.023959069812646668	-0.019404463358072985	-0.015743067106262637	0.02388914163319079	0.031239545644752127	-0.012414771108820291	0.010980135104246481	0.003549769288883564	0.003269834526292097	-0.0210448085974619	0.010187109655234929	-0.010393719959549744	-0.0119241228161422	0.012213939516586678	0.023908096314876667	0.008113946412525485	0.008868726041446886	0.0003865807627994248	0.0008044036961831452	-0.004514147065587468	-0.0054986333415325585	-0.004571310539046227	-0.00026965473510461165	0.0011645995557788436	0.0026815384645185766	0.0018347181879549608	-0.004960564302335093	0.004176718738020495	0.00272352615228659	0.0	0.0	0.0	0.0	0.0	0.0	0.0	0.0	0.0	0.0	0.0	0.0	0.0	0.0	0.0	0.0	0.0	0.0	0.0	0.0	0.0	0.0	0.0	0.0
ec1508	-0.31391692169393176	0.07895142260276086	0.07300105861062939	-0.011918368470847516	0.15645199596640993	0.11491003293482702	0.08703295982438718	-0.052284908521836204	-0.05295605901268152	-0.10594418255042878	-0.0002824936189359512	-0.07915426352539967	0.09477551055044175	0.025788298739751844	0.018472749903309108	0.08724899039162785	-0.08103039149221698	0.0936638581460619	-0.06765255979339184	0.0673094787742922	-0.0768096495759821	0.04330517483930714	0.04649219351092889	0.0067011579856313215	-0.025226767729359487	0.04377281847651704	0.014658820873402725	0.00020825636974744244	-0.02130396333701034	-0.004376029926825055	0.034632832504516244	0.03423017785811309	-0.01694397466771107	0.02507860611414703	-0.0009346826772572196	-0.018444030946515703	5.391398022284025e-05	-0.007794190590479791	0.02355302673908947	0.003120705110195268	-0.011511220227224268	-0.0008298478556202772	0.0017372936952380926	0.0024367267365580344	0.0010750534611854185	0.001051759963602251	0.0	0.0	0.0	0.0	0.0	0.0	0.0	0.0	0.0	0.0	0.0	0.0	0.0	0.0	0.0	0.0	0.0	0.0	0.0	0.0	0.0	0.0	0.0	0.0
ec1510	-0.3615749216239045	-0.01654314247843939	-0.05164679805496161	0.0683058863892586	-0.09055834114296761	-0.11335375999442834	0.09708474361047835	-0.012875850857411667	-0.10185253455563259	-0.18299478571628347	-0.09301975862410368	0.020059879438968375	-0.0024141635412387756	-0.15091173926284993	0.002935975082115374	0.02798490754903298	0.1112482420397148	-0.06321675794756314	0.03452755695103882	-0.0114357950897334	0.04026991772455151	-0.07109303148030816	0.038888849491072686	0.010980729563896	0.013577894890366322	0.005928623034416838	0.004516727177343018	-0.01806026328790858	-0.027056819028011846	0.036718550220805175	0.030248784683417518	0.015918748226577815	-0.02848156971405229	0.0034521494697846667	0.022473148752275195	-0.003921635279794834	-0.009569177934297787	-0.0045681793509660265	0.011128599271751655	0.0038623524860593463	-0.001205882180143194	0.0009753820219024971	-0.005764969787862298	0.0010939171773084871	-0.000984915393597214	-0.0006116190981565416	0.0	0.0	0.0	0.0	0.0	0.0	0.0	0.0	0.0	0.0	0.0	0.0	0.0	0.0	0.0	0.0	0.0	0.0	0.0	0.0	0.0	0.0	0.0	0.0
ec1511	-0.2812159996160293	0.22317963685979042	0.05972410693037864	0.04675831029078873	-0.07182492695772076	-0.060188167567887516	0.24569827913307715	-0.05166565400769727	0.08730149268641982	0.07994114285554112	-0.14450602962535417	0.16319574085151467	0.12277039914464369	0.04636190219452472	0.15057025808405936	-0.055458262474214065	-0.011274060368207432	0.019894486048581468	-0.01882168159978799	-0.04351579360757532	-0.009319354855606407	0.015060491242623411	0.02868230983852388	0.018309048740329462	-0.015478735060323599	-0.03229936279160034	-0.0058286199063572065	0.02401992527231016	0.023342522088398734	0.004070732588245757	0.00521442124860989	-0.01280331100791948	0.014722249999491762	0.003946347126954662	-0.005893230111998957	0.005061759352902275	0.005610415518078175	0.0005222993578819934	-0.006409881191255205	0.000968692159833038	-7.12885173638404e-05	0.0022754164789544973	0.0009662218153167322	-0.00032610875248715774	0.0010755767829339208	0.0007751956856137636	0.0	0.0	0.0	0.0	0.0	0.0	0.0	0.0	0.0	0.0	0.0	0.0	0.0	0.0	0.0	0.0	0.0	0.0	0.0	0.0	0.0	0.0	0.0	0.0
ec1514	0.2260090877680085	0.03587864700978638	0.02588211640851392	-0.06837299798071104	-0.00022072946933340414	0.010594983672433979	0.02058291918324496	0.031767267947741804	0.01985581214067181	-0.031192342506910428	0.0223449803433774	-0.016903694337492524	0.0063163718634985455	-0.014195440353714523	0.051421308408718065	0.012954639269826968	0.0023623729367958477	-0.005773173163057072	0.021733984137496883	-0.010843555336590925	-0.005897650458336855	-0.024693963589331423	-0.017955415455843095	0.011265571273396837	0.015338139628395189	0.01610137129356373	0.004424496649538863	0.015228652841890485	-0.01124365598722576	-0.01225032935978683	0.008926096407828196	-0.011242884258490198	-0.0022773806622624878	0.01367203766114994	0.016395895278737447	-0.0009294146417003159	-0.002314791888444339	0.002103850653215082	-0.005579127609647684	0.00337822139046858	0.016666212919784942	0.004523363360240403	0.007577159861613019	0.007040951637174157	-0.002563199504383197	-0.0006875431630079296	0.0	0.0	0.0	0.0	0.0	0.0	0.0	0.0	0.0	0.0	0.0	0.0	0.0	0.0	0.0	0.0	0.0	0.0	0.0	0.0	0.0	0.0	0.0	0.0
ec1521	0.11771571103906579	0.06469012825572928	0.1027507055370762	-0.058131901929297694	0.004057384450454322	0.10536334223248743	0.04456755930898214	0.08370685392897863	-0.07150729823021572	0.035394445213187464	-0.034174507195916144	0.03504598185862304	-0.009946876150901736	0.014851536486678661	-0.000445664152863733	0.039124350848415056	0.08420737350234782	0.023402065062419392	-0.09790264085584428	0.01742071624677524	0.06321193333519846	0.04064972875373038	-0.02259880459178909	-0.00945882982144704	0.003890297825677398	-0.038644651149672825	-0.01725186766219477	-0.023171636271120323	-0.008147634405292889	0.022128963795237353	-0.0524093382852952	0.036006328622376564	-0.023962344081665924	-0.01213332952638396	0.016113513250975042	-0.013739469873333602	0.00896830843992152	0.020989796503843933	0.01229182520054385	0.004603655020073272	0.004454625959005245	-0.012111050764790068	0.010517612179195099	-0.0005500732653003538	-0.004188402585258542	0.0010147033806390962	0.0	0.0	0.0	0.0	0.0	0.0	0.0	0.0	0.0	0.0	0.0	0.0	0.0	0.0	0.0	0.0	0.0	0.0	0.0	0.0	0.0	0.0	0.0	0.0
ec1524	0.17769249043486354	0.07293235636767313	0.004708510679783543	0.0061132172339780876	-0.07478453413168294	0.008044814936240343	-0.002297044379750705	-0.03159293549518607	0.03340188261555481	-0.04203723749337511	0.0013914281171916838	0.02612197544024571	0.023871198630540533	0.023232107508829307	0.004617741978266342	0.019050895282968543	0.03623770097520713	0.00775161305722591	0.005221704996588866	0.013152661497148908	0.060991929626404824	0.003267793124177996	-0.0006584091887749192	-0.05760553581748413	0.016889708041566042	0.01040049191688244	0.031133858441454616	-0.03235265117837882	0.011897242145610722	-0.01937838120922795	-0.009698958873385356	0.04401019009875213	0.008460950261365346	-0.03917766785530522	-0.0025196610679553257	-0.006400591294989951	0.009362225507427989	0.00789452676599016	0.028713615698012795	-0.003445504432390223	0.007659427289983491	0.0038846154659160346	-0.002846521952109488	-0.003560556590245801	0.007712298370854618	0.0002510425900105938	0.0	0.0	0.0	0.0	0.0	0.0	0.0	0.0	0.0	0.0	0.0	0.0	0.0	0.0	0.0	0.0	0.0	0.0	0.0	0.0	0.0	0.0	0.0	0.0
ec1525	0.21888604592672922	0.0315397153452386	0.019710748937306975	-0.05807815577642073	0.005336424592357105	0.009266463603938072	0.015304964339920655	0.03581493572739548	0.011147913199201663	-0.0174115449396251	-0.0021700403046871672	-0.018015194029102604	0.01037815805975553	-0.004556703454634367	0.028892031463827076	0.003261705220726955	-0.0015452609769632717	0.005522531678216221	0.017561532841499534	-0.00631425335400331	-0.006484414443872124	-0.015921560817630753	0.009377262520019775	0.006658683282073228	0.006282330237726867	0.004736744313568131	0.009607470460973053	-0.008462153707562889	-0.005145058244540727	0.005162735481609791	-0.019150237982812873	0.0028395413253811262	0.00664521136700769	-0.0033727303220986203	0.029589175702356314	0.001286734505068069	0.006002904005743649	-0.0013720420845771979	-0.013081885482250536	-0.0206106135437584	-0.012755106857405567	-0.025321045023514267	0.0009462665869934867	-0.010817379861474135	0.00020018921019249563	-0.0015490591261877766	0.0	0.0	0.0	0.0	0.0	0.0	0.0	0.0	0.0	0.0	0.0	0.0	0.0	0.0	0.0	0.0	0.0	0.0	0.0	0.0	0.0	0.0	0.0	0.0
ec1526	-0.014809497984832007	-0.2695767741478008	-0.016457036969950482	-0.06636228389176015	0.10563578349138775	-0.056946002394287244	0.006567943544259282	-0.05473758929127832	-0.049196027817892514	-0.1044148925544311	-0.08604750479060497	-0.006275165105384222	0.05478908997163452	-0.0600945897242017	-0.04842159745678512	-0.004762728311282251	0.019656807774189527	0.02897082615027774	-0.026534023448992035	-0.02205160091462667	0.021202598597662742	-0.011397520616267268	0.0099862290225295	-0.045512339569700334	0.04264924445728734	-0.008133734688242675	-0.029577642186266132	0.02066430432168099	0.013648143964829539	-0.0493996091273498	0.0035602263772663654	-0.010815775538862088	0.015426536689629176	0.006735047196914209	-0.009313936033676418	-0.007036989629343214	0.0027490284908250865	0.023333949587853238	-0.016859488116400277	-0.004440574026496544	0.007337290329811425	0.005573650826675721	0.0031669520916274103	-0.004074716931477964	0.004081041097534037	0.0018655189365668803	0.0	0.0	0.0	0.0	0.0	0.0	0.0	0.0	0.0	0.0	0.0	0.0	0.0	0.0	0.0	0.0	0.0	0.0	0.0	0.0	0.0	0.0	0.0	0.0
ec1529	0.05104758552231809	-0.2624011995880991	-0.015011876630095795	-0.07091469173835876	-0.006524979793030964	-0.0288500408051686	-0.0033554244291758998	-0.02629144795741365	0.007440909024194615	0.0011569828127804098	0.024019801463841434	-0.021574876729037226	-0.03078746951405455	0.00823695427520141	0.09133449167168009	0.024222125632527777	-0.025800739866495698	-0.005076121651795747	-0.0009649685353583799	-0.006468107949779842	-0.011146176694874683	-0.0063110008924167444	0.00033062790458408245	0.034148854220241366	0.0004831359044583395	0.02095776435828583	0.006865805383302421	0.004569158219698986	-0.0067346079858481124	-0.009710493961397249	0.006512700062494084	-0.007808986512713226	-0.002345873745639618	0.00909990151525378	-3.987451561010317e-05	0.010363823438898263	-0.006522840314419543	0.010847684887748428	0.0004046927135041395	0.02404809581569237	0.022779734436992983	0.00946409548222958	0.00505712609151655	0.00596720490871567	-0.005471683156847602	-0.0013540245094288631	0.0	0.0	0.0	0.0	0.0	0.0	0.0	0.0	0.0	0.0	0.0	0.0	0.0	0.0	0.0	0.0	0.0	0.0	0.0	0.0	0.0	0.0	0.0	0.0
ec1530	-0.43136399499078987	0.12329061826366298	0.1237179864093019	-0.0061069495219863885	0.022821073151915238	0.13933438885537397	-0.1333650420720658	-0.026300663172993666	-0.007604638208549676	0.05115748027452285	0.018049798935391805	-0.1903564220893178	0.0310485172845495	-0.07121302522824896	0.12904932688035367	-0.14044997993930264	-0.046197571149387974	-0.06953604604357908	0.007394836320861956	-0.01815001495630043	0.09246983655736221	0.004691322647296597	0.04337444599968716	-0.05551637228088907	-0.006349800122423506	-0.042550915703887124	-0.002295277520569059	0.01208167127662476	-0.007162061340329845	0.011621178340776302	0.0072088570341397136	0.012730915077998138	0.0006339325443802784	0.004024826613000307	-0.0024591366550481804	-0.005950084374187916	0.00010900071119454234	0.0026359693076564547	-0.005255457871213241	0.0015586119213059635	-0.0004992783295058598	0.0005707014856471328	0.0008521207299539719	0.0006725334731139153	0.0006428795259351634	-7.660595541269482e-05	0.0	0.0	0.0	0.0	0.0	0.0	0.0	0.0	0.0	0.0	0.0	0.0	0.0	0.0	0.0	0.0	0.0	0.0	0.0	0.0	0.0	0.0	0.0	0.0
ec1534	0.042086465835378645	-0.14151225968532408	0.11107936718139197	0.18481501043503157	0.20561635965824557	-0.006367312105260126	0.019507830164257774	0.029648510786951212	0.06382371037579264	-0.13238265444317449	-0.013952222632789526	-0.04951588565880872	0.014709820991753246	-0.008761092868420094	0.005748282299645612	-0.002847529077098189	0.01756567596931497	0.03242135559181958	-0.05155239437185641	0.01184065135776201	-0.017304504097722277	-0.030367857793116057	0.016094677932364125	0.007431592969427775	0.040938359393131604	-0.0035722809538319346	0.003845536433738125	-0.008987250756746494	0.017306854024848647	-0.002038922229772092	-0.012847819969751812	-0.020231445080215463	0.01852930076225028	-0.02499512792141106	0.003137125714477028	0.030115529238523637	0.008219077085900908	0.010137431982476158	-0.026666776446774874	0.010516334669805567	-0.0003058012389624651	-0.004198153008965684	-0.0018965502704499238	0.003311801468542988	-0.0026073647106559907	0.00042588546623504567	0.0	0.0	0.0	0.0	0.0	0.0	0.0	0.0	0.0	0.0	0.0	0.0	0.0	0.0	0.0	0.0	0.0	0.0	0.0	0.0	0.0	0.0	0.0	0.0
eti112	0.17361893179734797	0.0493217210188944	0.053057510387145575	-0.044260056403667036	-0.011593391230882872	0.07714002833977301	0.0481433545603102	0.07829294129432089	-0.07249912766969308	-0.010120645264622915	0.00011306686812188215	-0.006887018678245974	-0.015167295193463133	0.02228498940871567	0.02614634237780218	0.026404317367896224	-0.032467724831189225	-0.034858809183542866	0.010171785929688312	-0.040034234016266365	-0.0019354401159535207	-0.005071685587325717	-0.05694906816703055	0.027000116257840524	0.01560719900022218	0.024140109026852145	0.003606966572343854	0.04549141622377681	0.004442971880930778	-0.0022043442925793145	0.024219300161900787	-0.01923676842811816	-0.028659571867230664	0.007540699125298677	-0.0035295923676733503	-0.006470165253448956	0.00034426503873520397	-0.0069959931935051995	0.015244927872988806	0.0018102334705469546	0.016966618338568447	0.008490994150917846	-0.00028595454100644065	-0.005240052826965566	0.004888067057387305	-0.0024899354918455317	0.0	0.0	0.0	0.0	0.0	0.0	0.0	0.0	0.0	0.0	0.0	0.0	0.0	0.0	0.0	0.0	0.0	0.0	0.0	0.0	0.0	0.0	0.0	0.0
eti122	0.16152193009250018	0.059050868386178824	0.05984876914885372	-0.02913301916879333	-0.018681920981054208	0.07601850289919726	0.05550890674808211	0.057945826732171773	-0.08677173318173917	0.01968924981002152	-0.030452961520946342	0.01609157327488354	-0.014783966963197085	0.01910790460449104	0.003636378668914057	0.00376957776772525	-0.03972688924394294	-0.007684392487846686	0.018077918752054514	0.018318994280002554	-0.003039433833439273	-0.0358017400296783	0.007502519473358895	0.011094398643874556	0.016084675576742865	-0.0004157185764156523	0.0070265214587254205	-0.046621699089399934	0.0010504400818057015	-0.0035571835832440774	-0.019656881359289752	-0.004393356046108267	-0.015041527826702223	0.04487174768584467	-0.00040707700022375476	-0.01672563033121323	0.010644844610910833	0.004690693486775447	-0.024219745083622228	-0.00434097223524869	-0.011760895612949684	0.016264240817385294	-0.0165995479250689	0.0008962434360761157	-0.00391160758479092	-0.005175803690216405	0.0	0.0	0.0	0.0	0.0	0.0	0.0	0.0	0.0	0.0	0.0	0.0	0.0	0.0	0.0	0.0	0.0	0.0	0.0	0.0	0.0	0.0	0.0	0.0
eti124	0.13240790698115076	0.07282897596426668	0.05070223789908093	-6.890334334110894e-05	-0.06541162976920223	0.04297515122631547	-0.0038683661575939225	-0.05832029357039631	0.03161523021624627	-0.03536627144504005	0.011683395556785627	-0.023187308399360052	-0.030434585030407718	0.0513022363441551	-0.07664639964848166	-0.08554294030196516	0.03844215879604863	0.0481479586918706	-0.024540210106419977	0.031713321479984735	-0.03606367316250067	-0.023082749014129895	0.03223165970136613	-0.02168225960021068	-0.05997907346560627	0.027999055871376733	-0.06133142296568362	-0.011697607607472436	0.006291110955766655	0.090595914928495	0.0455457754884247	-0.020895230916124868	0.016181606265023546	0.009757621612584975	0.017240443963538247	0.013568843084899794	0.011391280170378097	0.027051301730605538	-0.0029285736810605863	-0.021785708059167477	0.01375407986401606	0.005863105962580699	-0.0013961991845147493	-0.0034877641597783593	0.001840348062130925	-0.0007425419348141409	0.0	0.0	0.0	0.0	0.0	0.0	0.0	0.0	0.0	0.0	0.0	0.0	0.0	0.0	0.0	0.0	0.0	0.0	0.0	0.0	0.0	0.0	0.0	0.0
eti126	0.20503178756592055	0.010510066949193072	0.014366184158234088	-0.03689620064531461	0.06391913833685403	-0.022142633308918514	-0.024319508914330556	-0.011928173657838886	-0.008967153228862393	-0.002343960214435188	-0.01202106544759508	-0.010152824226671414	-0.013575275900430122	0.016580035839518528	0.021504997688671958	-0.015473264036344444	-0.02379886926476285	-0.0018651796563858257	0.009086181177123684	-0.008122913951751033	-0.026693302474356445	0.0049560141438115685	0.007741574267385368	0.035733878151488145	-0.009869172764480849	-0.01698943063581461	-0.011385680147670708	-0.0010587664221843173	-0.0115430984394955	-0.005143946983164511	-0.020856633144474248	0.006486900907854378	-0.022046872590553435	0.0002906131062172067	-0.006625433567888512	-0.0023892395914535034	-0.017541707075181025	0.0290641588607256	-0.005132109896418452	0.008687128164271092	0.005969079377291159	0.004080050255017753	-0.006015375423235763	-0.01668684717906426	0.0011826991031855482	0.00020836770889881527	0.0	0.0	0.0	0.0	0.0	0.0	0.0	0.0	0.0	0.0	0.0	0.0	0.0	0.0	0.0	0.0	0.0	0.0	0.0	0.0	0.0	0.0	0.0	0.0
eti146	0.21185120911264071	0.04307100511701193	0.04661657295506937	-0.08017580784086312	0.000429402373371078	0.03274800080123637	0.015843765840855638	0.023976364350009913	0.018570611203074898	-0.04918552888358366	0.03460018915493029	-0.03247369380736292	0.0076861959945008565	0.012882668447192543	0.04426189303945124	-0.0018929783174524808	0.0560397132084589	0.004219128922357255	-0.015510979638180811	-0.013773201296063738	-0.022640682112823007	-0.011591296090945006	-0.026833978938639605	0.02205309821412168	0.02304391582400491	0.0012759363876166966	0.008364855842361322	9.64974476649025e-05	-0.01352922144613951	0.026097220594225135	0.0006219183428244633	-0.010300790178417186	0.0010768794665461867	-0.009897951720566017	-0.009138859039042704	0.016626596287489182	0.011992325413516646	0.0008198958471321179	-0.013853904656062588	0.017047564769770342	-0.015339745060654943	0.002219056199731954	0.008146985238976999	0.010873299142307906	-0.004416208760426846	0.001975568037597245	0.0	0.0	0.0	0.0	0.0	0.0	0.0	0.0	0.0	0.0	0.0	0.0	0.0	0.0	0.0	0.0	0.0	0.0	0.0	0.0	0.0	0.0	0.0	0.0
eti147	0.2017176197169023	0.0063141400131282	0.020623730352723267	-0.05548369245232694	0.09285695083117312	-0.024976824560356627	-0.04118735214535822	-0.025198126072233522	0.004811596899615811	0.012722046016622206	-0.026690561533725562	0.021129685423051287	-0.019498221466562	-0.0020221933650037076	0.008330722711957396	0.0012286629067449187	0.01284580740470645	-0.012994108383117516	-0.01909651543574142	-0.01642080009152265	0.02009035293786554	0.003142780095273589	-0.0021879433693683765	0.004845287405255055	-0.011061520327766711	-0.004870684596134822	-0.02127018926639352	0.007459335411818241	-1.3673562258190054e-06	-0.016944623943248666	-0.0028865549596400687	0.01567928731143009	0.028974140497817852	0.0139817166664564	0.018574893446696213	-0.019949766588859722	0.0040137793170106646	-0.00444899651278133	-0.00913197544001096	0.01291285001691185	-0.0036907277985846554	0.00292349920237649	-0.002831220217832309	0.004904447390098709	-0.0030404937352942166	-0.001886599235000007	0.0	0.0	0.0	0.0	0.0	0.0	0.0	0.0	0.0	0.0	0.0	0.0	0.0	0.0	0.0	0.0	0.0	0.0	0.0	0.0	0.0	0.0	0.0	0.0
eti149	-0.4145037833523399	-0.023393203572273206	0.03094226609523014	-0.03184874937521514	0.06622586567358514	0.08206412488206366	-0.012903682456910773	-0.12184469693635279	-0.07632899777342843	0.07565666589009958	0.10401259775680817	0.02654741780823381	0.13886256324186003	-0.04610676574717132	-0.061052036521764615	-0.041045460247728704	0.042478584676165845	0.06340517169617832	0.025095140991437764	0.020739436645278633	0.09657983266942036	-0.002679352434515873	-0.08829220835548944	0.11577932670490167	-0.017378663863946774	0.043707811753270064	0.025830580471448487	-0.028973051123812307	0.021111254539545078	-0.0058064181439345585	-0.004579429339080427	-0.02544129675026111	0.010727362922323114	-0.008700593879733785	0.013322706622707146	0.011896928212346416	0.001293526106068577	-0.0026812407960219078	-0.003528068320852109	-0.0017828654684755958	0.005621924721188256	-0.0009675920439469367	-0.003205645376903186	-0.0026833272172048683	0.0005323770765545101	-0.0005296102514365458	0.0	0.0	0.0	0.0	0.0	0.0	0.0	0.0	0.0	0.0	0.0	0.0	0.0	0.0	0.0	0.0	0.0	0.0	0.0	0.0	0.0	0.0	0.0	0.0
eti153	0.04618758968513874	0.12295440890270667	0.11116801355825952	0.03546427736884673	-0.19139675443856624	-0.05599845386973273	0.07919109363071437	-0.13216328238813507	0.07925790530598667	-0.03090537335452955	0.12164495106507771	0.009515783059955436	-0.04071010312514205	-0.13405025340926932	-0.08400336899401983	-0.018806432450584235	-0.0982527652823446	-0.0031118608182271485	-0.042378430980678825	-0.032764461020178694	-0.01018327167752411	0.0506031813332165	-0.0498434969214844	0.020418733727070572	0.04960528235729831	-0.0044328831619420755	-0.03131838310587895	0.021244881086862698	0.011993110563038397	-0.013499929332260437	0.030199445224913295	0.03537922390453631	-0.013388681350422217	-0.01069926242531358	-0.023027554397053552	-0.010937643461659494	0.020615281776665172	0.018713018805784257	-0.00990608668322245	-0.003381371811100128	-0.009975694272146476	0.0010087686608903376	0.004506228172079174	0.0018071781896690736	-0.0033378379191091327	-0.0006901044288802905	0.0	0.0	0.0	0.0	0.0	0.0	0.0	0.0	0.0	0.0	0.0	0.0	0.0	0.0	0.0	0.0	0.0	0.0	0.0	0.0	0.0	0.0	0.0	0.0
eti154	0.11913243964882518	0.07932587764292932	0.03507409426481268	0.010593758817661997	-0.08450390652868826	0.053268364251049354	0.025098998232223075	-0.09870098563475362	0.048908230733376155	-0.06927516461079541	0.014544902258678374	0.0019043033551004907	-0.012562638438993565	0.06411245953549284	-0.025266959486185025	-0.047365723745430396	0.0471812171898962	-0.006991874320953568	-0.014915488299863609	0.05260077843817773	-0.006757267527798109	0.004215369298132705	-0.01277925287142436	-0.0350489736927041	0.0087254334884899	-0.008729502941163226	0.019514413466987575	-0.040251307724213335	-0.014665610303419377	-0.033868968536979856	-0.021203418166433917	0.009473592498450067	0.02759204049497985	0.016752108041525566	0.011711984104971075	-0.013570935134343267	0.001620823354732053	-0.04428074244556488	-0.019215008382017135	0.0029342489545490825	-0.014614308340873032	0.017386963934374316	-0.004041720388940451	-0.0013667264574942614	0.0024210799639204335	-0.0012200195405885645	0.0	0.0	0.0	0.0	0.0	0.0	0.0	0.0	0.0	0.0	0.0	0.0	0.0	0.0	0.0	0.0	0.0	0.0	0.0	0.0	0.0	0.0	0.0	0.0
eti156	-0.3313460725429139	-0.039616249161472814	-0.06859425444390818	-0.02349282420490988	0.05993988848630043	0.12537571352059895	-0.02183439132289916	-0.10665817458056388	0.0012012951817952332	0.08146883752926566	0.010723402708105541	0.032620106095347066	-0.06241420586852794	0.07990092054438588	-0.04815575702705795	0.08206815423282639	0.023723739080113774	0.009700951024269237	0.014028544323927626	0.031074360183441185	0.012792862885842426	-0.06239119259470755	-0.026733556011887514	-0.003953341102320487	0.08159433123078387	-0.0896955361353871	-0.023538460021945335	0.06197973406291529	0.013249258730437306	0.04283131622838944	0.022973877273635524	9.518740782978475e-05	-0.003284366665467148	-0.00850311579065412	0.008178693279270744	-0.02001881165926999	0.005868576815058247	-0.014226438676074732	-0.0005910185779482513	0.008639205560938643	-0.002298801787980805	0.00904940903624144	-0.0033679123093508126	0.002756476940486063	0.0009659941060098	0.001396519847601916	0.0	0.0	0.0	0.0	0.0	0.0	0.0	0.0	0.0	0.0	0.0	0.0	0.0	0.0	0.0	0.0	0.0	0.0	0.0	0.0	0.0	0.0	0.0	0.0
eti161	0.10565257322268118	0.07087107655093396	0.062054644061586076	0.04316908322063331	-0.00534847777937267	-0.0023311391181594296	-0.02902491669755643	-0.07978304109605754	-0.08116081200775041	0.028726890012172615	-0.04073327040274651	0.04481402207410491	-0.05308659500650709	0.04891938697045733	-0.005783172444080205	0.008013320955352609	-0.07621521705668559	0.009153924218267329	-0.043805260414566165	-0.058380561526340496	0.055882924410733656	-0.10727452825991622	0.005652283591006295	-0.019726317223819026	-0.06728445975676037	0.0774160083252715	-0.026709848429185924	0.008542423965082837	-0.06471364579165477	-0.001814074989513418	-0.01372620756475177	-0.009183511689675562	-0.016748678130579748	-0.04548925981175985	-0.009938175690311591	-0.01452983905780137	0.01627076599429443	-0.013903179598708574	-0.015397249950402868	0.015389408007709467	-0.003249573260068435	0.0002169971459367675	0.0023766454756856256	0.0014337716769610787	0.0017937320160118441	0.002916089368885258	0.0	0.0	0.0	0.0	0.0	0.0	0.0	0.0	0.0	0.0	0.0	0.0	0.0	0.0	0.0	0.0	0.0	0.0	0.0	0.0	0.0	0.0	0.0	0.0
eti164	0.1073046774350469	0.06161480103533119	0.0633202548714652	-0.0784421998657363	0.11247467388606382	-0.01642338594687257	-0.02515919825185124	-0.08422184048917686	0.04276274319286717	0.09438441486241805	-0.0934328864490005	0.07335102863694684	-0.05449709670472649	-0.07871389617912417	-0.07145959186508508	-0.014070726258332862	-0.06627832146467824	-0.027077180748537665	-0.028615653008187796	0.012262650592181606	-0.004096680094648701	0.014367829083749142	-0.0002705486988645403	-0.024792932886600425	0.03075120156653109	-0.02191300494060723	0.12273671621921418	-0.027773340432514323	-0.0740506603369533	0.03579618126616202	0.014527418626995794	-0.0357273446613595	-0.0007487902136140431	0.013465330532103166	-0.003619985682112065	0.025549959874106676	0.0007734324286342626	0.007288690759603067	0.011813856545022202	-0.00025926855699174266	-0.003885657432419173	-0.00274456930582587	0.0033011009524894753	-0.0011532887577626943	0.0005684365586469116	-0.0006678514176187897	0.0	0.0	0.0	0.0	0.0	0.0	0.0	0.0	0.0	0.0	0.0	0.0	0.0	0.0	0.0	0.0	0.0	0.0	0.0	0.0	0.0	0.0	0.0	0.0
eti165	-0.037853355810339176	0.17012521314320597	-0.10754821066638463	-0.1290914077758421	0.11399830507379204	0.019531752391957802	0.07039777548783249	0.10997571324616559	0.05164159682809372	0.005371281597103889	0.19528612073842752	0.07932649563865127	-0.0079767795876886	-0.11063340762638921	0.07206846405446223	0.09561138852613367	0.04007553217510124	0.007145337766591712	-0.008519604534413855	0.049470760973406976	0.033591847761057295	-0.02003762342424271	0.015992310862849978	-0.05785957113512204	-0.0373714772286093	-0.011101179646647641	-0.04325366936052522	0.0005036947795872288	-0.03951819619372953	-0.005792600102223006	0.01059656490792669	-0.026612733614599184	0.027660005128053562	0.0008988477923551566	-0.04803625119247749	0.010226636897066791	-0.002252688458384835	-0.004463866031136914	-0.003208892870355832	-0.007852902302073429	0.00044721793097973517	0.0005183542841766748	-0.005230232907832686	-0.004828149652291077	0.0006078685757997656	-0.0008650787603103841	0.0	0.0	0.0	0.0	0.0	0.0	0.0	0.0	0.0	0.0	0.0	0.0	0.0	0.0	0.0	0.0	0.0	0.0	0.0	0.0	0.0	0.0	0.0	0.0
eti166	-0.08126594866363232	-0.2651074446931211	0.06988396360134641	0.14137607018972156	0.011887945753139199	-0.020562610010281878	0.009105985140752938	-0.023327106017714642	0.1493957292279483	0.0824964229387063	0.020552011164180487	0.054301668226905596	-0.040683539734706224	-0.01855126979053882	-0.02159043262251215	-0.010279162065220079	0.014563145540843956	0.03198305866826228	-0.059783301688253354	0.05908185491682227	0.024070487548043338	0.02132368509307861	0.016597737087441385	-0.019377358580191024	-0.027782198646555397	-0.012231370141508768	-0.0006699692350310402	0.025715866778011413	-0.01829030372654408	-0.008757030659270271	-0.00045205427385567486	0.021384207628437974	-0.0007798219021823698	0.0034374587523537097	0.01557116593403899	-3.4026520821743395e-05	-0.026339112031196755	0.0016839828469103512	0.0027575002123953305	0.012741028711018914	0.011514030836099393	-0.004079984250435361	-0.007781767322601995	0.0003741707003927374	-0.001330086398066429	-0.0011476691770259289	0.0	0.0	0.0	0.0	0.0	0.0	0.0	0.0	0.0	0.0	0.0	0.0	0.0	0.0	0.0	0.0	0.0	0.0	0.0	0.0	0.0	0.0	0.0	0.0
eti167	0.0334411336016254	-0.26767207024239403	-0.007953710425058666	-0.07774469498234901	-0.007065706218885782	-0.0320538486308292	-0.012709024578715252	-0.03381562842260841	0.011128818869363141	0.005079234507992458	0.03105569910973336	-0.013341923622662425	-0.035432057967066145	0.02268964040637038	0.11367269472476597	0.04271126678935389	-0.027579693710901708	-0.00594191140028851	0.0019010115682264082	0.002294524925912446	-0.01889326565860734	-0.034450134092650526	-0.011545502573539099	0.04107071414969096	0.03765105995851232	-0.007869605987370768	0.00348171484006637	0.041983575461727686	-0.0038859065525972164	0.012773410280198693	0.01466821542775236	-0.005395451621927827	0.0007956112269605075	-0.003899504408701539	0.029572379257575544	-0.010643278690634875	0.010269417973051446	-0.006475686122911133	-0.0027115672400686826	-0.03024827397840272	-0.013994125168363186	-0.012077300582481135	0.0008535511635540773	-0.009008050605908464	0.004500597914190216	0.0006718590113614871	0.0	0.0	0.0	0.0	0.0	0.0	0.0	0.0	0.0	0.0	0.0	0.0	0.0	0.0	0.0	0.0	0.0	0.0	0.0	0.0	0.0	0.0	0.0	0.0

Biplot	0	0

Site constraints	0	0
