Eigvals	15
0.3834775157214926	0.2547118053439882	0.19359304653696124	0.13903371647319596	0.11540494119828856	0.10451448303753547	0.08313738307287283	0.07422921922806121	0.07011844071728388	0.058487921702543744	0.039341248589850816	0.038548969961666436	0.017943557394120877	0.0006870943222445591	0.0

Proportion explained	15
0.24375182000933548	0.16190379770675295	0.12305456121919778	0.08837472874841627	0.07335544667391455	0.06643308776474968	0.05284504985044237	0.04718270705042486	0.044569751394414596	0.03717698373198134	0.025006683709144467	0.024503083498813756	0.011405557282882435	0.0004367413595294798	0.0

Species	0	0

Site	15	15
17N1	-0.23850444684841657	0.03597744788439715	-0.07629667394341351	0.07176643239610221	0.044174042774226506	0.003126251775580846	-0.08105646279160184	0.022111317730182985	0.06789281921141681	0.013765108156669124	-0.06466724396123363	0.09145560870836632	0.05518020738328268	-0.005757464013299062	0.0
18N1	0.04372870936496008	-0.07411365470281524	-0.2724440923400519	0.05935514272734506	0.08289133676619267	0.11109155636308651	0.015837090698812846	-0.04889729620466525	-0.05071340944873207	0.07498569762249896	0.02381182671207523	-0.007820814039723904	-0.041397375705639304	-0.005298638049399233	0.0
18N2	-0.033415822349195365	0.0031227853281348096	-0.0028199120234874394	0.05425425449900067	-0.16654646885473282	0.07585900846069595	0.1787349927787249	-0.06143921388876886	0.0316291273166239	-0.011409765638270737	-0.033477363891468596	0.047306394495551664	0.0007227061335321827	0.007206547181851144	0.0
18N3	-0.10107480336025834	0.08514941040023327	-0.0789012779401627	-0.06452309437040649	-0.007426858408985367	0.06351454823676514	0.001959083016369394	-0.027883039064655425	-0.05662987662236117	-0.06341801291285387	0.0621581243802716	-0.08019103801238316	0.08246883706531978	0.0023412127348442966	0.0
24N1	0.032502663287993006	-0.27028305757794013	-0.128067958357635	0.0492245787457843	-0.053119220782551844	-0.1687897209162964	0.011425821755829343	0.0427614164944361	0.028115195316584785	-0.0557730426487703	-0.041535533874139406	-0.06495660452890087	0.002601003390440047	-0.00040152981667037865	0.0
24N2	-0.13845859207552988	-0.04675087411811095	0.07022922612607548	-0.048611199824695694	-0.07757325965400878	-0.13655559325520933	-0.051729868829726286	-0.09009824380690477	-0.05014579784523725	0.13813386138404787	0.052532206144610225	0.01726051679231806	0.0029465977202299517	0.0036808630280362378	0.0
24N3	0.044454643474757236	0.10127308896841525	0.0853540075040973	-0.07335443755197991	0.0759490841380737	0.016393565955374518	0.04254364393405818	-0.023621385816612925	0.1435822621223941	0.08744805635155958	-0.0511308505032896	-0.09450783947884783	-0.00014486791951308096	-0.0021651041262350655	0.0
25N1	0.3013419025046815	0.015132604709323831	-0.05666132291562047	-0.12806316758322933	0.12333476568031317	-0.08009346123878462	0.05258757709912127	0.013059122999465838	0.0395199874681665	-0.023759247314055362	0.04717280378454867	0.08527237824871972	0.01668013746121045	0.0052242792643287265	0.0
25N2	-0.17975687652114813	0.11112331753733189	0.038111001646152304	-0.03931444681060129	-0.039499868621340466	-0.051327580168042376	0.04440283995928927	0.011895017533747483	0.040934008576479296	-0.07715838265620448	0.0766594412642565	0.011317749564505231	-0.04790602421057986	-0.01462596797868021	0.0
25N3	-0.2185359307249981	0.08783022993893898	-0.020722578342417284	0.023287661453516257	0.06983128914101185	0.008644580039113106	-0.06815656322630641	0.04068486002288076	0.020610721254568132	-0.04791983929324435	0.001958750216897441	-0.012689230826028075	-0.056183440832779805	0.017103202385708078	0.0
26N2	0.021657939564320463	-0.12957955621802755	0.060869230133504884	-0.10385593866244387	-0.08791724610989271	0.11392110989186076	-0.02062408559544559	0.19337802574071475	-0.014110739832354585	0.05719135396200703	0.01800944962583065	0.008949572029576643	-7.952964276119991e-05	-0.00048399505918327154	0.0
26N3	-0.009923282388621888	-0.2310023467959607	0.2529769549567025	0.12868361023596614	0.13577041202672313	0.058688214242024604	0.01946500343947365	-0.04164615561420817	-0.022645302369798916	-0.03393494765907009	0.02773081823223998	0.0038776078338957475	0.008886791472496313	-0.0011566910440521949	0.0
27N1	-0.009732698299761179	0.11714498923143955	0.05914033090390324	-0.07280869898626607	0.05713060319676537	-0.04897993956509261	0.05335040362516261	0.02032621334368117	-0.17296145929474607	-0.011834202388834883	-0.10506505577840997	0.0009487623216103455	-0.011265086940359405	-0.003237499062787284	0.0
27N2	0.21418083993471249	-0.02899229105111574	0.03305211174520008	-0.08862800189046312	-0.09828394080549857	0.07394405250846905	-0.1583964963196657	-0.10747760244651582	0.0133699713318541	-0.06917722095676133	-0.04002431908804894	0.009739162535113205	-0.019557855741696606	-0.002027447419106943	0.0
27N3	0.2715357544365041	0.22396790646575507	0.03618095284715224	0.2325873056223711	-0.05871467048629595	-0.03943659232954499	-0.04034297954409461	0.05684696297722258	-0.018447507184857728	0.02286058399128252	0.02586694673585962	-0.01596222564377272	0.007047900366817737	-0.00040176802535789644	0.0

Biplot	0	0

Site constraints	0	0
