Eigvals	53
0.5898491133813897	0.5097864497251019	0.36674331459680864	0.30674159791290057	0.2580583619733918	0.15919193345895358	0.14602829801398592	0.13089108028571214	0.11825534251397338	0.0840992849145287	0.07086536602601212	0.06549651134133458	0.06107269613120578	0.05438312808432294	0.0369707027813416	0.032103879264973226	0.029027357046176136	0.02456200834693925	0.014505398942892822	0.012241255870115583	0.01017529900217333	0.00927559794103737	0.006976292222072453	0.005632568462408366	0.004675567502646194	0.0016601098571230738	0.0008686947790683824	4.5736907194516825e-05	1.8822964241438834e-05	2.9783625928708126e-08	0.0	0.0	0.0	0.0	0.0	0.0	0.0	0.0	0.0	0.0	0.0	0.0	0.0	0.0	0.0	0.0	0.0	0.0	0.0	0.0	0.0	0.0	0.0

Proportion explained	53
0.18964978843977512	0.1639078370154587	0.11791624408192442	0.09862433939482054	0.08297158144870206	0.0511837956807919	0.046951390103499385	0.04208443332657578	0.03802175875298314	0.027039816166789816	0.022784812877815645	0.021058605052773727	0.019636248725257956	0.01748540177802435	0.011886914469968344	0.010322120984119384	0.009332949728812476	0.007897239448152047	0.004663812792705567	0.003935839748399329	0.003271588037169562	0.002982313861736242	0.002243035233918575	0.0018109977501612354	0.001503300365460404	0.0005337627471970186	0.00027930495669412303	1.470544682792672e-05	6.0520073781820775e-06	9.576107225063622e-09	0.0	0.0	0.0	0.0	0.0	0.0	0.0	0.0	0.0	0.0	0.0	0.0	0.0	0.0	0.0	0.0	0.0	0.0	0.0	0.0	0.0	0.0	0.0

Species	0	0

Site	53	53
ec100	-0.007371883176826472	0.13449282790610523	-0.18601555439064885	0.06827248952514865	-0.0704410299793569	-0.04521012440973916	0.026606531361928712	-0.0012453653995184687	-0.0006268758475833599	-0.04459169770614312	0.00565764213117324	-0.03211919342146601	0.037052867120962535	0.001082681354821791	-0.02050949691520062	-0.015715845696706962	0.038610549384866334	0.030050078014349065	-0.021353178677155304	0.028757616639788857	0.027164321108963673	-0.031570104634584845	0.01148264665629536	0.022415641845771005	-0.00042704230591086807	0.00024746466659007283	-0.0002024802052434882	-0.0002470369574148473	3.623968326772238e-05	3.784380586202253e-08	-0.0	0.0	0.0	0.0	0.0	0.0	0.0	0.0	0.0	0.0	0.0	0.0	0.0	0.0	0.0	0.0	0.0	0.0	0.0	0.0	0.0	0.0	0.0
ec101	0.01301121417028237	0.09546755500016076	-0.08382215764271357	-0.02293998817600534	0.133759647699386	-0.026047099259852543	0.06180314195749426	0.010190535389339403	-0.05387717652106648	0.021470346118601335	0.05018650048654654	-0.025514024493248588	0.022118678228154037	-0.02497328165928507	0.07421873397440333	0.0033596015677593988	-0.01202715204381957	-0.017045743858563868	0.017761420435090224	0.002338798265033731	-0.003247388322191685	-0.015527858118961981	0.00755670306758814	-0.008962090048883745	-0.014303728049851819	-0.0008961702342503295	0.00308423296235928	0.00011603081317924678	-3.635519344802669e-05	-1.4241050418166983e-08	-0.0	0.0	-0.0	-0.0	0.0	-0.0	0.0	0.0	0.0	0.0	0.0	0.0	0.0	0.0	0.0	0.0	0.0	0.0	0.0	0.0	0.0	0.0	0.0
ec117	0.06402376334869399	-0.014223183276769054	0.008366952701037192	-0.007142925885053854	-0.08308618267307745	-0.009992389999893454	0.005413937376209816	-0.023674829220819836	-0.010614849526690166	0.009963377637943333	-0.015401106025884254	-0.0017304777082042678	-0.01468290675820614	-0.005874378082292614	-0.0056919942323832035	0.00401908208847052	0.01191530549310221	0.006499271752381942	-0.001323087201530788	-0.0054489176551621365	0.0011890766962582963	0.0022887861206843684	-0.0020681546690404363	0.001009985466303124	0.002456163964717219	-0.0037116481417041472	0.003551129664450552	0.00025166783336631006	-2.6477848794263253e-05	-2.5587308521329375e-08	-0.0	0.0	-0.0	0.0	0.0	-0.0	0.0	0.0	0.0	0.0	0.0	0.0	0.0	0.0	0.0	0.0	0.0	0.0	0.0	0.0	0.0	0.0	0.0
ec118	0.06402376334869392	-0.014223183276769254	0.008366952701036962	-0.007142925885054015	-0.08308618267307728	-0.009992389999893441	0.005413937376209803	-0.023674829220819926	-0.01061484952669006	0.00996337763794345	-0.015401106025884171	-0.0017304777082042743	-0.0146829067582062	-0.005874378082292597	-0.0056919942323832825	0.004019082088470593	0.011915305493102156	0.006499271752381775	-0.0013230872015304632	-0.005448917655162086	0.0011890766962579576	0.0022887861206842114	-0.0020681546690403682	0.0010099854663025657	0.002456163964716867	-0.003711648141704197	0.0035511296644504457	0.00025166783336357245	-2.647784879559108e-05	-2.5587130055258158e-08	-0.0	0.0	-0.0	-0.0	-0.0	-0.0	0.0	0.0	0.0	0.0	0.0	0.0	0.0	0.0	0.0	0.0	0.0	0.0	0.0	0.0	0.0	0.0	0.0
ec119	0.0730543001432798	-0.00203501149422686	0.017909291700181754	-0.027724163715666585	-0.06996098234603723	-0.007825303401202077	0.003156351377742576	-0.023439519646523906	-0.009264031746764687	-0.02023152979490569	0.003071238046982018	0.006098833554105907	-0.020419967330713898	0.004815416350690765	0.0012674710549108916	0.004711833511768268	-0.016339331134743732	-0.011542071880807614	-0.005153250989868757	0.009222503073360706	0.0036702971925541904	-0.002701307394864832	-0.0020645205330519834	-0.004798253984966699	0.005711778766433738	0.00031342406754420463	-0.0003122116024422958	7.045702514853325e-05	-2.1042434949038337e-05	-0.00014077668782486034	-0.0	0.0	-0.0	-0.0	0.0	-0.0	0.0	0.0	0.0	0.0	0.0	0.0	0.0	0.0	0.0	0.0	0.0	0.0	0.0	0.0	0.0	0.0	0.0
ec121	0.017366914952851097	0.06945926539844166	-0.07687735972036337	0.022672735124984054	0.05514416047064427	0.009829832796041455	-0.003170302947310067	0.013757207585115233	0.03567951084302157	0.03488724804712608	0.02854489620082102	0.002472129251555176	0.04896002387283716	-0.023885394165346498	0.0003315272162008699	0.008447508724821223	0.02405402587857907	0.009845663960754689	0.016238533352257816	-0.009438792787239263	0.02583906294870024	0.011953075720626288	0.00781214960442935	0.00914491889775668	-0.014565939824908525	-0.0016517757359289422	0.0014772898774877826	0.00019751025326532725	7.516524932616842e-06	-1.1905926944924256e-08	-0.0	0.0	-0.0	-0.0	0.0	-0.0	0.0	0.0	0.0	0.0	0.0	0.0	0.0	0.0	0.0	0.0	0.0	0.0	0.0	0.0	0.0	0.0	0.0
ec122	-0.06146418013957053	-0.08690041803700567	-0.10662823748608354	0.12932908034186655	0.050667213488320484	0.03268163802823089	-0.03437562532585909	0.005286938926797652	0.026157587171158674	0.026487657369993162	0.034185908959894505	0.05478162906237262	0.010920428766649398	0.004579399451736879	0.010628361175665381	-0.017087745475814407	-0.0031002732429759815	0.006242928072936053	-0.000283026398464608	0.012094109916552312	0.008683982407883097	0.007874385927389801	-0.02217305895005739	-0.020042657347732484	-0.001109320878408346	0.0046669402778257655	-0.002278391246983107	-3.1821109862664286e-07	-3.803516342881374e-05	-1.6693867267020949e-09	-0.0	0.0	-0.0	-0.0	0.0	-0.0	0.0	0.0	0.0	0.0	0.0	0.0	0.0	0.0	0.0	0.0	0.0	0.0	0.0	0.0	0.0	0.0	0.0
ec123	-0.16122266000939486	0.15620484356093842	-0.12343676708754517	-0.06740619381505886	-0.14117671817915012	-0.053053225665144435	-0.0904044555413806	-0.011219913518120008	0.0021546476006469775	-0.03656764415100469	-0.12705909357792466	0.026007248909962127	0.01331411490973256	0.02341005889460547	0.004778844793005302	-0.04105306851084724	-0.0022481542179626987	0.020412300164680288	0.023097631792798584	-0.01628048708066038	-0.007588931781747273	-0.012703463095830092	-0.008584974647039837	-0.0077197832668672375	-0.013482181334994393	0.004403242381857598	0.001533221517078542	0.00026266207452039044	-5.726924542542372e-05	-2.5096770918968017e-08	-0.0	0.0	-0.0	-0.0	0.0	-0.0	0.0	0.0	0.0	0.0	0.0	0.0	0.0	0.0	0.0	0.0	0.0	0.0	0.0	0.0	0.0	0.0	0.0
ec124	0.036194343592854165	0.10531091569622777	-0.08873169579523865	-0.008725145780916311	0.13209491787918498	0.035633457339526664	0.049356802756153235	0.02412042480092407	-0.052682305989931906	0.019756669349758758	-0.00024657647640240166	0.027246703394061666	0.0320404874745056	0.015256369241315399	-0.01915697695127561	0.006503522437584048	0.01564921216272814	0.0013884439496500095	0.016057541335174598	0.0013965892195889414	0.008406450065693117	0.009390951429601786	-0.009312378372867448	0.010037279356391643	-0.005668012621229032	0.006069945623328171	-0.0007319818379646903	4.0684694348483473e-05	-1.0068644013317146e-05	1.9634925988827513e-08	-0.0	0.0	-0.0	-0.0	0.0	0.0	0.0	0.0	0.0	0.0	0.0	0.0	0.0	0.0	0.0	0.0	0.0	0.0	0.0	0.0	0.0	0.0	0.0
ec125	0.043005955225649234	0.11766798291298115	-0.09053995956081284	0.003268379999424032	-0.021934940059380674	-0.0028970784335797415	0.018915170488789313	-0.00741803859174399	0.020535030185053257	0.001938776924020414	0.0483564122330196	0.009528450666782208	0.01325957203346236	0.003063540222962067	0.015911648424757688	0.008919555591653945	-0.007268877009855544	-0.03493665141219934	0.008392877262999523	0.025088927536147783	0.023559592864102887	0.0020638495593696816	-0.010599742154071971	0.010135052695581915	0.02588462106798583	0.0004706541084365419	0.008059825982029607	0.00015466389418727534	-6.690014714969115e-05	-5.406219587638802e-08	-0.0	0.0	-0.0	-0.0	0.0	-0.0	0.0	0.0	0.0	0.0	0.0	0.0	0.0	0.0	0.0	0.0	0.0	0.0	0.0	0.0	0.0	0.0	0.0
ec126	-0.13611465968989536	0.07134529819424533	-0.05328720211030315	-0.09389540964998934	0.02804459239863618	0.006183699936847047	-0.10936879430210418	0.0214441590330221	0.011916546986646653	-0.006791865028868749	-0.04703442427602729	0.042510339042936704	0.01658188387856418	0.02048236161288651	0.03287906513244099	-0.027944945354897038	-0.020002862620565633	-0.05548827690932028	0.004240859448774341	0.015215007774949843	-0.0006008792020860227	0.015851935751075602	0.01895646546418214	0.013190483024019059	0.004057635873738511	-0.00393033399019922	-0.003808367055239539	6.683325204517187e-05	-3.6321973453531587e-06	-1.3466379207548739e-08	-0.0	0.0	-0.0	-0.0	0.0	-0.0	0.0	0.0	0.0	0.0	0.0	0.0	0.0	0.0	0.0	0.0	0.0	0.0	0.0	0.0	0.0	0.0	0.0
ec127	0.01829446024048585	0.08974137339671075	-0.0764435466176281	0.04308132596971619	-0.07214643118672603	-0.007920235192759145	-0.04298621756468044	-0.0224295917795822	0.006978686401665659	0.11376548751628009	0.026319203100053146	0.042442630412433	-0.11539057354504881	0.023620086338973254	-0.016336964565261205	0.053813547234041	-0.012308330272297713	-0.04563160613510223	0.011668148433254543	-0.024768143505989628	0.009971234720681215	-0.01003394974325239	0.007214726480311153	0.0013074710069704855	-0.016163531466276537	0.002517172870456797	0.0011891111615252037	-0.00021099244389000674	2.085871617976954e-05	3.850344787317758e-08	-0.0	-0.0	0.0	0.0	0.0	0.0	0.0	0.0	0.0	0.0	0.0	0.0	0.0	0.0	0.0	0.0	0.0	0.0	0.0	0.0	0.0	0.0	0.0
ec128	0.023698036457938734	-0.04957481833603461	-0.006513267822459723	0.03133603742599501	-0.09541441045718195	-0.0761977221556559	0.04614694306319034	0.006065306820936465	-0.03793519901802998	0.032237534528203965	0.013064918097487303	-0.06432068826021065	-0.014481010347306818	0.012229645975195534	0.025459883445061882	-0.004088337729536696	0.010732002804656008	-0.030605045980586394	-0.011970162092412438	0.01182290245677492	-0.002344158482490967	-0.0005292515213039084	-0.005336835588560379	-0.0019026015123859196	-0.001607272728166056	0.0074748911545171465	0.0001318014369913073	0.00021293248283903672	-5.50749124828195e-05	-3.063434696307252e-08	-0.0	0.0	-0.0	-0.0	0.0	-0.0	0.0	0.0	0.0	0.0	0.0	0.0	0.0	0.0	0.0	0.0	0.0	0.0	0.0	0.0	0.0	0.0	0.0
ec146	-0.0296942266880181	0.08585247210124598	0.15001665229216918	0.1522393786239057	-0.19808877053904753	0.1105056373106237	0.06673618437211044	0.0973258342274684	-0.06466576122916723	-0.031024186171992586	0.021255567300295427	-0.03838401660760396	-0.02642241253562744	0.02355872750633288	0.01829048196216951	-0.04446811045136961	0.019858678596616372	-0.015217056042400286	0.011232996732304839	0.003061662450367416	-0.0036129361403522166	0.014223777837378248	0.0006379054308488085	0.0027002900267921086	-0.004292196791060634	-0.0029819197081957837	0.000796859552533	1.2438238814595439e-05	5.252989450415023e-06	-5.281850144259405e-09	-0.0	0.0	-0.0	-0.0	0.0	-0.0	0.0	0.0	0.0	0.0	0.0	0.0	0.0	0.0	0.0	0.0	0.0	0.0	0.0	0.0	0.0	0.0	0.0
ec148	0.06749836495858692	-0.003811937998523369	0.024582488033673723	-0.052783184108024794	0.07218799025036651	0.036500956923271786	0.008766670407291685	-0.02438651488656094	-0.08248856409169636	-0.006783634521193036	-0.027689346291124368	0.02061270178410002	-0.049581676588839996	-0.025581151980885095	0.040563439927160376	-0.025839919829934065	-0.07761457148311854	0.05023470986561389	-0.0285015633347393	-0.023827519192660056	0.01603328095393857	0.014827497573714106	-0.00974811185631183	0.028410849939162933	0.004889095204335297	0.0013404660048457189	0.0052799081471765095	-2.97161986191408e-05	-2.0336804401188447e-05	-1.016057166378317e-08	-0.0	0.0	-0.0	-0.0	0.0	-0.0	0.0	0.0	0.0	0.0	0.0	0.0	0.0	0.0	0.0	0.0	0.0	0.0	0.0	0.0	0.0	0.0	0.0
ec149	0.08337409902870384	-0.004364218974128433	0.03009086087500039	-0.06139949784875692	0.03488608439096694	0.021154891694166098	0.04043336625180806	-0.026050654107876083	0.06445704360131786	-0.05818817166383157	0.03245440029531474	0.024888000289242495	0.0044385789078616395	-0.10716117948298245	-0.03784195608320099	-0.0690001999494007	0.025717020725885876	-0.06295592122430714	-0.013645048143583294	-0.0431203917535124	0.003363609136724845	-0.013191065114002016	-0.0017414430781394138	0.0033288467217589914	-0.0007669207337052493	0.00021998258164373122	-0.0030955722172941154	1.0159209699315193e-05	-6.295693990317501e-06	1.970667747237233e-09	-0.0	0.0	-0.0	-0.0	0.0	0.0	0.0	0.0	0.0	0.0	0.0	0.0	0.0	0.0	0.0	0.0	0.0	0.0	0.0	0.0	0.0	0.0	0.0
ec150	0.07236909424846445	-0.0021790077468316076	0.017530034610928648	-0.02728509455561734	-0.0689183161930532	-0.007605453849445483	0.003090868278333424	-0.02276740750872849	-0.00915391592351205	-0.0201854872491582	0.0031287780567307555	0.006047098532161378	-0.019353926724971774	0.0052554408122660904	0.0016018858562191506	0.004730593070925972	-0.015229423559173274	-0.010984717304072805	-0.0043578401611933815	0.007889508813678232	0.0031752976061503123	-0.0035231663051804593	-0.001788429976354112	-0.0034722607376559285	0.0026426779972092184	0.001017118737407065	-0.00022547608060946272	-0.004179660438513753	0.000272586906135832	6.9736728518116e-05	-0.0	-0.0	0.0	0.0	0.0	0.0	0.0	0.0	0.0	0.0	0.0	0.0	0.0	0.0	0.0	0.0	0.0	0.0	0.0	0.0	0.0	0.0	0.0
ec151	0.08870539636863142	0.06988757452095004	-0.030341864137871	-0.029895119741243148	-0.09008674368929269	-0.04118603692952811	0.075777444791045	0.0036947658144562434	0.036242273627279935	-0.02471530104467816	0.022981685020598372	0.002539167414146916	0.07380790606900046	0.005546336049810514	-0.031318968793946765	0.014205990893485673	-0.057530584801020405	0.0038117645681736293	-0.012943640021199528	-0.0009969255323136826	-0.04043924714522536	0.0032772817048350397	0.01700966182286729	0.006641362813316032	-0.014535899383805985	0.007994763057825618	0.002732065649440908	-0.000150884102532136	-2.131943623201147e-06	3.8483078977256024e-08	-0.0	-0.0	-0.0	0.0	0.0	0.0	0.0	0.0	0.0	0.0	0.0	0.0	0.0	0.0	0.0	0.0	0.0	0.0	0.0	0.0	0.0	0.0	0.0
ec152	0.07371688930683293	-0.0018828045680536938	0.018283526481477932	-0.028156433409293632	-0.07098334337081004	-0.008041724677698422	0.0032272069032216032	-0.02409973253467081	-0.00936988913560992	-0.020280629126955753	0.0030140373743406446	0.006149730843349431	-0.02147231598632869	0.004384707394878007	0.0009344454619582137	0.004695474342873872	-0.017430536240633655	-0.012089232730682383	-0.005935674373466735	0.010525106199634869	0.004153927156312222	-0.0018945843380169538	-0.002331381760954156	-0.006095389473200432	0.008731556613040817	-0.0003871377808169497	-0.0003896986099050281	0.004260703089823559	-0.0003093785011903513	7.102902975776487e-05	-0.0	-0.0	0.0	0.0	0.0	0.0	0.0	0.0	0.0	0.0	0.0	0.0	0.0	0.0	0.0	0.0	0.0	0.0	0.0	0.0	0.0	0.0	0.0
ec153	-0.006953442254414034	-0.16588959550743232	-0.011407930801379099	0.08663813152611363	0.0009703024936562305	0.002346022153337862	0.004738926183296118	0.02634530030668179	0.016745441458987275	0.0024289345466930565	-0.001512812173682381	0.014372245678478075	0.024263352162426585	0.0056550923835017135	-0.0063363090530120965	-0.001370153329307391	-0.015726700658678327	0.002544530302561842	0.006036151107943858	0.0012330200335588218	0.0026647420121720957	-0.0009654270606705555	0.0001768387980242436	0.003378520043832403	0.008271556825039836	0.010629082569161324	-0.0026607293546737987	1.570135335026094e-05	1.227924381701336e-05	9.59613610633391e-09	-0.0	-0.0	0.0	-0.0	0.0	0.0	0.0	0.0	0.0	0.0	0.0	0.0	0.0	0.0	0.0	0.0	0.0	0.0	0.0	0.0	0.0	0.0	0.0
ec154	0.0005609362484779657	-0.1800092792261787	-0.009438153355017015	0.08988727042143525	0.006543598577118234	0.014040733421615622	-0.017126322203107367	0.023570270602533458	0.010006695892456775	0.006720562309319371	0.003945992022775574	0.010595229621286437	0.04883692761207929	0.04301482149010361	-0.018570979052753296	9.496158674671632e-06	-0.0011534343439464879	0.0013507383215329816	-0.03105403462122782	-0.017058509945327368	0.0013976373565601863	-0.014098143081138988	-0.002206546767838895	-0.013314190141544615	0.00232272305378547	-0.0011617763953184535	0.007322540510923808	0.000232838313056841	-6.828342521491243e-05	-5.0108001865805366e-08	-0.0	0.0	-0.0	-0.0	0.0	-0.0	0.0	0.0	0.0	0.0	0.0	0.0	0.0	0.0	0.0	0.0	0.0	0.0	0.0	0.0	0.0	0.0	0.0
ec156	-0.22170406052790467	0.008383236466133955	0.11051504257719705	-0.2641936050027065	-0.010883234261385101	-0.13109327513171898	0.0020915466603471837	0.13776573245370344	-0.021200679496496632	0.010143682772029644	0.11754608905363874	0.02754466058365428	-0.03309619595104178	0.0257884354532358	-0.03950381553100743	-0.015721536030923508	0.00910441781784172	0.03741821341190863	0.001257698701139872	0.0010870243934443446	0.0054554472802319925	-0.0009339140024918758	-0.0033047217051922415	-0.0019131727557795534	0.001592289996427721	-0.000835913701205603	-0.000753215943157007	2.1475030288523473e-05	-3.635423046846812e-06	-6.658165711658212e-09	-0.0	0.0	-0.0	-0.0	0.0	-0.0	0.0	0.0	0.0	0.0	0.0	0.0	0.0	0.0	0.0	0.0	0.0	0.0	0.0	0.0	0.0	0.0	0.0
ec157	-0.2552314657709149	-0.20397735935952127	0.01997269980471376	-0.07606061360700954	-0.03749723452486774	-0.05311983528705094	0.029407554640525593	0.014436901745773603	-0.024731855564262113	-0.04207165341725604	-0.04009025789144777	0.07049643393901887	0.04055328110805507	-0.02079782887126684	0.06696300189831636	0.05802489698791304	0.04653096823586354	-0.02680839208160801	-0.017416739747402456	-0.006332677219261811	0.0016167433578373163	0.005240790319887397	-0.004477439433151454	0.0023685906628137595	0.003240506747231361	0.00032407634381868367	0.002563052690049041	-0.00027614193845192455	4.732066670619559e-05	3.844768262815719e-08	-0.0	-0.0	0.0	0.0	0.0	0.0	0.0	0.0	0.0	0.0	0.0	0.0	0.0	0.0	0.0	0.0	0.0	0.0	0.0	0.0	0.0	0.0	0.0
ec158	0.054928063765446566	-0.038830765111630736	0.03863391541174889	-0.03434059547794303	0.018401874613853897	0.014938578548750628	-0.01801401108018643	-0.022083164946057134	0.012869097559894448	-0.018248590354933165	0.010092170628868625	0.009053977703934747	-0.014541185578384302	-0.019780598584569025	0.0015095112581881922	-0.012872935516514193	0.0035333646970324636	2.9220321765896704e-05	-0.004318837567469957	0.01650520255318575	-0.013332209915170775	0.005884539168224873	-0.014916146725490586	-0.012135577813319039	0.0010610999727947176	0.00880272568933866	0.00024505385733496557	-0.0004902812102932494	-3.551055513349413e-05	6.897291235296078e-08	-0.0	-0.0	0.0	0.0	0.0	0.0	0.0	0.0	0.0	0.0	0.0	0.0	0.0	0.0	0.0	0.0	0.0	0.0	0.0	0.0	0.0	0.0	0.0
ec159	-0.009314556900249338	-0.17069462326951698	-0.0036256582756862606	0.10328051488998406	-0.011081910876768587	0.014376013777906631	0.01259008727653235	0.04492792926186965	0.013183637333506021	0.0008163673253917081	0.003361701730653414	0.016764368427486652	0.025989969082363795	0.01861840952236624	-0.008113420129408806	-0.03488206373187624	-0.01911406889111157	0.0011503026428204006	0.02818740502418904	0.00983962926553473	0.005371306031536055	0.023263556608348907	-0.006254643349525155	4.542049806357933e-05	-0.01478672642811275	-0.018027165856628443	0.0006889258743727337	-0.0003733660099998981	4.85503094485894e-05	4.1720274314552084e-08	-0.0	-0.0	0.0	0.0	0.0	0.0	0.0	0.0	0.0	0.0	0.0	0.0	0.0	0.0	0.0	0.0	0.0	0.0	0.0	0.0	0.0	0.0	0.0
ec160	0.03830900477468206	-0.034668115897310794	0.02755485445048889	0.0015210596844244665	0.005952397365163131	-0.005124504928465248	-0.021016284098454647	0.02352316272164386	0.010046958096303195	0.03229878894944755	-0.013752203890558404	-0.013939359751044964	0.011566473179349574	-0.0019336295676514329	-0.008110947129861963	-0.00657926023006856	0.007790706525704391	0.006198366928234538	0.01182779298300985	-0.009833866915202882	-0.001715869236047776	0.0005428336288637611	-0.004496372942402213	0.009384914969073992	-0.003909877594882859	-0.00043361200902766284	-0.0046549795144439545	-0.00025023159457047674	9.869240827021418e-05	5.664400549264439e-08	-0.0	-0.0	-0.0	-0.0	0.0	0.0	0.0	0.0	0.0	0.0	0.0	0.0	0.0	0.0	0.0	0.0	0.0	0.0	0.0	0.0	0.0	0.0	0.0
ec161	-0.22882171668876086	0.10744448492284067	0.09518690736599628	-0.05578900331416088	-0.04659198771502267	0.17678191604946375	-0.03376412557177682	0.07566744384053602	-0.008076293037245748	0.08833345988904483	-0.03947545004735323	-0.0542169816034651	0.04395157233060758	-0.10094195068233607	-0.023785464453731905	0.04583444205375607	-0.021453557441204182	0.005232942041653094	-0.012816319192484996	0.014861916007628411	0.0009405124165801505	-0.012669080753291356	-0.007534582102546657	-0.004071368826885162	0.001866855049383467	-0.00019163639925466475	-0.0007800670302626016	-3.4442918968877035e-05	-1.360919891330883e-05	8.072851273257605e-10	-0.0	0.0	-0.0	-0.0	0.0	0.0	0.0	0.0	0.0	0.0	0.0	0.0	0.0	0.0	0.0	0.0	0.0	0.0	0.0	0.0	0.0	0.0	0.0
ec162	-0.20970757782175975	-0.061636342025504394	-0.16124605077470616	0.14429113044208802	0.08143393881058465	-0.07833667855502933	-0.07792103861916069	0.05949859009442365	-0.019630707237006332	-0.10175612183521973	0.014683269805221392	-0.11058528134170277	-0.0532035389610831	-0.03634370787793495	-0.029571809614043987	0.037751449513120885	-0.02115392110636961	-0.011495158243101431	0.007843668628150268	-0.021086792048617815	-0.015543141437923336	0.013543412952986356	0.004431721024351724	0.005169302540171129	0.009125939619145592	-0.002834106464777247	0.0008521520297041928	2.5761250595330293e-05	2.747669555435494e-06	-1.1715191242001996e-08	-0.0	0.0	-0.0	-0.0	0.0	-0.0	0.0	0.0	0.0	0.0	0.0	0.0	0.0	0.0	0.0	0.0	0.0	0.0	0.0	0.0	0.0	0.0	0.0
ec163	0.04642050995491844	-0.023520574055960235	0.03593303016187063	-0.016635715729418295	0.019269591845758913	-0.0027249226244289767	-0.022770533133803103	0.02444970597372313	0.013052248820249678	0.002855384396576201	0.006146176970474008	-0.0040057845425860664	0.010131465394031166	0.00923829353070971	-0.003779285098231701	-0.004706369252678119	-0.01949605536067977	-0.009005805188212567	0.003817633011818774	0.004374485941012774	-0.0005884336851432261	0.001237408840011834	-0.0030127063755134085	0.00099749169691127	-0.005464013222425047	0.005399751449791722	4.716489830511378e-06	-0.00027506956570910474	-0.001769930846508112	5.353932672307213e-06	-0.0	0.0	-0.0	-0.0	0.0	-0.0	0.0	0.0	0.0	0.0	0.0	0.0	0.0	0.0	0.0	0.0	0.0	0.0	0.0	0.0	0.0	0.0	0.0
ec164	0.006770952766782797	0.046857124160576955	-0.05910046826600114	-0.0006602484809101732	0.0482980032653091	0.014774969753029225	-0.0878453305339139	-0.039101803535508045	0.008060815358563402	-0.052471367252510774	0.008771234281986914	-0.009111965787249932	-0.05666027796094505	-0.04631624957295894	-0.0067626206159767015	-0.023590581138261468	0.0024736673110712123	0.02430760431249642	0.003320324605075599	0.023153938655925695	0.013308353879473883	-0.008658626965631798	-0.01472206512934935	-0.025591010860677034	-0.006386891496965989	0.001086799178450909	0.0029030412989162046	-0.00024112252886360287	5.067386815440495e-05	3.178701081716834e-08	-0.0	0.0	-0.0	-0.0	0.0	0.0	0.0	0.0	0.0	0.0	0.0	0.0	0.0	0.0	0.0	0.0	0.0	0.0	0.0	0.0	0.0	0.0	0.0
ec165	0.023650337421686676	-0.11301608317608898	0.012183356674791958	0.005380425964319218	0.05132918249760351	-0.028904503275533913	0.06901983872422945	-0.013226301837994427	-0.11581073787213009	0.008346321117741197	-0.020346410708249434	-0.04084829769270257	-0.029155540520631813	-0.02368981331269219	0.05211218018089489	-0.0089931531866658	0.028823602404236474	0.014691769248182445	-0.003823785253454505	-0.0028789429636681663	-0.0071299369142320285	-0.011979488738154132	0.0018636088929696074	-0.003666915894831974	-0.017966586001691737	0.004498481779221683	-0.004764526577410006	0.00020133881966565402	-1.7950019651944747e-05	2.850849707074349e-09	-0.0	0.0	-0.0	-0.0	0.0	0.0	0.0	0.0	0.0	0.0	0.0	0.0	0.0	0.0	0.0	0.0	0.0	0.0	0.0	0.0	0.0	0.0	0.0
ec166	0.05681281018282862	-0.0371065934820531	0.040074511322434066	-0.03346418137330694	0.015475793179769756	0.00880159779197016	-0.01790962704602623	-0.011835925093034222	0.003907451375474414	-0.019505006427665155	0.0028735303850682082	0.008848237625441695	-0.005114794433271226	-0.013339202036435637	0.004454781156926893	0.01002248329359599	-0.000595923246200323	0.000822419805652949	-0.001913311165211231	0.011655776461096634	0.0019689925185074125	0.0011344126286839363	0.0017314546556032396	0.006731748328189336	-0.006332336311350301	-0.009439515233409957	-0.007509911643486033	0.001950066922185195	-0.000366617314306102	-2.650188642993468e-07	-0.0	0.0	-0.0	-0.0	0.0	-0.0	0.0	0.0	0.0	0.0	0.0	0.0	0.0	0.0	0.0	0.0	0.0	0.0	0.0	0.0	0.0	0.0	0.0
ec167	0.05742456897973962	-0.03937174301826384	0.04076415359841777	-0.03542418191706534	0.015835660453884765	0.010883762614019611	-0.019553995346922492	-0.015399286841897642	0.0028163968306115753	-0.019734108509912935	0.0030157764169428916	0.00857827537987696	-0.002144252190282594	-0.008468405414534039	0.005311170717193757	0.011414624622741466	0.0028479023915288547	-0.002262770926151941	-0.011261073474878555	0.008597780043153884	0.002290608046429181	0.0006193991316662513	0.002957553563460031	0.002435889192883354	-0.004410699558901788	-0.012538598118936478	0.005447112534811717	-0.0015744644386854589	0.0005383420190835997	2.0833122479963873e-07	-0.0	-0.0	0.0	0.0	0.0	0.0	0.0	0.0	0.0	0.0	0.0	0.0	0.0	0.0	0.0	0.0	0.0	0.0	0.0	0.0	0.0	0.0	0.0
ec168	0.05238751636020753	0.12416532844537889	-0.09694063663208452	-0.0177499632771164	-0.051704767088144685	-0.004315957237936023	0.033481732535106064	-0.0550157946398909	0.015823624679965308	-0.041240947363208595	0.035577807391659846	0.030030283260394967	0.00962693012525625	-0.024483351241929806	0.0018993283065629337	0.03655735199609329	-0.013304194193388734	0.009708356431149343	-0.030586766482048087	0.01585654449668363	-0.01901151233909194	0.0272796661084439	-0.0006733630552403341	-0.015651653604120973	-0.01124061568583268	-0.008000663607597606	-0.006204972906609975	-3.139336063414638e-05	1.7229375987537542e-05	-9.495707315121099e-09	-0.0	0.0	-0.0	-0.0	0.0	-0.0	0.0	0.0	0.0	0.0	0.0	0.0	0.0	0.0	0.0	0.0	0.0	0.0	0.0	0.0	0.0	0.0	0.0
ec169	-0.033295220549079	0.0595203381615929	0.21351316233372203	0.0908709376839539	0.08554183384675515	-0.21891556096790518	0.009499323706043152	-0.10097178020459283	0.021696468821553863	0.08399336830510933	-0.05834477512736421	-0.039087076016973886	0.027807094687114946	-0.02258430246026515	-0.026767225364100686	-0.00860337305413909	-0.00791642880034316	-0.008665982422255768	-0.000295238510904732	0.01810666472704766	0.0030309983073346426	0.006106514613045511	-0.009429296087587767	0.0017599816929825412	0.0022093385588252603	-0.0052776134731379425	-0.0001519385016491321	-8.273288324670525e-05	-9.954149529410933e-07	-1.100884149711504e-09	-0.0	0.0	-0.0	-0.0	0.0	-0.0	0.0	0.0	0.0	0.0	0.0	0.0	0.0	0.0	0.0	0.0	0.0	0.0	0.0	0.0	0.0	0.0	0.0
ec170	0.05087312058717653	-0.04214101049070046	0.031035523308469946	-0.002747854687175885	0.008824139225694	0.003399993102241761	-0.03995561704800762	0.018352325262208962	0.003779070572434771	0.038630165608921095	-0.011093377656276993	-0.02154459635798194	0.027990351579814242	0.023573734057727856	-0.015525891475529725	-0.008140432682185408	0.018647076182941435	-7.950726046522337e-05	-0.02340245330621807	-0.024187056064064166	-0.002287578460106611	-0.005595833167339762	0.0014109534232481164	-0.009551418565057637	-0.002563948305372234	-0.0042706752677996295	0.010416735766578668	0.0004393186487530477	-9.622858149798156e-05	-8.611766237933636e-08	-0.0	0.0	-0.0	-0.0	0.0	-0.0	0.0	0.0	0.0	0.0	0.0	0.0	0.0	0.0	0.0	0.0	0.0	0.0	0.0	0.0	0.0	0.0	0.0
ec173	0.057428217075988	-0.050947775117350796	0.03967077205456878	-0.019215239695529795	-0.0024032796178724627	0.007387547842773752	-0.021491076201161533	-0.016967930413569705	0.002346196291815189	0.016160369683067465	-0.022985222433056004	0.00038886337575599927	-0.012925167552457555	-0.038096249510455836	-0.008762150360312313	-0.006526640129016457	0.027144226013090196	0.029122548217608547	0.006962399668535729	0.0029287586125784715	0.02064048871156718	0.036140384224634066	0.056604661316493124	-0.018115796740314792	0.006654120645812961	0.008812635841575671	0.0025493376543686557	-2.5256737256497487e-05	-9.197037535953291e-05	-6.901578732820834e-09	-0.0	0.0	-0.0	-0.0	0.0	-0.0	0.0	0.0	0.0	0.0	0.0	0.0	0.0	0.0	0.0	0.0	0.0	0.0	0.0	0.0	0.0	0.0	0.0
ec175	0.07488526962616325	0.035794330977513916	0.03933098687679439	-0.0605001683665337	0.07006394648757103	0.015749783217073633	0.09502638111367137	0.09195409256677156	0.21095210449600754	-0.037697557184849934	-0.06495763599086413	-0.05974635705086331	-0.04481335947924772	0.055846047900838074	0.04031046124775837	0.02565810645544023	-0.006875214469376542	0.009472950937741987	-0.014088305179034958	-0.007857026869141567	0.02285647459871453	-0.00459683154762938	-0.001495992082175938	-0.007028901579395034	-0.003411401935232422	-0.0011568713029604257	-0.0036592203103510256	-8.924127350233463e-05	6.6962784816292006e-06	1.4424974147105901e-08	-0.0	0.0	-0.0	-0.0	0.0	0.0	0.0	0.0	0.0	0.0	0.0	0.0	0.0	0.0	0.0	0.0	0.0	0.0	0.0	0.0	0.0	0.0	0.0
ec176	0.04642051472230592	-0.02352057868408073	0.03593302560505456	-0.01663571064067465	0.01926959162719663	-0.0027249214861833886	-0.022770539723801584	0.02444970099418299	0.013052248993399098	0.00285540463345353	0.006146160545742898	-0.004005800387313277	0.010131468765981212	0.00923830103204034	-0.0037792948548216157	-0.004706365908610736	-0.01949606117262084	-0.009005777387238014	0.0038176306181942855	0.004374467353128384	-0.0005883986676522257	0.0012373827816883236	-0.0030127069864334228	0.000997501438699153	-0.0054640175680737415	0.005399758941796198	4.6454350939403605e-06	-0.00027506774809075426	-0.0017699363980713948	-5.327701447264136e-06	-0.0	-0.0	0.0	0.0	0.0	0.0	0.0	0.0	0.0	0.0	0.0	0.0	0.0	0.0	0.0	0.0	0.0	0.0	0.0	0.0	0.0	0.0	0.0
ec177	0.17333895490222642	-0.047816914332417165	0.09758039138174293	-0.11391299268112917	0.008492677407331974	0.06716505705817179	-0.1730903933522062	-0.09379349214005975	-0.008190768707353425	-0.046683811941196376	0.06062258883774569	-0.06841774723275781	0.054712617139575793	0.051376940754119846	0.019483967887316867	0.03600597514164038	0.027391597833001668	0.008398203189722194	0.0197230399911109	-0.009853774868210598	-0.004087277179835385	-0.003700131371582121	-0.0052567610330417685	0.008768264040732856	-0.003061162385085761	0.0009251622398664098	-0.00041405259177573273	5.206530262214696e-05	-2.581496443647851e-05	4.532913829758165e-09	-0.0	0.0	-0.0	-0.0	0.0	0.0	0.0	0.0	0.0	0.0	0.0	0.0	0.0	0.0	0.0	0.0	0.0	0.0	0.0	0.0	0.0	0.0	0.0
ec178	0.03830900477468206	-0.03466811589731078	0.0275548544504889	0.00152105968442448	0.005952397365163142	-0.0051245049284652806	-0.02101628409845461	0.023523162721643873	0.010046958096303227	0.03229878894944759	-0.013752203890558442	-0.013939359751044957	0.01156647317934957	-0.0019336295676514815	-0.008110947129861951	-0.006579260230068563	0.007790706525704361	0.006198366928234636	0.011827792983009906	-0.009833866915202836	-0.0017158692360476119	0.0005428336288637338	-0.004496372942402392	0.009384914969073968	-0.003909877594882695	-0.00043361200902798034	-0.00465497951444392	-0.0002502315945692331	9.869240826846715e-05	5.664404558212969e-08	-0.0	0.0	0.0	0.0	0.0	0.0	0.0	0.0	0.0	0.0	0.0	0.0	0.0	0.0	0.0	0.0	0.0	0.0	0.0	0.0	0.0	0.0	0.0
ec179	0.06248505321558989	-0.016176399331499072	0.03082819405033978	-0.030196248900655375	0.04622207536762228	0.003890300011028195	-0.000780573358641267	0.023715195862925618	-0.029481037326400568	0.012312838162341112	-0.003507503939901552	-0.0019918630085635934	0.009068192800383503	0.008008255055800852	0.028282256077253102	-0.025848150504819385	-0.03764668283286597	-0.0053664105845257605	0.02535789241896164	0.005251976125472807	-0.01500407581886563	-0.0403569130651516	0.02473185460347873	-0.015505623713842197	0.022107170107842057	-0.008170565381418705	-0.0017933634837873937	-0.0004526372765117291	6.386505427421068e-05	3.6810874982166933e-08	-0.0	0.0	0.0	-0.0	0.0	0.0	0.0	0.0	0.0	0.0	0.0	0.0	0.0	0.0	0.0	0.0	0.0	0.0	0.0	0.0	0.0	0.0	0.0
ec180	0.10048269421866102	0.025433088864285882	0.020632704827294044	-0.08618948458580444	0.11756692579762207	0.04621010705704615	0.1233730091948254	0.012605791863180987	-0.056330778542366115	-0.061597719645214245	-0.07925497701705715	0.023967792362049673	-0.023570061131232348	0.014828189848180682	-0.06709080311364797	0.03590688656178277	0.0249679639288831	-0.011389637159150043	0.04112506994231924	0.012093448499188609	-0.013763673560784373	0.002988743258030516	-0.008940042097730545	-0.0010856912645427605	0.004929558729644957	0.0008920472805806514	0.005876200718022542	0.00011426213721542873	-2.8423315071955947e-05	-3.3610769486281573e-08	-0.0	0.0	-0.0	-0.0	0.0	-0.0	0.0	0.0	0.0	0.0	0.0	0.0	0.0	0.0	0.0	0.0	0.0	0.0	0.0	0.0	0.0	0.0	0.0
ec181	0.04707412859419562	-0.023668702943562762	0.036417102796259516	-0.016953102406218102	0.019178606062083374	-0.00267779913856531	-0.023156777611763976	0.02451900339247245	0.013270342964416598	0.003263518598648545	0.006052967138355827	-0.0039556717972081806	0.010027829045846785	0.008981585039226813	-0.004114515640224715	-0.005887879133665666	-0.020879575661209623	-0.009350497086218252	0.004000176849048046	0.005233654424852378	-0.0004296806071726419	0.0015265225568741334	-0.002368117293648699	-3.388146157709493e-05	-0.005723907886852972	0.00709488279850007	9.980050719560203e-05	0.0010057292862387815	0.003443059586804893	-6.2806838221301e-08	-0.0	0.0	0.0	-0.0	0.0	-0.0	0.0	0.0	0.0	0.0	0.0	0.0	0.0	0.0	0.0	0.0	0.0	0.0	0.0	0.0	0.0	0.0	0.0
ec182	-0.1646517010584993	0.2994540672634244	0.28900238011904505	0.21876023079821086	0.07660897447277742	0.006042802091981252	-0.01782943029226994	-0.03623446083289479	0.005392180384238846	-0.07409287119868356	0.029235260902592975	0.06434516278902151	0.0011262915913106653	0.024729207978972986	0.016752963146132713	0.018679689625340383	0.006646560936339524	0.011924009760293586	-0.00257442220547529	-0.013937960830311567	-0.0005857218322448337	-0.008102535320331956	0.005919818578573893	-0.0005357165616839144	0.0008368968749925532	0.00419906902731424	-0.00015496946859306414	4.612064062673037e-05	-1.1961882008042784e-06	1.0925675487480184e-09	-0.0	0.0	-0.0	-0.0	0.0	0.0	0.0	0.0	0.0	0.0	0.0	0.0	0.0	0.0	0.0	0.0	0.0	0.0	0.0	0.0	0.0	0.0	0.0
ec184	0.0026598135090877234	-0.19694850530973212	-0.007591920755308436	0.09021382849195661	-0.011932951578052903	0.022223406791152353	0.004291888720325494	-0.0164684284227191	0.0220940408243147	-0.002467190344721582	0.002695327534932094	0.07898041045207692	-0.038778368575624174	-0.020857811591638353	-0.0219928123848844	0.029448733944899014	-0.001829341352546159	0.033883513340066555	0.007504309927563408	0.011798621641239956	-0.008192466598808101	-0.03435235034532915	0.012694708481374736	0.013893714730957487	-0.004479375181829113	-0.005516581518003375	-0.0030399429490182432	0.000272631718445991	-4.3608840740385554e-05	-3.691315796226105e-08	-0.0	0.0	-0.0	-0.0	0.0	-0.0	0.0	0.0	0.0	0.0	0.0	0.0	0.0	0.0	0.0	0.0	0.0	0.0	0.0	0.0	0.0	0.0	0.0
ec185	-0.4046714857063336	-0.09806155234079471	-0.036919779993744725	-0.07911744457406954	0.013996186059401308	0.10441076225459203	0.1135837586050244	-0.2031526391576381	0.040751127997554336	0.017681756051513543	0.03189116747537905	-0.04899065085705864	-0.014452254515549665	0.05411935975173097	-0.017114393754318686	-0.026971202180138012	-0.010815493003711788	0.00106224827385708	0.00680620870013958	-0.002128274124676821	0.00041565259608878453	0.0012263018590587863	0.00543191120716608	0.0018410075828051795	-0.00031226098126358706	5.2690184558495635e-05	0.00016788217540411894	2.996242610589098e-05	6.234646354189953e-06	-3.2832364148539627e-09	-0.0	0.0	-0.0	-0.0	0.0	-0.0	0.0	0.0	0.0	0.0	0.0	0.0	0.0	0.0	0.0	0.0	0.0	0.0	0.0	0.0	0.0	0.0	0.0
ec186	0.021659402299436973	0.06776762929038027	-0.06435124409159289	0.0030295998220720567	0.136960118761224	0.04772037490137991	-0.03367136314333585	0.023373611875193857	-0.10957919015548719	0.0231164917523047	-0.03254221793693937	0.0003921590778313319	-0.008474322752605562	0.0816412525518848	-0.04448763996016654	-0.012873594337363908	0.017689346727067	-0.021714208778297807	-0.05610361581915245	0.0027119690175597144	-0.002185491809536344	0.0016233044403054359	0.006808623886153045	-0.005676315892539371	0.0031226553595920248	-0.0029311204338641826	-0.0068810372993757625	-0.0002260619986535814	4.1987224211894734e-05	3.123771016359252e-08	-0.0	0.0	-0.0	-0.0	0.0	0.0	0.0	0.0	0.0	0.0	0.0	0.0	0.0	0.0	0.0	0.0	0.0	0.0	0.0	0.0	0.0	0.0	0.0
ec187	0.008817261783511549	0.06433779839906181	-0.06432996977187994	0.02337205483320664	0.06647082563916942	0.028104662818196565	-0.02996086436525921	0.020031158259959794	0.10389836485423835	0.0723282083219111	0.010441492874340735	0.009275643253284453	-0.05152526772121337	-0.008318517020349173	0.035295988725504344	-0.029435698478371526	0.05584208210895621	0.022761093360397538	-0.008670058355903268	0.012665060256939004	-0.05784281050231293	0.007999465328369159	-0.0020951900385617877	0.016382159467012273	0.011708210203261779	0.0006851113894460197	0.004501081040859977	0.00011358847140538166	-4.216921296836001e-06	-1.9072681087820547e-08	-0.0	0.0	-0.0	-0.0	0.0	-0.0	0.0	0.0	0.0	0.0	0.0	0.0	0.0	0.0	0.0	0.0	0.0	0.0	0.0	0.0	0.0	0.0	0.0
ec188	-0.006953442254414093	-0.1658895955074323	-0.011407930801378998	0.08663813152611367	0.0009703024936562939	0.002346022153337884	0.00473892618329619	0.02634530030668179	0.016745441458987143	0.002428934546693113	-0.0015128121736822616	0.014372245678478014	0.02426335216242643	0.005655092383501887	-0.0063363090530122795	-0.001370153329307427	-0.015726700658678466	0.0025445303025621517	0.0060361511079438475	0.0012330200335588565	0.0026647420121719487	-0.0009654270606706936	0.00017683879802455035	0.0033785200438324068	0.008271556825039552	0.010629082569161492	-0.002660729354674354	1.570135334659699e-05	1.2279243814127876e-05	9.596067505814883e-09	-0.0	0.0	-0.0	0.0	-0.0	0.0	0.0	0.0	0.0	0.0	0.0	0.0	0.0	0.0	0.0	0.0	0.0	0.0	0.0	0.0	0.0	0.0	0.0
ec97	0.06402376334869392	-0.014223183276769174	0.008366952701037175	-0.007142925885054004	-0.08308618267307744	-0.009992389999893514	0.0054139373762099215	-0.023674829220819996	-0.010614849526689982	0.00996337763794332	-0.015401106025884306	-0.001730477708204214	-0.014682906758206252	-0.005874378082292582	-0.005691994232383355	0.0040190820884703155	0.011915305493102154	0.006499271752381928	-0.001323087201530711	-0.005448917655162173	0.0011890766962581892	0.002288786120683968	-0.002068154669040398	0.0010099854663027537	0.0024561639647168805	-0.0037116481417044057	0.003551129664450407	0.0002516678333643012	-2.6477848796987517e-05	-2.5587200080072672e-08	-0.0	-0.0	0.0	-0.0	-0.0	-0.0	0.0	0.0	0.0	0.0	0.0	0.0	0.0	0.0	0.0	0.0	0.0	0.0	0.0	0.0	0.0	0.0	0.0
ec98	0.07614614203976994	-0.015548124221422151	0.011638605679415522	-0.01270289608727641	-0.09183672536853676	-0.007810628187209517	-0.005802173312757136	-0.03350021246677918	-0.012665017037094198	0.009572476728195976	-0.009791417656942749	-0.009556221775279573	-0.012640696571263696	-0.00231823774776513	-0.0024534827076739597	0.011387086827680519	0.016282157661426443	0.007807652740537893	0.006883182220971825	-0.005581023116665701	0.0028207504410870422	0.007477490896903482	-0.008515079043454464	0.006904366307342368	0.016435016141595236	0.002784348884401748	-0.011873525839544055	-0.0009161694326124525	0.0001649374539837348	7.701912830893872e-08	-0.0	-0.0	0.0	0.0	0.0	0.0	0.0	0.0	0.0	0.0	0.0	0.0	0.0	0.0	0.0	0.0	0.0	0.0	0.0	0.0	0.0	0.0	0.0
ec99	0.0369676426918292	0.1429385796516803	-0.12847253105695028	0.01852445648109453	-0.03407122524355602	-0.017250261715001332	0.06365028814138043	-0.0091071065357458	-0.017052906518790645	0.0399074165184405	0.01583213593342727	0.010141718495660205	0.048157704020590046	0.001829836655391013	0.014069063456617738	0.012710878559483703	0.00040969648577125913	0.03352718592298435	0.015413069395763567	-0.045626906190455584	-0.003194046941703509	0.0067053759044703965	-0.008517319639635857	-0.01729418888400698	0.023304392129760966	-0.006749462652381698	-0.004923642724518798	-1.411933919887893e-05	4.7839933036733724e-05	-6.170188755425922e-09	-0.0	0.0	-0.0	-0.0	0.0	-0.0	0.0	0.0	0.0	0.0	0.0	0.0	0.0	0.0	0.0	0.0	0.0	0.0	0.0	0.0	0.0	0.0	0.0

Biplot	0	0

Site constraints	0	0
