Eigvals	57
4.266868414871515	1.6531949956841363	1.2742847460967337	0.9105443839273272	0.8990470862204677	0.8162197809971361	0.6714348958320523	0.6209145497277784	0.5360115132005353	0.4935431900396491	0.4381063856259514	0.40562499088754855	0.38296506256782137	0.3210038018374287	0.2771279172449316	0.23780813900780398	0.20742723490014633	0.19185504079224594	0.18418119797554341	0.1720425221071681	0.1571028813772031	0.14932009557636802	0.1314020929495424	0.11490633609028139	0.10674823675113831	0.08358268749049094	0.07540891725157195	0.06507148734764626	0.05198489849107846	0.0459642176179319	0.03971663478989115	0.03374170022318179	0.03058484090600408	0.026618381636542426	0.01668800225616529	0.01503514075382173	0.008286311007865005	0.005937343745594903	0.0	0.0	0.0	0.0	0.0	0.0	0.0	0.0	0.0	0.0	0.0	0.0	0.0	0.0	0.0	0.0	0.0	0.0	0.0

Proportion explained	57
0.2647218882740147	0.10256629883812213	0.07905822992098495	0.056491319917537176	0.055778013093169126	0.05063930280087418	0.04165666624689657	0.03852232037150756	0.03325482909585588	0.030620040861047044	0.0271806717225185	0.025165485100180966	0.023759634619288497	0.019915479996844624	0.01719336487875553	0.01475391633490786	0.012869046795734813	0.011902928268515828	0.01142683339910874	0.010673734666130988	0.009746860546838326	0.009264006717540829	0.008152351276529328	0.007128933753487643	0.006622794999768898	0.005185575159145353	0.004678464163075478	0.004037116997428262	0.003225208549278795	0.0028516779281141874	0.0024640700240075274	0.00209337756128704	0.0018975220348906709	0.001651437908200892	0.0010353446694948338	0.0009327990610034157	0.000514093167059578	0.0003683602808532175	0.0	0.0	0.0	0.0	0.0	0.0	0.0	0.0	0.0	0.0	0.0	0.0	0.0	0.0	0.0	0.0	0.0	0.0	0.0

Species	0	0

Site	57	57
ec1249	-0.21494237733818067	0.12023353965532024	0.21168478585821318	-0.12009183338097963	-0.0685129308883634	-0.008531881973698684	0.12227764616959362	0.08503188076679401	-0.04417963475484382	0.07711494664010662	-0.10098265529316813	0.06880376357509838	-0.07373963745730991	-0.2044102850042839	0.059175695878114304	-0.07282111943325971	0.02467933875986559	-0.08448294922088508	0.15497774141993664	-0.017690083716759647	-0.08105269178016561	-0.017653534427159893	-0.02862017152541079	0.008655999848281516	0.058789381193981916	-0.01557638636740488	-0.04513073374660988	0.000286833109156552	-0.031400933735329664	-0.022457682989460437	-0.012121390936202578	-0.016494428165392372	-0.003950154946370728	0.03228463687673715	-0.0011106906211333597	-0.00944709414755581	-0.003968102702550711	0.008271338446096954	-0.0	0.0	0.0	0.0	0.0	0.0	0.0	0.0	0.0	0.0	0.0	0.0	0.0	0.0	0.0	0.0	0.0	0.0	0.0
ec1257	-0.3393164956956613	-0.06387390756958221	0.1379178755844786	0.11558651743173584	-0.18271955102742352	-0.06864390380451106	0.07756944468083576	-0.011538359429366561	-0.14062073416076712	0.06525920059927727	0.040087972973063705	-0.029373960501179578	0.06829797724968062	-0.02236907523212341	-0.16278731219305018	0.06291057590321182	-0.1302189510041878	0.014711428973018373	0.05844685473358436	-0.036807891349316176	0.10230334251254498	-0.05769777020811541	0.0068282507422041646	-0.08211980418000042	-0.09715322521277486	-0.022248963247536942	-0.06645189675286937	-0.06063041896241981	-0.010026285102761545	0.012124818353279086	0.013587935985273917	0.033285114336141904	-0.008289416493507187	-0.023321454673527184	0.0064561146841934595	-0.0002865081032110973	0.007063136694297655	-0.0038886415533892164	-0.0	0.0	0.0	0.0	0.0	0.0	0.0	0.0	0.0	0.0	0.0	0.0	0.0	0.0	0.0	0.0	0.0	0.0	0.0
ec1262	-0.2626777334396098	0.04556429060907386	-0.49996707786173783	-0.18335630627306987	0.044617025032958696	0.017754347331602964	0.2652551644666788	-0.05187619706403495	-0.057052306342547925	0.14951706353654903	-0.04157537568063935	0.05363561221209318	0.2314725612248682	0.08947619208866851	0.006441833685842534	0.08216288831507017	0.018151566099761346	-0.04804181579494785	0.00451289744161853	0.05423651077305476	0.04661475530950438	-0.013961505449031351	-0.08332290525081944	-0.07332283840253327	0.06997893007821904	0.03124033982869539	-0.019867251271888556	0.016313723852581726	-0.028032628396314003	-0.029584049513290637	-0.007623805034900862	-0.0032873037981244243	-0.012286303556666173	0.007729679056209386	0.0019859059898585467	0.011550684953091315	0.010403058026407251	0.0007736293071000012	-0.0	0.0	0.0	0.0	0.0	0.0	0.0	0.0	0.0	0.0	0.0	0.0	0.0	0.0	0.0	0.0	0.0	0.0	0.0
ec1265	-0.4238612448210618	-0.15211374213103016	-0.06333535531611381	0.03555533588051115	-0.08372066244004203	-0.08246793217592298	-0.1893533250468009	-0.002621430111029312	-0.028238238356156995	0.051099658192381055	-0.07579625092005485	-0.0884128337426913	0.010471445140257253	-0.02200858897972839	-0.10065938079268318	-0.09410785996719036	0.08835281162259069	-0.11645764830243148	-0.05078150943488608	0.04689730909184629	-0.011947946372431847	0.008581209123412014	-0.045669905342042315	-0.016305716617916927	0.08778959919668326	-0.06573123589952057	0.01171272125162412	-0.031797061534485555	-0.06500614933875233	0.0394258230933614	0.014007037943365299	0.006463597312059552	0.03596042515703648	-0.015793757898140887	-0.01015292659213342	0.001992705633782476	-0.0076669228442030005	-0.008684740495110468	-0.0	0.0	0.0	0.0	0.0	0.0	0.0	0.0	0.0	0.0	0.0	0.0	0.0	0.0	0.0	0.0	0.0	0.0	0.0
ec1298	-0.11204745882248193	0.24636335625482753	-0.19689758455390094	-0.14731660802736352	0.03244874699848721	-0.04444423133867327	0.3117048640191425	-0.10465306340460676	-0.08678188101987938	-0.045770149345094706	0.07974113984514426	-0.1922951542466212	-0.368158769329818	-0.015696578260658574	-0.13006020391984996	-0.07324572062089975	-0.04931245744555546	-0.031303865691559206	-0.01250299468434562	-0.0028742600693581703	0.05409296877768029	0.046917073491924095	0.02278555892312529	0.03094461107804862	0.010062218029199772	0.027840891070167722	0.04914059435084655	-0.0038505557149045404	-0.007387236382783222	-0.0018136561639400218	0.01775314617933478	0.00947026498410692	-0.007568589233251002	0.0001545289095709195	-0.009194643625705998	-0.0006906732633100443	0.0009974597927813013	-0.0013458594140032573	-0.0	0.0	0.0	0.0	0.0	0.0	0.0	0.0	0.0	0.0	0.0	0.0	0.0	0.0	0.0	0.0	0.0	0.0	0.0
ec1301	-0.3773286343687177	-0.11802568229342918	0.014128192922043483	0.10595709808108647	-0.017726222888974998	0.05247544603953223	0.18411111925576268	0.031521162108723556	0.08281684585583793	0.09509775615566406	-0.0021853140935013935	-0.046451601954820745	0.010221838584303571	-0.2998596237309227	0.004974867344481665	0.004461568336681351	0.010903827462998799	0.2120914098537189	-0.06900336795803556	0.09826547729615923	-0.023471942314277232	0.008452176629836296	0.03523275753869783	-0.0540441100035985	0.07692564216490862	0.022218759361798762	0.0014699238347887188	-0.0025565796421561852	0.04973230369335726	0.03266401700861713	-0.013841083823659686	-0.0017818894869840616	0.011135437047896265	-0.011858817584304975	0.003489385629856353	0.005266269552679321	0.004073600271482411	0.001980994820935989	-0.0	0.0	0.0	0.0	0.0	0.0	0.0	0.0	0.0	0.0	0.0	0.0	0.0	0.0	0.0	0.0	0.0	0.0	0.0
ec1309	-0.2803772532663541	0.009613004631754657	-0.3902916369636627	-0.09265312636174076	0.015069184626753667	0.0167299622927932	-0.19904924798439294	-0.003098320904403334	-0.1427607307339396	-0.052818361157691694	0.3568948784741548	0.19134324909372635	0.047513623274075115	-0.17605421940961843	-0.07415498930592028	-0.052701230385430384	0.09094443101595286	0.003366682239104464	-0.02637508080291464	-0.10234169749360843	-0.05075325302269494	-0.011037232776051441	0.034990937803405724	0.021470463606945954	-0.05694007246329157	-0.012906612381845595	0.005158631623197812	-0.012374610742233299	0.010176275564020166	0.001626179455567544	-0.0049123355107252974	-0.010887698034399856	-0.007840698839864251	0.008663079452394841	0.003879780572273262	0.004265695966918046	-0.000932857590280746	-0.0017328820104028269	-0.0	0.0	0.0	0.0	0.0	0.0	0.0	0.0	0.0	0.0	0.0	0.0	0.0	0.0	0.0	0.0	0.0	0.0	0.0
ec1314	0.2809848232737326	0.17616088512250333	0.13420357808934283	-0.16701054854862904	-0.0734012815520581	0.05987585674995196	0.03926194900661858	0.07354153296168034	0.028472038357289297	0.007701786464022196	0.07932814648186189	0.12387948065654784	-0.026272071158716805	0.0822638481217292	-0.11871950033838098	0.0478939463539837	-0.06098562563628916	0.029021567683530647	-0.025900654758506378	-0.08600578869806658	-0.0653998486513668	0.09237042042451474	-0.09621893984472607	-0.059836446733055944	0.014350246192178007	0.06178613522608621	-0.023617700434796416	-0.02140151607553732	-0.003022690101284886	0.017090136404605123	0.004983662774751684	0.006163579490525218	0.040658903639091214	0.02363182702561567	-0.008064294436172797	-0.008408128987176511	-0.0078032019026851125	0.013234655898368941	-0.0	0.0	0.0	0.0	0.0	0.0	0.0	0.0	0.0	0.0	0.0	0.0	0.0	0.0	0.0	0.0	0.0	0.0	0.0
ec1317	-0.38537151667425823	-0.12093923233385605	-0.25981954965701004	-0.13509380562737874	0.05742858678153409	0.02971266904455132	0.21775445224565615	-0.04629859594191428	0.06650656055494018	0.04478048891842273	-0.19140285447079392	0.02117601884401108	0.13382057834022756	0.06677898841953875	0.004993571076125293	-0.051946900365599215	-0.0090326857704071	-0.025169512230897063	0.0051180936952711425	-0.06560176012822093	-0.0671149691452565	-0.025374401658036297	0.04975998674828312	0.09060599319431518	-0.09198956333909193	-0.0284931536856535	0.037346834314572634	-0.03218358795195923	0.04461638334553917	0.04329047793962569	0.006825153704324752	-0.014520144366427467	0.01880486126175931	-0.010152370254776737	-0.024316779048191822	-0.01176437051889114	-0.013531962642028932	0.002479468589186981	-0.0	0.0	0.0	0.0	0.0	0.0	0.0	0.0	0.0	0.0	0.0	0.0	0.0	0.0	0.0	0.0	0.0	0.0	0.0
ec1330	0.023171717625429186	0.37779530662025484	-0.05602181396631224	-0.05118666664521131	-0.24772788122189543	-0.14024680871935913	0.0040553548009660215	0.027438379843889568	0.3479283374247439	-0.059368731225303374	0.0707022157579761	0.05201412463494023	0.015479692220641904	0.042601146295769415	0.02231505090963974	0.07260866931995788	-0.021292438296946412	0.049510433441974144	0.045913427408263596	-0.03724685667373841	-0.021254070708678966	0.07802271780640675	0.04108954175694987	0.02549251745418591	0.05067329082379191	0.0010785380121815225	-0.026264043911821532	-0.03604779464835621	-0.005354428151882525	-0.012914243302659773	0.013120042066664162	-0.008239332075401524	0.005193888790881647	-0.003358628033523204	0.0017301679652228887	2.657846400174472e-05	-0.0011495371942321195	-0.005599691523669152	-0.0	0.0	0.0	0.0	0.0	0.0	0.0	0.0	0.0	0.0	0.0	0.0	0.0	0.0	0.0	0.0	0.0	0.0	0.0
ec1346	0.3023134273512439	-0.07001862902862477	-0.09895879763224129	-0.1219307942470879	0.04409330381902612	-0.022502427104045725	0.17693579425151418	-0.010543556591261808	0.029769162821252765	0.009869603444996879	-0.02202836785043939	-0.0241588950893376	0.010272051166539361	0.0701431272735065	-0.015784381846094302	0.028341364879323767	0.025706908533553462	0.014632042715681484	0.04803418118809211	-0.039875520919387626	-0.011922275212017781	-0.05982732088683621	0.1082867718421434	0.01846168820000561	0.035846549204140654	-0.04713351388827065	-0.009129428811962534	-0.014447153312969934	0.012213904171636559	0.011129927075401813	-0.00815014346282308	-0.006542804045135207	-0.00045820762925841905	0.02272214559296465	0.04433688812428714	-0.01321062964852095	-0.004584918525217877	-0.008011400097812758	-0.0	0.0	0.0	0.0	0.0	0.0	0.0	0.0	0.0	0.0	0.0	0.0	0.0	0.0	0.0	0.0	0.0	0.0	0.0
ec1349	0.1882416312713405	0.032787718731824504	0.05723122393691182	0.07698379413865339	-0.0762646168989036	-0.04248331393906653	-0.08218770037235311	-0.14998697550541362	-0.13305527130350886	0.1180779432969248	-0.09500072157235633	0.05804740263135419	-0.04086798980732017	0.019005070449629697	-0.10217757019471846	0.01695993396792527	0.07253994717328602	-0.0074965685289795645	0.04739086915342751	-0.05909301132252059	0.03160125864941777	-0.027053165192873985	0.04882039243993938	-0.08459689157854265	0.022407305954231436	0.015407583154327218	0.007440097175625641	0.08212718752516028	0.07378960273264701	-0.050944254177458924	0.04525952440284033	-0.03205007382423145	0.04172017988920621	-0.0031785945532773366	-0.0012081240528884736	0.03232945872818491	-0.012756548642197982	-0.0033157552921266953	-0.0	0.0	0.0	0.0	0.0	0.0	0.0	0.0	0.0	0.0	0.0	0.0	0.0	0.0	0.0	0.0	0.0	0.0	0.0
ec1356	-0.05192345567652634	0.25739973825555845	-0.07668626639361718	0.18854336031112354	-0.1801357392176003	-0.1846469406473775	-0.07599576052143485	-0.0022561676102752335	-0.4221569723538539	0.1132743240166925	-0.11799670894185303	0.0738504869269754	-0.04346008758505319	0.07081193428684308	0.09881276086095013	0.12312763740149606	-0.0408999083340433	0.08769657797461965	-0.03216829718587062	0.02841717894584954	-0.08451521140250212	0.08234596978468667	0.04881540360332847	0.07266974723770782	0.025907034491946077	-0.02857659533826129	0.0332095019878474	-0.01786579259772694	-0.009396334630596219	-0.005675154912891681	-0.009276869403475179	0.010026682300761036	-0.011349892961881212	0.00197263658949038	0.004367130059195367	-0.00823834794804411	-0.00025108632640379486	0.00037931861779068354	-0.0	0.0	0.0	0.0	0.0	0.0	0.0	0.0	0.0	0.0	0.0	0.0	0.0	0.0	0.0	0.0	0.0	0.0	0.0
ec1358	0.07868975501136076	0.13982023745179967	0.005107063975730667	-0.020251369075290702	0.055404164133979	0.169361211626545	-0.13253816807059735	-0.32641853053201353	0.03577460594061847	0.09290391400149768	0.03169056482185728	-0.17756389124872948	0.024493390800811983	-0.03115984067068687	0.08217268329785822	0.055111071208908374	-0.037579412917596526	0.05985597520808519	0.03746627145568531	-0.049974020146888135	-0.033064043165188545	-0.04561537689220019	-0.049967897114087084	0.028490952186085845	-0.013980951566278188	0.01737378022067714	-0.02119246220887253	0.001339678859781165	-0.01562533559041113	-0.03917097773213736	-0.014982194973405182	0.02803814630150258	0.012987955917673526	0.002423927425418034	-0.04237719406825371	-0.001856414111311777	-0.006902014229616235	-0.0195876873887946	-0.0	0.0	0.0	0.0	0.0	0.0	0.0	0.0	0.0	0.0	0.0	0.0	0.0	0.0	0.0	0.0	0.0	0.0	0.0
ec1359	0.41218663486214435	-0.10054540982921606	-0.07485063074685082	0.016193766854629085	0.016239864126742182	-0.0593281033122677	0.0036780413311468976	0.056902054046726394	-0.02348574638326513	0.03811859783324469	0.024426296198348966	0.07081261236083457	-0.019984441377285035	0.04678674080981891	0.08526412797700668	-0.13451162806777406	-0.05235889472542846	0.11254004966835866	-0.08726342745332903	-0.030193348863924694	0.05230288995636071	-0.04164711763784546	-0.024020472969210605	-0.022134670917637874	0.029452722544423788	-0.038253734169908696	-0.008781492126752694	-0.02917196173155158	-0.06533152694936138	-0.02740886338383414	0.03351465033693703	-0.061646774023621786	0.009631796454961079	0.016788904941653193	-0.017099173330433984	-0.016750722299465958	1.8656047917637132e-05	0.0038915631505171346	-0.0	0.0	0.0	0.0	0.0	0.0	0.0	0.0	0.0	0.0	0.0	0.0	0.0	0.0	0.0	0.0	0.0	0.0	0.0
ec1361	0.1946234896016455	-0.09646084911653682	0.09969074194735723	0.007877535470947501	0.02546445149663171	-0.06736915335490101	-0.031125706343026707	0.010725348789630978	-0.058370596518689644	0.0632661306826046	-0.07344281718376766	0.04781977164259354	-0.07732227576270254	-0.013189435615006222	0.04597352821834818	-0.06031477321973201	0.0632995874749239	-0.06163090185616996	0.033011616340518725	-0.061289047093253675	-0.06360413762978086	-0.08968307773425582	-0.0037226224909228337	-0.01707587931666641	0.03240972857170562	0.08607567360924544	-0.0447815796548057	-0.015814085653005586	-0.00037534656885741824	0.03125726672526312	-0.04219527596790884	0.042022648332760926	-0.024213970807754875	0.005154572186751542	0.007077803751251289	-0.006518515202406197	0.001300444071342537	-0.008789864955237488	-0.0	0.0	0.0	0.0	0.0	0.0	0.0	0.0	0.0	0.0	0.0	0.0	0.0	0.0	0.0	0.0	0.0	0.0	0.0
ec1362	-0.29897583166189207	-0.11652018684138649	0.11575498510081698	0.22438336216713434	-0.017450912787511534	0.03099425246425264	0.21370747290685557	-0.12487757504154927	-0.004299445067793765	-0.19119100535500275	0.1323680256009708	0.09158591797634688	-0.017849428340847347	0.05555747312230084	0.16073453764144835	-0.008361638776007017	0.011331472602376337	-0.026550556679080607	0.02097050690353798	-0.013423502551683196	-0.01759399114131358	0.01709906006421632	-0.06572844508302743	0.02590123015028665	0.023985334251593587	-0.026162349417516235	-0.014759324636785637	-0.006484614581007874	0.015947987216197525	-0.021292121729922783	0.004795259254573147	0.022887042078570206	0.01256767738292505	-0.03155841104852494	0.0220807388481484	0.016323749380729804	-0.003263477533838276	-0.008126527727977229	-0.0	0.0	0.0	0.0	0.0	0.0	0.0	0.0	0.0	0.0	0.0	0.0	0.0	0.0	0.0	0.0	0.0	0.0	0.0
ec1368	-0.3517705143903698	-0.11088140276322428	-0.01662521810732562	0.03376218156785094	-0.047771868370034776	0.043525950011651084	-0.0985039237261455	-0.03631141683580524	-0.027110012275386498	-0.1808173429412455	0.002064071101118604	0.09359898526487645	0.04746564192185406	0.0492904813964158	-0.11323359869785177	-0.07401282755912249	-0.10842589944139046	0.04288240129234436	0.10556561665778813	0.08802694347910904	-0.0485400653873077	-0.07855214008595165	-0.07165029633933809	0.09066505587960777	0.054753935587320175	0.08955462319984377	0.05944841743841591	0.04104387454621288	0.0019600230064158782	-0.020485285069100384	0.032576484390276786	0.005547075969928462	-0.000377349265298937	-0.006923717560378463	0.017144024424238045	-0.014086944601363496	0.006342415214503159	-0.0004041508242206091	-0.0	0.0	0.0	0.0	0.0	0.0	0.0	0.0	0.0	0.0	0.0	0.0	0.0	0.0	0.0	0.0	0.0	0.0	0.0
ec1375	0.3231625447114256	-0.008624048625023655	0.07232758472020304	-0.09408477093842471	-0.11849852670853606	-0.0341714032923232	-0.010097902605260054	0.08917180443145506	-0.06228545933017185	-0.07402693281745994	-0.0033890295736236954	-0.060105087075903035	0.03658550331373933	0.032768699444853576	-0.020718222246401265	-0.04810232226367338	-0.012309193856582502	0.023659631113549726	0.0481525461853435	0.017033964022116353	0.0006262523541100377	-0.04259673931729646	0.008920426656817458	-0.026070875105181364	-0.02484195310820301	0.0010559552519513612	0.014820548718591663	-0.0002688510395614357	0.011570235991626812	0.02708178727708468	-0.03437075241872192	-0.0038595534365994367	0.00691237729596448	0.04623209944849302	0.006253407374721337	0.0011811997321473035	0.011710578740256458	-0.031874846511100646	-0.0	0.0	0.0	0.0	0.0	0.0	0.0	0.0	0.0	0.0	0.0	0.0	0.0	0.0	0.0	0.0	0.0	0.0	0.0
ec1377	-0.4610036501980973	-0.21214652700626216	-0.08494790896250519	-0.056735356802473776	0.060170641508643354	0.006613367287224942	-0.05946815834172462	0.0274293112985482	0.07600146943568446	0.015453941443071783	-0.0693842086021623	-0.01392502136089727	-0.09999591508219983	-0.00572202706328519	-0.008237418883525013	0.03399788319238301	-0.06123165085224217	-0.015202661192312854	-0.04728405704979866	-0.08991662029227093	0.007930879150609124	0.08408311766166843	0.012456399217521242	0.019230006233968755	-0.030545083108798523	-0.02821471609724996	-0.0664164453238013	0.1290287226629935	-0.01762641164051855	-0.032946841243657744	-0.041172059048498334	-0.02069698399274469	-0.022918582059042007	-0.008303121586406967	0.01682433017704894	-0.007585117563112827	0.00916109608758652	-0.006284154182510384	-0.0	0.0	0.0	0.0	0.0	0.0	0.0	0.0	0.0	0.0	0.0	0.0	0.0	0.0	0.0	0.0	0.0	0.0	0.0
ec1378	0.443927745715564	-0.18639410965777894	-0.1567261828160247	0.05778283603155545	0.06582064475220069	-0.09848498454412276	0.048437634137882914	0.08550642873813569	0.017144088799787714	-0.04365449046308878	0.029471810004883598	-0.0021350127381303563	0.02881113871773516	-0.06232485326741696	0.028636052514170927	0.08501498775481862	3.1592667259062184e-05	-0.02707167431796629	0.018435139982235324	0.027971792033789578	-0.03121361122323051	0.06740545202940311	-0.050276649875539835	0.007889685304877868	-0.03353300860145258	-0.022837413770527577	0.006113687739565604	0.04114332294440906	0.0030667521718718703	0.02737842130566464	0.0296883274591835	0.06251921983461078	0.0277599361041087	0.015150644937211261	0.013033886548394635	0.007839199209259507	-0.005125330764916326	0.01631585392896289	-0.0	0.0	0.0	0.0	0.0	0.0	0.0	0.0	0.0	0.0	0.0	0.0	0.0	0.0	0.0	0.0	0.0	0.0	0.0
ec1380	0.22771303917481453	-0.16249431218660046	0.03674835088064938	-0.03668921720689405	0.02066339525738606	-0.001914601027685008	0.08952240259621824	0.04732140291626138	-0.006222957613196422	0.05719462934985594	-0.06691905541764613	0.033527809303468145	-0.05273374980106832	0.06714949133546087	0.06840938937378917	-0.16049848191669192	-0.01071011919981302	0.09587003957929012	-0.02697864867222405	-0.08037247361790381	-0.05138905355105749	-0.01917712640838758	-0.07140033255320487	-0.006941632264769555	-0.04585528787329504	-0.01133342841382502	0.017695583426244017	0.0109432755180896	0.021579647216045515	-0.005665147644269059	0.0006568791632570284	0.02489853149313295	-0.02107936486401701	-0.031810081542839014	0.011798823526834399	0.03261063563589393	0.0009647648448746376	0.0026807797518696454	-0.0	0.0	0.0	0.0	0.0	0.0	0.0	0.0	0.0	0.0	0.0	0.0	0.0	0.0	0.0	0.0	0.0	0.0	0.0
ec1390	0.20747198148998963	0.1986247504764886	0.15205181685575245	-0.08363100381595548	0.11394671070762552	0.08213349777843586	-0.05922780978326889	-0.09644216103884329	0.045261289008594316	0.14730634129010214	0.04517512452516179	0.13164571815885234	0.008313687037010334	-0.04580453557712173	0.01682027470548405	-0.0006132843875187722	-0.07780937144018225	-0.16157345302673637	0.015405715452651254	0.1244273772527839	0.03699876707391755	0.05850045779019162	0.03004206986512626	0.03854713094451549	-0.004931546927141249	-0.029113972917429308	0.03000114644870338	-0.023510887022877996	0.06355761754107023	0.0018869657670459066	-0.034911916783631675	-0.009387567141246108	0.0019350622239263223	-0.002514738864520981	0.0016192766145499682	0.008746157346396312	0.007277184496275461	-0.0013749120244600829	-0.0	0.0	0.0	0.0	0.0	0.0	0.0	0.0	0.0	0.0	0.0	0.0	0.0	0.0	0.0	0.0	0.0	0.0	0.0
ec1391	-0.05367685704809652	0.35002174769471533	0.1620649398621452	0.003170744297257143	0.3939155676179762	-0.16124406034083133	-0.008062178643966649	0.022204463752723322	0.00365226006198978	-0.052453165274600935	-0.0025339766369489015	-0.017914928555224065	0.07594998955161866	0.036349745723100166	-0.04187961286322634	-0.014798205007759482	0.03969266995840985	0.04755533834050813	0.034062721101840825	-0.014190655199921309	0.0059286752256729625	0.016236352614264666	0.029444148998441094	-0.002213746699991884	0.01029773035170408	-0.001317961919779272	-0.048389952398613524	0.013369638620934807	-0.012615909490930667	0.032079358393425406	0.03074076155169479	-0.010697151689219921	-0.03526003305899464	0.004119311520173849	0.023922873288473027	0.02234266511005611	-0.011740911035879023	-0.0005595473348739614	-0.0	0.0	0.0	0.0	0.0	0.0	0.0	0.0	0.0	0.0	0.0	0.0	0.0	0.0	0.0	0.0	0.0	0.0	0.0
ec1392	-0.257028569770252	-0.07481629584544373	0.12756424144348774	-0.013515962079129328	-0.11291088421421529	0.06607066231503257	-0.07404497805831693	0.034064602896239374	-0.019069433030275626	-0.04780033173369704	0.02324522270726721	-0.05425637984486618	0.09063430105735669	0.0590429163256488	-0.08567991789225325	0.025612262358461896	-0.029297244906786788	0.029866461034289433	-0.018462858502626727	-0.05670249582936205	0.051340077194366916	0.04897493106238863	-0.04424897057143595	0.06148626660655045	0.0762213864824086	0.008184138594813577	-0.002471489078742914	-0.02641450593629062	0.0344120505663888	0.01617543362245109	-0.062239336313871595	-0.032670033370076776	-0.03884480248716613	-0.007463863904499862	-0.015906597271201337	0.01452000744812752	-0.008730305688186791	-0.0021377261449192797	-0.0	0.0	0.0	0.0	0.0	0.0	0.0	0.0	0.0	0.0	0.0	0.0	0.0	0.0	0.0	0.0	0.0	0.0	0.0
ec1394	-0.4460178166985218	-0.12865286916771762	0.045720389680023864	-0.07437983408103715	0.13110508717745334	-0.007761377336437008	-0.08821793444245722	0.12351796648178058	0.06034497557837505	0.11131567798932955	0.11220321048405614	0.02059521129872866	-0.11136062419844642	0.07847032822852146	0.05996712040085706	0.08712667043477924	-0.07243082650690845	-0.020592252800185132	-0.042565346563758225	0.04132384667407327	-0.024018623551007173	-0.05205764515525015	0.014155049305952185	-0.0544643357530033	-0.004644915646673436	-0.008101186356403051	0.012211627555986098	0.008171301495567693	0.02306059801762472	-0.007092113245696854	-0.01337261983885151	-0.0014932622500883864	0.0024200216027758688	0.0248768465607563	0.011372667233745365	-0.023982084021796888	0.0014761817449793835	-0.007425993290827395	-0.0	0.0	0.0	0.0	0.0	0.0	0.0	0.0	0.0	0.0	0.0	0.0	0.0	0.0	0.0	0.0	0.0	0.0	0.0
ec1396	0.3869921861361695	-0.16161990884793243	-0.09725693455277788	0.054821002318899525	0.040473490498097474	-0.12051056679572747	-0.004255023887234903	0.062230538012894965	-0.023557129071631183	-0.026676075577170718	-0.0022024713579526967	-0.09923015985179467	0.000318656884444891	-0.059496979828058204	-0.03189833469382292	0.02168543050182585	0.014801425650459691	-0.060947606400618894	-0.029704047401466767	-0.014424719026765061	-0.008726198107445416	0.08122482181398324	-0.10341384149452519	-0.010252726532489272	-0.0031292475645338744	-0.032702024931921446	-0.02501742016067623	-0.015419291743429384	0.01669621542213097	-0.008190843865251148	-0.015319301652985756	0.029040434699188995	-0.013737913524608679	-0.008947162292794646	0.006324430452680141	-0.014665595126641496	-0.009924033337475923	-0.008128182926169868	-0.0	0.0	0.0	0.0	0.0	0.0	0.0	0.0	0.0	0.0	0.0	0.0	0.0	0.0	0.0	0.0	0.0	0.0	0.0
ec1400	0.00916408522150162	-0.02048426278071883	0.24901863580773217	-0.05019185064657527	-0.12260307401677185	0.1276594574734305	0.08809269905762361	0.07268808496787997	0.062135487786503275	0.023915538959359627	-0.025118739972353754	0.09256349506405581	0.05145358268984055	-0.10785150070516782	-0.07440628733235058	0.06533700178524417	-0.05322523002720256	0.01788369486079028	0.03856602010060962	0.0021361360945984864	0.017522833907259255	-0.015517293885435155	-0.019271606336486814	0.06584081616389525	-0.03575220030711138	-0.0867252718862951	0.04666045324977276	0.06182803141161441	-0.049684656937824624	0.007935238504110199	0.018728446611212885	0.011031688742995116	0.004852900369557962	0.014169656703565741	-0.018678316886620812	0.017795361919333636	-0.008096158094801508	-0.006206369045226748	-0.0	0.0	0.0	0.0	0.0	0.0	0.0	0.0	0.0	0.0	0.0	0.0	0.0	0.0	0.0	0.0	0.0	0.0	0.0
ec1406	-0.0337140195429761	-0.17068517233863428	0.11631097078489858	0.061907849503576216	-0.025424354945448462	0.024393305397766848	-0.0033312014921195563	-0.05509365186785746	0.06476017337000448	0.07929618435664186	-0.059579618236428655	0.01630336127399787	0.007261316286400217	0.012629949213238597	-0.08884419725042511	0.017890983477235108	0.05810890695979286	-0.011476667289587473	-0.11935652409684455	0.003970253782324336	-0.012712560214371787	0.006159322426032992	0.024117486761867236	0.028707224758825523	-0.023962954764809707	0.042281902404125764	0.0003350525503046791	0.01916492336098868	0.005558691670672312	-0.03563431463002899	0.00029780067458110953	0.024593651903740563	0.03201499320205668	0.01066006367191252	0.00939387529339705	-0.04894243563379931	-0.014017877838757636	0.00911276270874366	-0.0	0.0	0.0	0.0	0.0	0.0	0.0	0.0	0.0	0.0	0.0	0.0	0.0	0.0	0.0	0.0	0.0	0.0	0.0
ec1408	0.3691619196025768	-0.004254460461889985	-0.026615610070632744	0.026896744220223076	0.04553617544368766	0.08200557155777036	-0.03797235414658879	-0.13785459566370484	0.007608463962068395	0.18356305256229585	0.03972365255018295	0.16662287467729475	0.014844612769255154	0.021075218886753417	0.026523296348960695	-0.20245854932229926	-0.09198686257082207	0.019096879423665766	-0.018096325192150594	0.07403060577344993	0.08156250501441141	0.0893585082856188	0.008641746635602217	0.00848621438834025	-0.004180832984785809	-0.0020275956699628526	-0.04261000214419161	0.020865563516838888	-0.005241248229286637	0.03277617803325022	0.005119933322892977	0.01659055540667806	-0.011313969089441402	0.0012904831054752115	-0.003795824699759897	-0.007751183627455823	0.002683672835755624	-0.0063351969391600114	-0.0	0.0	0.0	0.0	0.0	0.0	0.0	0.0	0.0	0.0	0.0	0.0	0.0	0.0	0.0	0.0	0.0	0.0	0.0
ec1409	0.4021306581163887	-0.1509715756847113	-0.10395088430132444	0.019757307373359196	0.030881221700794707	-0.08882979597167884	0.04407404957044128	0.0783659371583528	-0.03147992837294067	-0.027807730734064826	0.010998063370774252	-0.030534257248935485	-0.015929954227683542	-0.06035602100608154	0.0559445648357809	0.09346225094223697	0.027177283186276928	0.0009947107499402447	-0.005226474283622544	-0.004920709761483077	-0.00240170772545734	0.005448596619818053	-0.029595628492462167	0.04282294279468405	-0.025299365121139908	0.05702358613069883	-0.01974533690680605	0.029252552465233218	0.008013386354038466	0.02738663407468341	-0.004372660117175597	-0.029349724543557738	-0.005282878322873244	-0.017742086112577302	-0.04450814563114083	0.0051065050794396865	0.019497762836430847	-0.009215482755125258	-0.0	0.0	0.0	0.0	0.0	0.0	0.0	0.0	0.0	0.0	0.0	0.0	0.0	0.0	0.0	0.0	0.0	0.0	0.0
ec1411	0.29019337392764993	-0.15907885654456178	-0.01837688262739163	0.04000959406253	0.04704923437319757	-0.08490060778701491	-0.03320178126641662	-0.0032063004532572716	0.010501189075574126	-0.08096762431185851	-0.05078199341978188	-0.04764580347096031	0.009158374291261859	-0.03524536034092435	-0.04746235304901971	-0.010216862681766806	-0.013918949708604737	-0.00721545058887425	0.042080639750647776	-0.04552839201747096	0.0225476090736625	-0.00042628095448088297	0.02631114319832102	0.016322360741371243	0.023743609896709178	-0.011917234312352084	0.021741965575926975	-0.007563543951727743	-0.026910334265699838	-0.042440759751916676	-0.07145120619708592	-0.028398001428048446	0.02072099383489535	-0.004097952376917821	-0.0030199209334544103	0.022613031764658273	0.009735366074117052	0.02830207568167676	-0.0	0.0	0.0	0.0	0.0	0.0	0.0	0.0	0.0	0.0	0.0	0.0	0.0	0.0	0.0	0.0	0.0	0.0	0.0
ec1420	0.3601948286534342	-0.17133377314264325	-0.09227649729580163	0.045089046480634	0.04749686332028714	-0.09539856424381996	-0.04147683000089899	0.03908533526671508	0.01631919297085996	-0.07059602263129612	-0.005281701890398294	-0.050392347905767944	0.011385777905167567	-0.05377366200144596	0.00702425863930691	0.06613968371775272	-0.0163360407119329	-0.04201769462997575	0.04440492029751694	0.010696842176292133	-0.023347721324617484	0.03578410006628252	-0.008292401378347997	-0.04106689646477919	0.020625613791541007	-0.0128669543126639	0.06872498501052052	0.008529417930346036	-0.008480324925227177	0.019899127115153063	0.05420913666562481	-0.035367459673628074	-0.031966114702889105	0.0021474233217997235	-0.000542077725889449	-0.00792391172789988	-0.002199645473667696	-0.01932590134515769	-0.0	0.0	0.0	0.0	0.0	0.0	0.0	0.0	0.0	0.0	0.0	0.0	0.0	0.0	0.0	0.0	0.0	0.0	0.0
ec1422	0.37152248307586827	-0.09430359535450784	-0.044768674899458384	0.008188569723743593	0.034559890008231446	-0.02133825652830566	-0.02894288435794585	-0.07780002165456577	-0.015149818259434865	0.006785545530072248	0.052558648400884644	-0.06318415856194912	0.017485953034957317	-0.04583266509431033	0.01624129054080708	0.016870484995519176	-0.037017807742532174	-0.03788665144418435	0.021171673593599186	0.044804625213619186	0.028717352763957933	-0.0073524761374501495	0.04790391981348075	0.0620114463507572	-0.006539784839539435	0.022965773458214277	-0.04613439826175518	-0.03780230187112261	-0.04522500636937643	-0.014075182284216838	-0.011086442971719679	-0.024150989275332612	0.050719438141456574	-0.05485197536174918	0.03592073152124042	0.011101341208307967	-0.005212208726484199	0.0017182273152918652	-0.0	0.0	0.0	0.0	0.0	0.0	0.0	0.0	0.0	0.0	0.0	0.0	0.0	0.0	0.0	0.0	0.0	0.0	0.0
ec1424	-0.34117407069766714	0.07153828469469954	0.22294761696703025	0.12973184391917858	0.27215846528698623	-0.1914368017231032	0.015525134580917298	0.030548729286247554	-0.012812995476889156	0.0067169335671443476	-0.02094589059034643	-0.04500710166622433	0.10613832247901792	-0.037316764400566485	-0.04164481886567901	-0.01523119295954346	-0.008581088399926523	-0.02854789443274526	-0.07736726754156616	-0.020003209504186385	0.03367211740239093	0.011534308655163828	-0.035372852956704635	0.04114847686083716	-0.010426924588199346	0.04730601803038512	0.01103553129116432	-0.028101790622160335	0.01082911228144934	-0.03606049987526513	0.01766280866907131	-0.021727644550688967	-0.025215007718341606	0.0011164225992410415	0.007242601928904603	-0.020038320316735473	0.0032353131349540333	0.001617566200336855	-0.0	0.0	0.0	0.0	0.0	0.0	0.0	0.0	0.0	0.0	0.0	0.0	0.0	0.0	0.0	0.0	0.0	0.0	0.0
ec1425	0.03177309958669081	-0.0923974454335397	0.13668701419984694	-0.11207928284671605	-0.04127270654839448	0.07350789454947375	-0.00712827140329639	0.04961944070267827	0.01159506982023557	0.027445603750886574	-0.10501287077042792	0.06414624638959439	-0.021321895785654407	-0.02273063866124107	0.028190307981398318	0.04060828203902803	0.05606685865012958	-0.023609505180896283	-0.014078104847475539	-0.04333797701684447	-0.013101262349922429	0.053852637517489615	0.035383577799060505	-0.00015558443054315327	-0.0493756183108652	0.10954166326357213	0.013006196813070291	-0.05735589370192231	-0.02044157632474518	0.01876948189929701	0.020727713812698716	-0.022577102972856682	0.027665988337112847	-0.029383163488385437	0.005739909838570862	0.006821546969505606	0.013580636786437658	-0.010494612521031097	-0.0	0.0	0.0	0.0	0.0	0.0	0.0	0.0	0.0	0.0	0.0	0.0	0.0	0.0	0.0	0.0	0.0	0.0	0.0
ec1427	-0.19871481083094975	0.013060584125275075	-0.14833254820314723	0.04828137223552963	0.06337683772739901	0.021085622723666608	-0.11973734291628883	-0.18129860845778853	0.027683376427046272	-0.35658212683896096	-0.2431196957081335	0.11872063584188332	-0.05077160357014238	-0.05872075074414705	0.0391893822102387	0.009956895149752506	-0.14223237462236318	-0.04085524413792272	-0.07775313495482496	-0.027076983835796944	-0.0011177067975725048	-0.009398760608980566	0.04891187280706525	-0.08722760051355812	0.025006056626172883	-0.02071226718840667	-0.0377744744926662	-0.025153963588934434	0.015180829940870362	0.026182157780515778	0.0037131173758623765	0.011012074142672905	0.008557374597628243	0.021206595433653577	-0.012594462670318917	0.0058983826690686	0.0045854476855875445	0.002582717917917564	-0.0	0.0	0.0	0.0	0.0	0.0	0.0	0.0	0.0	0.0	0.0	0.0	0.0	0.0	0.0	0.0	0.0	0.0	0.0
ec1435	-0.13721216282897578	0.30282680361836894	-0.2000617192655771	0.21543711507326868	-0.30836659741530925	-0.4022114726724012	-0.1005196852647721	-0.04408034655714027	0.2735246334683242	0.10678355796306142	-0.00836601884552442	-0.028185792407633133	-0.0326547669642697	0.011524410602083009	0.020115609838774168	-0.06722924312471497	0.026845868784724614	-0.02545694484351757	0.0005464537204054229	0.018845744580174583	-0.00883899994096339	-0.06886328821821028	-0.036653991029504694	-0.0060597369156138005	-0.05347935215267197	0.0026436638491308968	0.007221303272431539	0.023343691442457522	0.018316543419519528	0.006309009705825231	-0.007083047162515452	-0.0014535448790341926	-0.0060319889233267235	-0.006729893292239429	0.0029125066769690347	0.0013168458046369685	0.006990477483200804	0.003019691670322331	-0.0	0.0	0.0	0.0	0.0	0.0	0.0	0.0	0.0	0.0	0.0	0.0	0.0	0.0	0.0	0.0	0.0	0.0	0.0
ec1437	0.217713188731822	0.047465069368472765	-0.014319556983930146	0.02185198724573551	0.02212110132903228	0.10411989914109746	0.06280002104699685	-0.16061560680767883	0.047122465171810686	-0.1158850471186079	-0.06831582957157853	0.20197240382768106	-0.16468561902284082	0.02734192946775249	-0.09292647630206552	0.10894602023623395	0.17643827728905787	0.05696163348717763	-0.01541698188954141	0.14146563608660492	0.01130401470024887	-0.06007346455903118	-0.058596552111051074	-0.010902265616716485	-0.07317609396232397	-0.026081090252843872	-0.016979168409236644	-0.023291266233244984	-0.031130643544774676	-0.01062760272037819	-0.029542300425759806	-0.023741232428405555	-0.03645792627618508	-0.011169646071876559	-0.0022739965548768137	-0.010056596691047985	-0.004661178306328597	-0.0008653991541199721	-0.0	0.0	0.0	0.0	0.0	0.0	0.0	0.0	0.0	0.0	0.0	0.0	0.0	0.0	0.0	0.0	0.0	0.0	0.0
ec1438	0.11795996635236948	0.2553522869706925	-0.1867914306085363	0.3398209813307306	0.04228686509054752	0.3664024988230765	-0.01900698295280328	0.2089543884603694	0.028627685919487215	0.021935911367144588	-0.037369336121328145	-0.04003356910955552	-0.006159323824878725	0.019658950982549817	-0.03414033295380806	-0.010253518184365998	0.013937020076244895	-0.03876735322638522	0.003648359447693066	-0.0326155604097082	-0.0012555348124125452	-0.01691281806692724	0.01685705776512545	0.0075805194829530595	-0.005418318888426953	-0.0013753641139126337	0.01665042456384291	-0.0010834810271230632	-0.008395720569351405	-0.011189050152137224	0.007757024595357302	0.011506161824939989	0.012636485054905222	0.00884049883135372	0.009625236096512883	-0.0002793432991844759	0.049625194438244424	0.0031715441170234887	-0.0	0.0	0.0	0.0	0.0	0.0	0.0	0.0	0.0	0.0	0.0	0.0	0.0	0.0	0.0	0.0	0.0	0.0	0.0
eti101	0.16156585823076586	-0.2807299580943248	0.08088119973283679	0.07698130505566926	0.038491820811819816	-0.04123994085316974	0.05358538685386846	0.07223622687247372	0.041779767903940994	-0.0014745065025747852	0.06719345622943307	-0.029483454203432242	0.007931545499460568	-0.0002839960045705442	0.011680428009660617	0.020079066716078488	-0.06682771272070623	0.01866599022514214	0.014325580155262321	0.02836510011674139	-0.02264815375198585	-0.0473634307431786	0.03663641662536338	0.006154011721225741	-0.015931527407214725	-0.028607312115772856	-0.015695818173692807	-0.02177197421415203	-0.002559552732497453	-0.051259623755535895	0.015509390367198046	-0.01680585174300154	0.015233237474211157	0.011030208967651408	-0.0010931758527203063	-0.011460637031309898	-0.002941789300788277	-0.010146776176189037	-0.0	0.0	0.0	0.0	0.0	0.0	0.0	0.0	0.0	0.0	0.0	0.0	0.0	0.0	0.0	0.0	0.0	0.0	0.0
eti102	-0.3391997858271872	-0.09492570552285441	0.15196594805521516	0.18833670914798523	-0.0932857528968328	0.01016564352083614	0.17687193221301079	-0.09776604969993977	-0.05512928650193469	-0.06935032353267599	0.20485201811452672	-0.023887780438839983	0.03441078804842035	0.07581141979613037	0.12319853725470152	-0.020252875273941963	0.0714105357326679	-0.06091875929410832	0.029337940262045097	-0.019708829834660803	0.016047669869553863	0.012092522353400912	0.06987872952793558	-0.04297769515139775	0.006147332106113842	0.0020409110667440767	0.007015628768302295	0.007336945918639747	-0.018103080812832493	-0.0028946540694991226	-0.010276274201616673	0.005099983141906394	0.008624487089162537	0.0234440745925594	-0.02852994968399383	-0.009601647990321361	0.001085705790909112	0.010840056940626982	-0.0	0.0	0.0	0.0	0.0	0.0	0.0	0.0	0.0	0.0	0.0	0.0	0.0	0.0	0.0	0.0	0.0	0.0	0.0
eti105	-0.39816066225863883	-0.15515599852369474	-0.09431262774907324	-0.0802479675251204	0.02080122049612767	0.001314952584023998	-0.17436651876090628	0.10255981520130755	0.00034550451093362674	-0.0035663363972012092	-0.08702705137516453	0.005065804087085967	-0.0968692335018874	0.0022716289850502483	0.1252153375488473	0.015273680763785007	0.09131575153752693	0.07739580298050898	0.14087772159014794	-0.016536666445808625	0.23107254722373324	0.04750824195130388	-0.05618863167487242	0.03201981868692455	-0.02623226592625885	0.004690146695034761	0.01740854612444981	-0.038371790968677995	0.034291466046325804	0.003687379439059492	0.011029865681799018	0.012195840974903303	0.019100413588420587	0.031047077491096763	0.005865433404562193	-0.008023156436223852	-0.0038753277865726733	0.0071492812562669135	-0.0	0.0	0.0	0.0	0.0	0.0	0.0	0.0	0.0	0.0	0.0	0.0	0.0	0.0	0.0	0.0	0.0	0.0	0.0
eti107	-0.4251667510496192	-0.1212408104469854	0.013128569942776516	-0.09799887909696421	0.12180552096089976	-0.005500809299261379	-0.11942302224082339	0.1412004550740502	0.04606592489262051	0.1222307999298745	0.07451449735622202	0.019509545508053207	-0.14425413054884445	0.08439368409028623	0.0769561862721727	0.08091466642013463	-0.08216573937650647	-0.027465010210660588	-0.002212115130739518	0.04360503976353136	-0.0428610091784226	-0.06871794388902246	0.017156816142897463	-0.04118615765463101	-0.015685122704915212	0.027997085248626794	0.03443987733433973	-0.0033236132298325276	-0.04291193502213492	0.028883525800676227	0.00598872963969853	-0.0046645785286156425	-0.006327514057634074	-0.02408359253404629	-0.009600368288913816	0.03591220701233804	-0.012018696548222369	0.011721252625744291	-0.0	0.0	0.0	0.0	0.0	0.0	0.0	0.0	0.0	0.0	0.0	0.0	0.0	0.0	0.0	0.0	0.0	0.0	0.0
eti109	0.0883713287421227	0.10443904594344404	0.015597674365760273	-0.054353218523336785	0.033638721243622424	0.17648117619047674	-0.13328935643460543	-0.3142100070774613	0.02260772957016606	0.05521546817032174	0.01343828407936966	-0.15580341053280194	0.0533148315121227	-0.04364044969616744	0.057074942109789924	0.033470202570417704	-0.011881041267532116	0.052703786003660893	0.04514844082837282	-0.06024249478477918	-0.03171366891278991	0.008057554008100161	-0.03475673437169769	-0.05226192718872072	-0.018985755357836327	-0.00929537280932217	0.06853106099989079	0.008581251434573165	-0.037232075491354114	0.050140992134177095	-0.0031602428209138974	-0.016104926538251126	-0.016119470199103314	0.002899589935421958	0.04104697937816919	-0.020579935067012476	0.0021964094438568535	0.016612303856410354	-0.0	0.0	0.0	0.0	0.0	0.0	0.0	0.0	0.0	0.0	0.0	0.0	0.0	0.0	0.0	0.0	0.0	0.0	0.0
eti111	-0.04555539497583622	-0.08710087006003463	0.17353347788203907	0.08910753680397938	-0.061458309537353505	0.04029355167699741	0.020264094499437134	-0.08375455022354751	0.04658136242006257	0.05104043093936054	-0.0006294722714631033	-0.06377604997738186	-0.006434419864716688	0.05356978669492078	-0.041005784006508034	0.017814807068358685	0.049054591779151155	-0.009780350986104625	-0.14779648409065393	0.0026807503129037185	-0.003965013004022796	-0.02627757522512479	-0.02495642454319064	0.07368258952566406	-0.01316424986870806	-0.005789852593420439	0.005188208391795293	-0.02954557992358567	-0.009113022401585538	0.010306900793641634	0.005078372783903167	0.0027675691934101986	-0.005938639617570825	0.07726218187975424	0.01662709738687651	0.05114289796241762	0.005694888515730599	0.0022176962386646197	-0.0	0.0	0.0	0.0	0.0	0.0	0.0	0.0	0.0	0.0	0.0	0.0	0.0	0.0	0.0	0.0	0.0	0.0	0.0
eti113	0.008708127700049147	0.3245200409584876	0.0639897872804679	-0.2173868845764502	-0.22274628155993503	0.05257720545894063	0.009635923314232964	0.09569138803088209	-0.13358465357275573	-0.16105067800553904	0.02148827195850635	-0.09552199443676451	0.07384850977214884	-0.029349418501606897	0.12379496398300947	-0.01059273385902564	0.009870495946411048	-0.03532250586476175	-0.12158156046491875	0.060962163338918005	0.07896117865385133	-0.06895569539555998	-0.002720366905485251	0.03459079217071478	-0.029735102358923942	0.03968877919918417	-0.04663675378713579	0.08018864618595933	-0.0052171103121688165	0.03886542085748428	0.0053277830911035206	-0.015165807467671943	0.025979983729764664	-0.002121765643964559	0.01379293927130489	-0.004202200600439565	-0.01073025497361805	0.0015616088241669234	-0.0	0.0	0.0	0.0	0.0	0.0	0.0	0.0	0.0	0.0	0.0	0.0	0.0	0.0	0.0	0.0	0.0	0.0	0.0
eti114	0.35329745924946665	-0.14206255594212283	-0.08010616668696131	0.02337588291062627	0.0490527254888753	-0.03823140759706082	-0.05720752427256351	-0.05652241616290505	-0.0031489933378147073	-0.016113853079402045	0.051801734263123435	-0.08880933230860821	0.029191781296410636	-0.036021290689181966	0.022698493122326174	0.014780750547858074	-0.03147651616604063	-0.04512610741208937	0.008514625248284986	0.0616095209918045	-0.018359488786014	-0.033731676061454316	0.012656072641266449	0.014618944685267459	0.0013056573683793108	0.04213322828483502	-0.03293498394515761	-0.0199565458381342	0.052067072543632735	-0.01830244062721809	0.036864307800639054	-0.0042158547738640525	-0.03256022097907692	0.03195483628711114	-0.02146834087498021	0.007374050491748849	-0.0067640539134514776	0.01842229566436909	-0.0	0.0	0.0	0.0	0.0	0.0	0.0	0.0	0.0	0.0	0.0	0.0	0.0	0.0	0.0	0.0	0.0	0.0	0.0
eti116	0.09756447119907986	0.2736291573952934	0.1769722312490218	-0.20739400940793237	0.021895988518400526	0.06916291403430296	-0.006634475381357057	0.06297642027390282	-0.02269060538030938	-0.014916632141344333	0.006946331479695672	-0.0008144532942717999	-0.0114144069653968	-0.04273811975881368	0.06787852067370624	0.02750697085453973	0.022445472717407784	-0.0467572004963353	-0.09403716496001992	-0.0672313231632659	0.015118497296848965	-0.07585006371415061	-0.07724478809801005	-0.024975414905407355	0.04276021670079431	-0.08110965406851404	0.046296642511107926	-0.03037585372798474	0.060351834903689554	-0.037365972474235176	0.025925701640543825	0.00217990220535233	-1.872586828166919e-05	-0.04025174108971817	0.0031853041105794036	-0.010545757334018292	0.010757299252108226	-0.0002623070240866985	-0.0	0.0	0.0	0.0	0.0	0.0	0.0	0.0	0.0	0.0	0.0	0.0	0.0	0.0	0.0	0.0	0.0	0.0	0.0
eti117	0.02614752518959911	-0.16037604272306952	0.22583974235866205	0.18757371146834942	-0.06563695642947724	0.034186375047885104	0.07627160642684587	-0.056364239968871924	0.01666737760829597	-0.014954671431743912	0.05216689039801585	0.02298180486070992	0.023381892153246674	0.0939771555403115	-0.0029759379269995124	-0.015526629225767394	0.0585000776883917	-0.046027877993830436	0.016743105799893968	-0.019671603299950942	0.019194061313409637	0.06419243994915076	0.014684705838330318	-0.05774206050065418	0.015274904260176672	0.005088457111795985	0.04532688276479659	0.04243861525094015	0.008767370668212962	0.05747460942872223	-0.0024404752426966524	-0.037206453187623785	-0.011923629804129133	-0.017088691745112957	-0.00802557944002653	-0.015646230704453725	0.003722488248247263	0.00044859727036838416	-0.0	0.0	0.0	0.0	0.0	0.0	0.0	0.0	0.0	0.0	0.0	0.0	0.0	0.0	0.0	0.0	0.0	0.0	0.0
eti118	0.17631909762112435	-0.02357273164770767	0.04914797423887754	-0.11366782944869708	-0.10194936415883254	0.01443287995606817	-0.02728943934489394	0.03473299835041864	0.08043553149613532	-0.022309688685078096	-0.04899638351326759	0.06563909625742441	0.08622546975403322	-0.06286186539390252	0.029226713025620358	-0.0012020487044061643	0.03818132720763358	-0.01735125945590306	-0.051596482482411235	-0.03773565172069742	0.08299435233389169	0.009224231833904457	0.12535729169741028	-0.012298954378043559	0.026413018253170533	0.045568142763046715	0.06751342367752514	0.004791231058754544	-0.05434051068516052	-0.04849749493395678	0.014413381122437426	0.07137996893781369	-0.061120954673222865	-0.014223531664929366	-0.007972000417247112	0.003524502972313582	-0.006354079801602921	-0.0009882643794853266	-0.0	0.0	0.0	0.0	0.0	0.0	0.0	0.0	0.0	0.0	0.0	0.0	0.0	0.0	0.0	0.0	0.0	0.0	0.0
eti121	0.07881128582445474	0.28403559350784335	-0.20859380171347894	0.36125445047089655	0.0446576861125879	0.35323839531878537	-0.007871352474950558	0.23822607596423664	0.022382741930842564	0.006999938081909839	-0.03446749024459784	-0.05234434644330972	-0.01649512330920659	0.013781394973481685	-0.00519127741733464	-0.026585442484074465	-0.011553188824630498	-0.022562683441834014	0.021741525914680204	-0.005595920454447728	0.0024446688706578805	-0.011999004717604794	0.007051927263904058	-0.01658155688376179	-0.0034701367259316095	0.014128914808396922	-0.015452658315954142	-0.007417066196094432	0.0050562515390396735	-0.0023641289823139395	-0.012782705054700068	-0.010091427557106052	-0.01260113746640421	-0.008104878116709714	-0.003178252478960306	-0.0008338402646540224	-0.04852061378396853	-0.0033973275285381836	-0.0	0.0	0.0	0.0	0.0	0.0	0.0	0.0	0.0	0.0	0.0	0.0	0.0	0.0	0.0	0.0	0.0	0.0	0.0
eti123	0.34036073342773016	0.021167966021648936	0.07180802237358176	-0.08290896401381737	-0.14044594467595212	-0.05234913231896521	-0.008195391303054418	0.087895149673168	-0.06065856427767854	-0.044660778153860485	0.005336969729074765	-0.04398013861065317	0.03425816199816839	0.034234460179064646	-0.04681795484206803	-0.019766975571981506	-0.03571344120194556	0.009114692877533295	0.030959720628743102	0.032859543583705214	-0.001716131406675228	-0.05908941168149422	0.016035819742033854	-0.021628114780414067	-0.02193877895831286	-0.031997415826738256	0.005865580452406552	0.01129253700658059	0.022192520651508018	0.014648068796614799	-0.03137346912012147	0.003251189396435294	-0.027244869185095267	-0.02069550105614026	-0.013089299533837927	-0.01769024268901324	0.0025188836748524035	0.026713814554635573	-0.0	0.0	0.0	0.0	0.0	0.0	0.0	0.0	0.0	0.0	0.0	0.0	0.0	0.0	0.0	0.0	0.0	0.0	0.0
eti125	-0.099531490760634	0.35397277905908736	0.13613080426449808	0.040634098768671384	0.42370676526667034	-0.20176903386932749	0.0038836286387577764	0.04334133234223428	-0.013290047808502311	-0.056838491591525556	0.0008305976522748878	0.013313609394834865	0.07044192276112003	0.022081028910082467	-0.027799703335711776	-0.018964305159888135	0.0438120755375215	0.06325192297571988	0.026833260284815107	0.019008775653140433	0.0021608101531574104	-0.009625405360220638	0.014253096311520067	-0.013401765398373724	-0.027104988259086377	-0.013062365330790368	0.02457349638021044	0.028005464584782473	-0.025087422846835697	0.005865104246149468	-0.03180051178573098	0.029610586805189004	0.04771449030696301	-0.003469988447379316	-0.03022875579444365	-0.004561308526928483	0.007490809179773597	-0.003070057972022327	-0.0	0.0	0.0	0.0	0.0	0.0	0.0	0.0	0.0	0.0	0.0	0.0	0.0	0.0	0.0	0.0	0.0	0.0	0.0
eti133	-0.14213058976275939	-0.06022774529521521	0.07627463975759152	-0.10495246458000937	0.004710573864508192	0.13787278016278823	-0.10483665101443357	-0.006860607444456931	0.007041560196829389	0.03306232650204203	0.0073133579293489055	-0.0705507093859267	-0.03297786950262222	0.08672352689595204	-0.03496872986918165	0.01307594675222801	0.08719799069139776	0.027555395832157045	0.037745452176983954	0.020955035720667727	-0.049276825280459	0.008692161905738365	0.04621380823602095	0.05946158880531414	0.04360933766542595	-0.048811411704135624	-0.11460163210833096	0.006536139251819133	0.010871460974527172	0.020729372591423413	0.07176351439542754	0.012674389042382186	-0.021318801091606696	-0.02112510597517698	-0.018580694678216474	-0.008022671161710591	0.0200160752236664	0.010595542627112917	-0.0	0.0	0.0	0.0	0.0	0.0	0.0	0.0	0.0	0.0	0.0	0.0	0.0	0.0	0.0	0.0	0.0	0.0	0.0
eti134	-0.28219630855451683	0.014646027713343572	0.05390521636795988	-0.1845956400524937	-0.10073475745371498	0.07750546681288058	-0.06150951000853065	0.06466059984708361	-0.031942497772522026	-0.10232576711731423	-0.04428398321069302	-0.1439513908359863	0.07233024244855464	0.04027244284159208	0.020917786330904978	-0.11350607564179777	0.0422954081519904	0.022495241228847062	0.022969360598290037	0.12727621498182373	-0.10595200302279792	0.13343330278507257	0.01509670613342649	-0.087804285434633	-0.10410221487361045	-0.003314136400533862	0.0024980699473177827	-0.020772129487035596	0.003324645031932448	-0.06870428212234272	-0.0016012778484215582	-0.009009036991747954	-0.007109604279239041	0.004998033069801855	0.003595545797340103	0.01288013445887779	0.001958250437070101	-0.0025681110140271957	-0.0	0.0	0.0	0.0	0.0	0.0	0.0	0.0	0.0	0.0	0.0	0.0	0.0	0.0	0.0	0.0	0.0	0.0	0.0
eti135	0.18863699028228764	-0.1480095416399174	-0.09544393855055978	-0.14114944651729192	0.029676636274409425	0.026304699199218393	-0.10120742320677502	0.04296009753220639	0.03167706673583105	-0.04836643137145695	0.06757443084909705	-0.03944602471386623	-0.011471824195836719	0.12897537425598501	-0.05238781559119074	-0.01132013980099652	0.043717152717344054	0.06428683720927308	-0.009570089115250991	0.03835668750296663	0.001789634092986609	-0.013462945606354701	0.04713553796953551	-0.008309404739522696	0.08676966198528611	-0.022518142454863	0.015033801518743582	0.006203493517795171	0.024074654868646208	0.0019874277304319557	-0.03616619534441548	0.04002873738741835	0.025217423487768714	-0.01364775363939894	-0.002036210777868212	0.0031687491710920314	-0.002440161565673658	-0.005666268428739401	-0.0	0.0	0.0	0.0	0.0	0.0	0.0	0.0	0.0	0.0	0.0	0.0	0.0	0.0	0.0	0.0	0.0	0.0	0.0

Biplot	0	0

Site constraints	0	0
