Eigvals	38
0.6882736565592597	0.4044899175009579	0.33821744559381833	0.2872501563375037	0.2628124728841384	0.2340385029960005	0.22824382943563848	0.2119890914542013	0.2091431595169401	0.20577735164628452	0.1944532246646136	0.1860038678560385	0.17814088632697167	0.174756626882542	0.16587455768348972	0.1635243729301981	0.15847842583682117	0.14770003098836068	0.14435815112360453	0.14068710453512212	0.13462438368513924	0.13186575409588572	0.1304680154462363	0.12212064037574132	0.11858551018017383	0.11443482064434242	0.11024504097912949	0.1019990371435545	0.0980904978050345	0.09495071522716614	0.0922747815020462	0.0905408271933836	0.0854425205762403	0.08374741074211307	0.07509421719741406	0.07278285535043716	0.0688964627960382	0.0

Proportion explained	38
0.10670286848709794	0.06270795643585082	0.052433754035640906	0.04453230973244436	0.04074374264317169	0.03628292230584509	0.03538457571805332	0.03286460832921545	0.0324234043134423	0.0319016040801299	0.030146027906988376	0.028836126533088664	0.027617130751371916	0.0270924699758449	0.025715485323580815	0.0253511368522119	0.024568865114849403	0.022897893638523154	0.02237980295713434	0.021810681652537203	0.020870779769958013	0.020443110212273307	0.020226419188446455	0.018932328014287417	0.018384277789282286	0.017740797575486744	0.017091257230092687	0.0158128816095437	0.015206941871707983	0.01472018227501038	0.014305333033534175	0.01403651859207381	0.013246129572689475	0.012983337179026954	0.011641835054117533	0.011283505286831376	0.01068099895861545	0.0

Species	0	0

Site	38	38
ec1058	-0.03184821327431256	0.043413693936279606	0.06147614927902348	-0.013709709841122363	-0.07555880631768971	-0.053485139635603626	0.0288773365003779	-0.012752800984078789	-0.014965585434410473	0.09604212180767613	0.04926927216964436	-0.03386882190015277	0.16791624779238262	0.086513338101771	0.03807377827556159	0.031146962542965888	-0.07579818612801546	0.021053238868323058	0.08162135374560289	0.03179758257698305	-0.10033924900300495	-0.03722925892843611	0.1401652405683132	-0.09532601134605405	-0.02132789337985445	0.04036693752463124	0.003693297976225566	0.06921404174412585	0.01199056434838089	-0.04948382681698519	-0.05319174027190893	0.07918591593180416	-0.03343871131549654	0.02025048137338621	-0.03429912113551615	0.013836521468101699	-0.019522053230358372	-0.0
ec1063	0.19746142657125462	-0.01989367168680449	0.027369669968154178	0.04203168653659567	0.12795841554187154	-0.06740642735064115	0.0756538817260895	-0.05530423542466679	-0.008016345319668853	-0.1503812126941887	-0.025593963196148237	0.01090210329812279	0.0485900653079916	-0.05853093099309135	-0.028821593519259704	0.1199422751373813	-0.005360771694900449	-0.06968919859394027	0.03858801495473987	0.05578323996407212	-0.033054797352113	0.1305635596900609	0.07082694176977268	-0.047434462429895304	0.08182858345511544	0.01357794212258751	0.0044694054987304555	0.03218020868461642	0.08407365015472926	0.097629134833063	0.03562335949488062	-0.0205780095800154	0.018405526424985556	-0.03823143628140601	0.017755736488368045	0.007714006598358584	0.008053440694929444	-0.0
ec1065	-0.11763300274994987	-0.06005382062675569	-0.13839489977481884	0.013437370364705171	-0.004475545219290925	-0.1267923043501778	-0.1315972351012889	0.05703491510655593	0.02448564598605598	-0.06352926164125253	-0.10094526583126492	-0.11434876199801278	-0.00039565826657312855	0.0006508844525588448	0.031000643636509267	0.10252845145041642	-0.11051694067315081	0.07795253813299671	0.08698136989244394	0.061158566497847885	0.08084040865492553	-0.02068159158425801	0.03949686533250265	0.024876251004514297	0.02960982903799916	-0.024410353267953284	-0.00791098033064052	-0.0032373405238983466	-0.08061320070905305	-0.06631101405315416	0.060602713064749715	-0.040340319290307916	0.006266931201982636	-0.009267443706020688	0.06604462290260084	-0.010001108477959418	-0.010453582475717252	-0.0
ec1073	-0.11675274710304474	-0.03978682145743648	0.11298061435742297	0.10353430538769261	-0.13313005239293035	0.06601357237293656	0.009850247422800208	-0.1279283051081466	0.04298014861306804	0.08872066879768917	-0.03672660151321049	-0.03941636349003524	0.0495842713976561	-0.08299694652668849	0.0921839813999293	-0.0012736432231292099	0.011451360360796466	0.01092449273169025	-0.07603160712711521	-0.023126653422713393	0.17537767136619514	0.0546088047764995	0.06598252087648644	-0.014929568487883856	0.03955277270237455	-0.02121653680379813	-0.0948275178665295	0.0003269313809712689	-0.014964672870472444	0.03896091530528856	0.04145459158831841	0.02853599867379316	0.02653840503672939	0.018696727216779778	-0.04780262738638816	0.035986161838712984	0.022596817319190866	-0.0
ec1075	0.014599370527114639	-0.0071965215023491805	0.08689497809196496	0.04954769918662256	-0.049537885166288674	-0.010183841625937742	0.0080823045813497	0.10778272796296431	0.08481681772385333	0.08619020293483338	0.014867859971891093	-0.03416655277436119	0.0076763961097026795	-0.001157564929388982	-0.01763354878375952	0.15052897068960758	-0.05476638466094233	-0.020357655348794614	-0.05332884983835372	-0.03150182542078374	-0.115205059837964	-0.012596070339964594	-0.06730294009311333	0.10702561836270216	0.0010150904740126444	-0.02506742306567646	-0.022554736190523898	-0.08559596679255906	-0.009000212128378317	0.04756532706537745	0.037051217460529674	0.10584800326849396	-0.0368593465047674	-0.04681672983340271	0.029119264128375344	0.03751563235141098	0.06645793578859847	-0.0
ec1078	-0.06702878085827965	0.09832516487925794	0.049573813812774134	-0.2231061934230321	0.020347744645587612	-0.007687027281846054	0.08786813770419909	0.02004303937856516	-0.02511589826985284	-0.028992325767227444	0.000541166462557544	-0.017468494943276573	0.049159306167217545	-0.03764634079463943	-0.17272779785209982	-0.01758398019587178	-0.006284977254686793	-0.08367253793817668	0.0170597920887186	0.0185378757213419	0.08226799326300502	0.033854207760357746	-0.029645109884272117	-0.0012906538632651218	0.0701138042992918	-0.07146731598355381	0.01813098560428571	-0.000546345852303757	-0.08961534737152546	-0.02974320070802921	-0.048074222916249486	0.019633400059942435	-0.05902025444828934	0.07154839455154259	0.004335719488350964	0.07119934194900343	0.03082870569714387	-0.0
ec1081	-0.09621796340038459	-0.10034873308997035	-0.2544192721134879	0.11025287509239151	0.02247462926226568	-0.15666644030824278	0.10145837188304989	-0.0014535213415561143	0.007591746752461363	0.0389389399042153	-0.07966878531258798	-0.02558518455657226	0.09914757027474329	0.029076134907471476	-0.04948728213337661	-0.0887195227556532	0.030778923947221024	-0.025222195233303327	-0.10394204407364106	0.027211718816286982	0.03709555775934249	0.005146259207537257	-0.05006707942478585	0.09519904970875898	-0.017066077805092242	0.028516431800152595	0.044017025599565926	0.07579929671441617	0.07037429426945904	-0.008690526346013883	-0.028464468979045168	0.05635219022639673	0.014830247177598552	0.013024270159054094	0.0004947451575308037	-0.004794445206617409	0.01901599560876551	-0.0
ec1082	0.11541441223696781	0.0026222010146498124	0.14478045326112157	0.03540162767814397	-0.013658075028263616	-0.0032171198481673103	0.02218616757052742	0.014031668307152096	-0.005717791144309205	0.10345898377859275	-0.03421213960889435	-0.014705790817815121	0.0253854473129672	-0.06757524924349	-0.024350463244873784	-0.0529778643763903	-0.0675542540518355	0.021088570437787637	0.13974947845059527	-0.05044758804063422	0.051640699360684494	-0.03837078861957401	-0.11647488135364699	-0.00014932381312643075	-0.0702169724076101	0.05740156242442811	0.0017545704449049221	0.0755071371830009	0.0886057346576334	-0.0038581695496125753	0.03318729702215839	-0.10461618411371228	-0.04840143609903936	-0.016073212868655488	0.03422575769685309	0.04597853200471551	0.052299632858463334	-0.0
ec1083	-0.11760450198572656	-0.3273858103125286	-0.13124974433792086	-0.07378179573774488	-0.1002668207616633	0.04820590539732955	-0.03910628884828919	0.05687604610557284	-0.10669119426010003	-0.04719064960788391	0.03426693516493245	0.039397767907432636	-0.07331418077568536	-0.0388596740425438	-0.0035732349795677214	-0.06051780566512809	-0.0667585071818727	-0.00558703584530904	0.059156119545829444	-0.10750379549703422	-0.013108968864498253	0.0404863850871421	0.042800463978481	-0.009352041634382675	-0.005908245307786783	-0.05766921548934786	-0.007969041399047501	-0.0035171047794291246	0.05436732494763863	0.06724811140302371	0.0037080740827364627	0.04031470987016703	-0.09031461168486218	-0.0004717252889852192	-0.013880460476967515	0.005441517270699937	-0.037234123573088876	-0.0
ec1084	-0.16681468023962454	0.08460362135711616	0.09582962036496569	0.04909462243176498	0.07334868005012352	0.04293038219925149	-0.0005200242022990395	-0.09984083688829203	-0.06803395639787897	-0.12219132266978223	-0.02417961780042623	0.03567440461380775	-0.09848375935215328	0.078495867381971	0.005391766824814193	0.04715721721342879	0.003979912171416765	-0.019222832025117095	-0.029691364877140632	-0.09488018256741737	-0.0382797892202015	-0.048979210448780584	0.0624595938175212	0.0836956534322077	-0.009931203956010524	-0.047341367560070825	-0.013912860853258829	0.11741207138052537	0.01275562190082824	-0.06840865293651745	0.04636934523715085	0.002847427249972951	-0.03808350326037376	0.0373440866733253	-0.014096675004212432	-0.0484901048158647	0.08600123671439144	-0.0
ec1085	0.0923134639643649	0.035362477544017626	-0.03515875736639169	-0.0571868799515313	-0.0768600863340142	0.08124887939784886	-0.174301349464461	-0.010656291654326354	-0.06250256820908112	0.03496396445515669	-0.004989115538624498	-0.07506335968129639	-0.021172611731220287	-0.045668273922426866	0.025065853943047237	-0.07613984416345891	0.07685562637858617	0.0926012822424875	-0.07490272962763898	0.037936696631499886	-0.108113251711437	0.06123682128083493	0.06135063532535171	0.045015727352077206	0.05816401492970158	0.0454255738739707	0.06071130889454148	0.05694231916138625	-0.02248021860160411	0.03742411380276921	-0.04384090718950542	-0.04299941003849489	0.007454912336933772	0.01619039773391048	0.06663712277106404	0.06361601763552452	0.06073192637170804	-0.0
ec1086	0.12374349520602511	0.019847807792494118	-0.00967875052975624	-0.14890861735219518	-0.01634000977511771	-0.002905790857689711	0.08666661862406629	-0.0846141053608102	0.017751637444357694	0.000692307337975168	-0.11391332801459977	-0.006507478730393118	0.03388866165264936	-0.1210069421008055	0.003455783719683239	-0.08659615298874489	-0.006044228685116121	-0.029593382702403137	0.016540887947232557	-0.07301699827214594	-0.08606392144816208	0.03735326854432459	0.0754248641698743	0.05503449209117601	-0.11471163575523298	-0.04972766181111488	-0.028193563644251296	-0.05586093042319156	-0.016384062094930665	-0.0875304704510252	0.026947416149683063	0.006185995891831503	0.08913787603185508	-0.0627021394526345	0.027168704940828667	-0.01056088998220939	-0.022382380805574798	-0.0
ec1089	0.008415106166196507	0.028241516165389967	0.1572912107682085	-0.05218703556861707	-0.014595146616228969	-0.055725422074027864	-0.04721267071025138	-0.053551843004909484	-0.052392865289036354	0.05041222535777529	-0.12257994704271903	-0.10887907997253081	-0.025455857616063383	0.06332001922530542	-0.12243836202958885	-0.0383759818017188	0.07672335591723174	0.08093012360698937	-0.04055704839920331	-0.03582082293820527	-0.01847612956205644	0.025165743790741827	-0.0637335586186799	-0.06680647683861643	0.05340404180307217	0.03351157941333701	0.01931310975099563	-0.010792634153061188	0.010172840088900405	0.016663454839409765	0.0855157022334655	0.05345915857561974	-0.041370105312565165	-0.019246201516333276	-0.001955164067246808	-0.0898707838055148	-0.08025212350281569	-0.0
ec1091	0.14508446466011513	-0.13710430399209975	0.02997496199770496	0.04228621139606142	-0.013448860083981135	0.09186845379686338	-0.06452292037286332	-0.07927971321490526	0.11493636408282937	-0.1037547415013286	0.055873951613450046	0.00291735251969802	-0.041214239244337106	-0.02334177075373658	0.03706629908502809	-0.04235523732065018	0.015346575290211998	-0.06584351478620261	0.04288458320505268	0.1291077272185942	-0.019517445704862264	0.04769426506616384	-0.10723692457040507	-0.012296358879774632	-0.08496113250782579	0.042143209879138964	0.0032112439204191713	0.07191290490535839	-0.07554435969997719	-0.038450869596611634	0.04304406914582688	0.10193174877002978	-0.016798186480774354	0.04154990623275293	0.009153704555918907	0.0001682059339822198	-0.02242309676331978	-0.0
ec1092	-0.22987031403224079	0.035579755419136674	0.06074355360094233	0.004929351146524126	0.13285670654996537	0.07763496758345519	0.03268582578885788	-0.008841636293281947	-0.013851978918175885	0.018118151943015005	0.06912094174097998	-0.07498958539870658	0.014255916538182312	-0.010474176279526752	0.05077935484119677	-0.020760975875367176	-0.06376136381634484	0.036350108278523814	-0.012330939304971722	0.06950450048432731	-0.02980532468900397	0.020942863718128403	-0.01485893990822649	0.07782464909099399	-0.015869778419166147	-0.051494423134713016	0.14870360612057884	-0.026711212405878423	0.021951442136294984	0.008014510503969185	0.06815188008377725	-0.04824495004505149	0.014694974967561954	-0.007342173700957993	-0.10391680542114282	0.05378976628160875	-0.07194503494870377	-0.0
ec1094	0.0953452939875034	0.10763273346438432	-0.15440086087306648	0.054203058173398516	0.06509497176866177	0.07207596433082984	-0.14045973911441825	-0.05485862046456458	0.11763472839948377	0.00030418027662582894	-0.05789770129353511	-0.02134404241038422	0.03805257771676471	-0.035838866131580056	-0.02706951488313203	0.036497239039249105	-0.046191051087420186	-0.07055664287244924	-0.05033077007277306	-0.139380645062559	-0.004579572506197127	-0.10780627789599134	-0.02467048100276532	-0.1279909663525747	-0.021604841623487005	-0.06591298862203679	0.08229692955139387	0.025037706092390543	-0.013585137127113104	0.057610342017479214	-0.015759642599201804	0.0036316989531625845	0.022466282573178446	0.015998289726008103	-0.006569665727429877	0.0193834929612	-0.017635771780766668	-0.0
ec1098	0.06388843988555615	-0.013385673527946337	0.1310004979851201	0.11117152459405169	0.0368581304467719	-0.031346306343958776	0.03094483604968978	0.19302714714952848	-0.008860561992013462	-0.011032524382542258	-0.06173258891905266	-0.09337482457910432	-0.029073401734263267	-0.018377153694591357	0.1212545754428691	-0.04172001513097018	-0.017638182717338337	-0.06858862751701314	0.033215971781055016	-0.09335784292053939	-0.018718629051173177	0.09228049503189222	-0.029762467551766564	0.004115178940554109	0.037243018512963126	0.004666317762922971	0.024600860793753825	-0.002459958715436567	-0.047585286827101836	-0.007834825188756776	-0.09989013707305212	-0.01311908563008746	0.04557956592657659	0.07958892773963948	-0.029592785396333577	-0.07139383746522515	-0.005626099387293801	-0.0
ec1100	-0.11298532682022354	0.07693568215685273	0.0430540478157558	0.016007314424828847	0.05364742063707481	-0.038716069623688794	0.03821945477093252	-0.011491874553501036	-0.025973914457205937	-0.158385821368207	0.027285780001763158	-0.05647116910344846	-0.09784626479994385	0.04134996453109877	3.6284333980617894e-05	-0.11472295713325799	-0.09334848485913937	0.03830578813777516	-0.014626178838478826	-0.027741790577832215	0.04391288296826557	-0.049372083324221085	-0.0018662027445061882	-0.04928767009638738	-0.003950707614691001	0.11854125512036713	-0.016349680933269158	-0.03755113860704748	-0.03135800983913842	0.032471372650728206	-0.06086867654166122	0.06378157451848715	0.038103839981737095	-0.11747694542856033	-0.009351577322393155	0.06030901091702839	0.03394191788828899	-0.0
ec1102	0.22462806649594333	-0.1411829951996473	0.05517027671850695	-0.14151928877122882	0.12443977966408369	-0.031995313756385826	0.0076734881188776785	-0.01880636196151562	0.08771277809870578	0.0619846778211347	-0.03951511175722374	0.10830806478927707	-0.053589132612272064	0.09931111479454119	0.02348722047563772	0.06338677147777311	0.06260435979291366	0.14594683187887744	0.06260225028557904	-0.029828763129875983	0.09419476104421332	-0.013905857992493262	0.038563741324255295	0.056391016318782655	-0.03168156027594319	-0.010707089717779927	0.06606741226247795	0.006473634830825026	-0.013946605803543427	0.04967193117401381	-0.0516591384222924	0.04727823332877473	0.0444142648294744	0.018310567083249508	-0.0269871727973526	0.010871199785689751	0.0154314699650292	-0.0
ec1105	0.08027348084141678	-0.01714407225365124	-0.14768134055072554	-0.09139804024286029	0.07391606238029232	-0.04263453370255748	0.047180459181280936	-0.05024761507185695	-0.023733655317272197	0.049585983100569456	0.05322561413684438	-0.16188188569796072	-0.118729484102697	0.08716031975143684	0.050278284933883595	0.06260407832609635	0.034055166090840146	0.008037009356024501	-0.03998049735570912	0.005834346892902382	-0.03143549301230486	0.045575084297438374	-0.0516628540970463	-0.09209719095729146	-0.05960480985653051	-0.013628929224415222	-0.10579967526907427	-0.053514893675563384	0.06369542552411611	-0.041974739450301016	0.0017326843946597716	-0.03967179286468129	0.0006614360283829325	0.06914099625786231	-0.03183897474173556	0.04832207248877392	0.03175136442876286	-0.0
ec1108	0.01668371402673147	0.1508197938467074	0.03151497961975517	-0.011130165767395502	-0.08706454048524105	-0.030615668535973344	0.07508897095399848	0.061164226540636975	-0.09906766744177586	-0.016821218363116005	0.05692889829285562	0.0037980619171281726	-0.0037385823126994764	0.11895182868396882	0.06611988261668027	-0.015599557784117738	0.029630297952012115	-0.07082989063057277	-0.025243452492711354	0.013197598137174915	0.06641189164082072	-0.02670122005216301	0.04295344370054002	0.008855148333366557	-0.11619437772386962	-0.021607976595227105	0.031207822038278328	-0.006529695008887585	-0.016012385153687823	0.10919565246811681	0.06341302918170601	-0.005128150100162364	0.020791273756952597	0.0487489170914749	0.12285307351685325	0.005244500307635168	-0.04723751777880869	-0.0
ec1109	0.06572820481633246	0.12110833534175647	0.018806806397081512	-0.06938283458493295	-0.05898531781756881	0.05041955686897202	-0.11400573714081763	0.1415479438873134	-0.0016924528579539983	-0.08368484913398619	-0.16642245208947487	0.07083896986890748	0.04104195997165816	0.09183825431373868	0.0674154147810279	-0.009175399730673179	0.05744652839339419	-0.039819775054360955	-0.02483690189687269	0.08088262316319436	0.015736412112131008	-0.008494008179496852	-0.037769400724355	0.0179426001444516	-0.011248348872184653	-0.06281642653545383	-0.0854218109482898	0.029715112881095906	0.06528731328934978	-0.011993160616873173	-0.03127975805525383	-0.012189060510835445	-0.028158683269931532	-0.07119511055385001	-0.07011646902020867	0.04595656973271175	-0.03570696881699129	-0.0
ec1110	0.1643681132741087	-0.09882239566481266	0.016060604089352355	-0.0834507320618646	0.05477146561133282	-0.020729826884652396	0.049010767285368774	0.051022263953170374	-0.07211776873272653	-0.05205193455833525	0.007804266560152175	-0.004458975570506035	0.04129598554766425	-0.1427851757850631	0.1241080999817509	0.017755155320859223	0.0863829289259924	-0.028991918171469254	-0.07435147255765724	0.02254595465441771	0.025795717091733648	-0.18455789640276418	0.026911722710850038	-0.014497569776175764	0.04719280842066106	0.07964400961826702	0.036894019507488815	-0.056776052084866836	0.008023928504903691	-0.04243020143997355	0.04043373393121292	0.0053184450939208995	-0.06934396606265257	0.01846931549378962	-0.01385252863257319	-0.017612284434278917	0.010391873374539414	-0.0
ec1113	-0.26218872677563837	0.022637851776135573	0.0995390942783932	-0.026618189658212353	0.08086171890906858	-0.022233961595152854	-0.12114191219049457	-0.08766734917481768	0.04306943375129891	0.04524866959674629	0.05536147216277251	0.0260894868167036	-0.01577240264178536	-0.04272060474176037	0.05820652769107984	0.0025486334878854155	0.025747448245834383	-0.04689474147170163	0.00654576775075806	0.05430687463239399	0.04573054192078383	0.021787772788724617	-0.01589810075860125	-0.018301044454905078	-0.002670394451484276	-0.05226786769292901	0.03363515981789878	-0.0690271212823956	0.11726125294211893	-0.04477761605294982	-0.11080242493698617	0.029130587175190546	-0.023037060634170037	-0.027325400782634447	0.10257104161967301	-0.05306442485490409	-0.00024317944943002856	-0.0
ec1114	0.031136709464902716	0.04768308229992532	-0.04497971983988513	0.21136065235413695	0.01938368587953242	0.055596669953713	0.04775338195607402	-0.005088548303544547	0.001203564115879504	0.04379644723562991	0.0008633796061258286	-0.008087405474850495	-0.1043967437992651	-0.02861786217747341	-0.08451459086349636	0.0770207404731122	0.12622692922324796	-0.02100677373597499	0.050968383690281116	-0.042590189009872007	0.014709561759419015	-0.010361111944294815	0.07015836171274183	0.059063972020262284	0.003095448468491389	0.05590156959365575	-0.020941582262370955	-0.009268031231000885	-0.018146667865815525	-0.058564515090585696	-0.0586944467362729	-0.01025271133566864	-0.05255115309608614	-0.019347221098220183	0.021212641183962263	0.07501773368239673	-0.11504218873547489	-0.0
ec1116	-0.14002240045578065	0.007785920640138805	-0.14367054789263034	-0.0036860416228851793	0.04596708139102173	0.16668301207425607	0.10730136105536647	0.06845254793082856	0.05362590946391376	0.08817472402345566	-0.01678589373238048	-0.014045190858140105	0.014512229444637502	0.04802060672059198	0.015663157876495953	-0.005406243673826155	0.09514342369594778	-0.026856056837191198	0.0498180080737365	0.03250673597525443	0.018407675399040997	0.05209532141227333	0.034255400681403994	-0.07052776159575312	-0.027693822762060928	0.014137132279511876	0.0353209898418508	-0.003144016428682208	-0.0740596835110765	0.01757134489568036	0.022395237292961005	-0.03600945898726582	-0.059637632584435135	-0.10614634837556339	-0.005706509490814698	-0.07992691556961345	0.07967690229975696	-0.0
ec1118	0.10926051449253535	-0.07329385974191457	0.018910819157263694	0.07800991500939136	0.13782224884021996	0.045285468331356764	-0.007480127090915611	0.010770287435738055	-0.2489526304838308	0.10851429574504202	0.019718409584427443	0.09270663179064549	0.013542319337263343	-0.04648895593785995	-0.03321196050400924	0.05070744876134835	-0.09130220437323609	0.04266399582586901	-0.0978576591658063	0.060064543574521206	0.006172474118093561	0.001015426229833393	-0.05044831514741053	-0.0428825228170391	-0.035589899364208026	-0.05586032162908722	-0.054654917127678726	0.04426206778820295	-0.07546486240019368	-0.013620550771822917	-0.03948729383237616	0.0027760710745947793	0.03266524091175302	-0.043008847343515864	0.016316658937282364	-0.021887221595165225	-0.016043772535168952	-0.0
ec1122	0.15600036579664137	0.02223460863093417	-0.055840354632777055	0.15673291625635077	0.04446736770632002	0.00806349307521325	-0.07982366630520442	-0.0808962345897384	-0.09370798830418782	0.013814492192044487	0.032727814267452075	0.007343595509411877	0.067038407213278	0.07818771352059246	-0.03117599188387975	-0.1312714014329637	0.04557456379975154	-0.02699303480353759	0.1528458149664841	0.034313965742014285	-0.021262187830561646	-0.0650764551041436	-0.0013238259122711194	0.04396070627270891	0.0739967226498889	-0.06729186461676454	-0.041039890433537646	-0.11955457464507646	-0.008356365777758811	0.022599505947128912	0.026653469256797534	0.01617082004789991	0.026542293606258524	0.027469976620950208	-0.02496924402201889	-0.009145588055773035	0.04660404763093974	-0.0
ec1124	-0.2568078103736532	-0.012387758689499909	-0.03337203011594821	-0.06998868548961086	0.12563451855700988	0.13300425432316224	0.08607839884348689	0.05882560669491825	0.09142490620951743	-0.0027430249165327127	0.00027581394943748986	0.05830505731413754	0.05436854652251863	-0.005614220887911746	0.023127518902315593	-0.03331454076314936	0.01046593218754275	0.07318271067198626	0.026926786095825984	-0.01859887767826843	-0.07037471646217304	-0.05837043614389505	-0.04703607861865344	-0.0035503604896602943	0.097262442676314	0.034351052795726936	-0.12543349543341664	0.0385375623020709	0.015917553055658926	0.030361907888352784	0.02632697653227837	0.0012944596887810903	0.06785536524185448	0.05704281670379533	0.07133574809269286	0.0054376638905754724	-0.049405902720392664	-0.0
ec1129	-0.28436069789772256	-0.03360548062984887	0.03597737595943023	-0.031781823885021314	0.03408312697203916	-0.2061066129514111	-0.15409380624993077	0.018341841634254175	-0.008954398377568711	0.01259841571077391	0.07134908634197071	0.09668156499535199	0.047278564549524296	-0.05330510617216931	-0.03450880060895985	0.02894377408085104	0.12445719504749762	-0.054435688588720374	0.01644122844520862	-0.04361598747245758	-0.04518251036098837	0.020315955436222444	-0.012129402896844329	-0.011063033661671393	-0.07822970825792458	0.06915798861821863	-0.04187144217775975	0.00014572825974861273	-0.0703943697164469	0.04239210848998423	0.02419969588133963	-0.05357875258471253	0.032351413743534035	6.0948559828462586e-05	-0.060921170455145536	0.01368561509550244	0.008901965381349424	-0.0
ec1130	0.1440874899252407	0.026880705272665967	-0.025514779840775485	-0.05787432070635809	-0.11564129541827345	-0.0356727086175831	0.011744292428584978	0.03408227167046927	0.03126058507674541	-0.026604235001912318	0.2542963511903057	-0.09196830539116337	0.01325117117547207	-0.01663806336704823	-0.012403979860879672	0.021820427984168653	0.06409581370278211	0.01672163688348288	0.012326183225008735	-0.04713402549879503	0.041208303120145895	-0.03395311177725863	-0.0425700342533974	0.034955717019637664	0.06716846137340275	-0.07940973644935097	-0.014699755836489673	0.09483463903532491	0.013828896713230811	-0.025879057490840053	-0.007766311250996148	-0.009230905504403891	0.06400505836094128	-0.0909092706915255	-0.01628968703512767	-0.04875100813502246	-0.021295662880139395	-0.0
ec1132	-0.03777545768131582	0.0361199644390901	0.02704454817066068	0.13663163455277147	-0.11890809077960617	-0.08367895243729784	0.12903300249111355	-0.018594563019320894	0.06992519768102289	-0.1314241641730149	-0.00665525592969121	0.061771724593707854	0.00730602766488819	-0.06809600543173445	-0.007645429463447221	-0.0172758298430987	0.04579311661178418	0.18480853926962487	-0.022092983101235	0.04058987479881785	-0.06421138974578411	-0.017755821320187447	-0.034456475980240465	-0.06677557754063429	-0.04749429620997954	-0.11058478506276888	0.010235563961564302	-0.03622773585567614	-0.023706750840642433	0.02151471100618766	-0.047891955551965494	-0.04745320667858701	-0.05386924799108521	0.029436402257768963	-0.001399130116035188	-0.009954077955070374	0.011565820445770087	-0.0
ec1133	0.02688651619175506	0.16985307342337846	-0.06639157126027592	0.031870370880951564	-0.037960435191210215	0.09103774736881738	-0.06556649552270064	0.16409771951852353	-0.010995232583041345	-0.032871317495138316	0.05634509174684996	0.0665057403503663	-0.015769600482044916	-0.08011039722322129	-0.1244762131901954	0.020465294466588527	-0.023573229892128813	0.07566509807054705	-0.004779093148899786	0.017682424357221244	0.062403139869363855	0.05161154134500459	0.05061686705255665	-0.0265081788969126	-0.052575312172893796	0.0618129455478455	0.017620803947360073	-0.04594559731821328	0.09064928524355566	-0.054625161742499345	0.0486591051917196	0.05700790968058016	0.05872089230605981	0.06500349160578195	-0.03226765054387983	-0.03881227381322822	0.033670730624630316	-0.0
ec1138	0.1725354902224848	-0.10940986185314057	0.07822202912608128	0.036760271683363696	0.0712664434194684	-0.040305658265904536	-0.04182383872486678	0.051552525387382676	0.16771959773274814	0.016815964107848972	0.09149955964881726	0.06730112359483027	0.018332027182737763	0.10770671032374421	-0.059308345709392564	-0.11886947664822811	-0.0889758171788812	-0.024150149014302333	-0.13655740091366175	-0.013110856059299444	0.008607852069412125	0.030266756953362145	0.09067123649718611	-0.0016974642999975165	0.02430778622260278	0.005443082725540996	-0.03343971864809165	-0.030923934709146977	-0.01058569419245388	-0.048528218446564075	0.03274285695607878	-0.09013310573910607	-0.055816582814798406	-0.0033720417296184625	0.02007133613538689	-0.005294988238528084	-0.014791195312173544	-0.0
ec1139	-0.03722846385377844	-0.16900298446438664	0.02643172933546096	-0.02128995347679143	-0.14559999765015202	0.14592025105875395	0.007577848117647244	-0.09245653699303157	-0.04758065013309161	-0.11029249284609013	-0.01081300305834289	-0.0066260243314824625	0.1327174034807642	0.11324841292424517	-0.056688332380936846	0.11395143393158466	-0.019034560139770448	-0.014374674959370129	-0.029471533701412526	-0.03285310167898458	0.0076529644386869695	-0.0022334521463772956	-0.06195289151955148	0.03177266079137366	-0.016732740498092605	0.08766515864594944	0.03255397426397659	-0.07377884644052982	0.002887094017843501	-0.023957984080575666	-0.06178016235202317	-0.08098534618281573	0.04675756492734986	0.011234806201319846	0.0016229303122390485	-0.02436605223174843	-0.002946545625534991	-0.0
ec1140	-0.08337181526381163	-0.12137100241746117	0.053652674309644356	0.0054298955956566305	-0.1591069222186119	-0.033553527539356205	0.05828578246456254	0.017116385928288545	0.02602190610293929	0.09171858498081718	-0.06674520427586404	0.06869826535029001	-0.18764914795162657	0.012864493715960915	-0.0580844147479993	0.0024813380007066917	-0.016389717011021588	-0.09979037545130157	0.004608424334950064	0.10631116266242532	-0.04675021552185806	-0.08927807883472541	0.02256380736210955	-0.06525933375147172	0.06887815470231973	-0.017471420842212367	0.053762886579814935	0.013956111827033456	0.0184606059927969	-0.014843717048232553	0.013248223092776294	-0.03211067781339084	0.10388683750583519	0.0011221645058759038	-0.014389040419852178	0.009415613540865585	0.017645567233976964	-0.0
ec1141	0.061003946589154937	0.16505548513981422	-0.08620738348399794	-0.08766593840316149	-0.03853247593118367	-0.008147670484928472	0.0007333887928854743	-0.09205383288999881	0.047864921755579264	0.04824576816895413	-0.0016560428046389125	-0.008959789382837934	-0.07202016548051227	-0.06443148889995107	-0.017927757632069243	0.009074396041257118	-0.11635709041038439	-0.022057586675908007	0.003601312245932827	0.07641531743313804	-0.008013594908991624	-0.04088291778693461	0.015954514729407857	0.10482427444559143	-0.01316762098449448	0.06375533318061032	-0.06801747872887778	0.0014358596610538068	-0.01299879143314572	0.10531786552390017	-0.06358418531910184	-0.040066449707007935	-0.05039194105378066	0.02874577913004734	-0.05373948241792823	-0.10201051649508343	-0.029686139334966128	-0.0
ec1149	0.04965281742314234	0.17863229257012994	-0.13534049585232932	-0.024027056200839628	-0.08552983504539649	-0.06618225406157453	0.0317014867276147	-0.07938433829499504	-0.031100785067278532	0.04361132684396891	0.01941035310544884	0.19497717183321414	-0.025719869457521426	0.03358610668770414	0.13333318550943007	0.014095822081113846	-0.05310350591882703	0.008302323864131577	0.008430795768249722	-0.07117938468701343	-0.005674261162930459	0.09460511640941824	-0.09029025654881763	-0.01252914334568848	0.10559840047821274	0.04993462117739428	0.054837171707001184	-0.022730202899308816	-0.025500143823386844	-0.0607058319365532	0.04157479475308161	0.006023228626863586	-0.025037780264431382	-0.010045414266257664	0.0030231337023183696	0.017047345397308126	-0.015694010669512714	-0.0

Biplot	0	0

Site constraints	0	0
