Eigvals	70
3.0565089062811737	1.4825717149195772	0.9244037171819299	0.6272516963908851	0.5058411161250634	0.4163792536273677	0.32835227459492716	0.3184973778643532	0.285088619432328	0.2504623824537647	0.2233770288566358	0.20621582170885405	0.1935899944182901	0.18559368717702832	0.16625384520156242	0.15907072579978	0.14280083568072158	0.14131793369660126	0.1289449091670262	0.11522287601197825	0.1082984475790501	0.10093501070910618	0.09196696249839945	0.08166569290733827	0.07497226350846481	0.07057871928381748	0.0692551797356338	0.06381176562780239	0.05908973865370353	0.053518430446388966	0.04921605709805323	0.03916257805625422	0.03667403600237256	0.027766569211516733	0.02710308024820237	0.024371390548944084	0.023479844050018774	0.020932260461887793	0.018973577705360727	0.015116445983876077	0.012165659301597055	0.008796365405731747	0.007837993579333784	0.006044544777855411	0.004229423451222174	0.0016460176360709108	0.0002844147564969729	0.0	0.0	0.0	0.0	0.0	0.0	0.0	0.0	0.0	0.0	0.0	0.0	0.0	0.0	0.0	0.0	0.0	0.0	0.0	0.0	0.0	0.0	0.0

Proportion explained	70
0.27898960639540193	0.13532501029143706	0.08437699254762404	0.057253785037995546	0.04617176596355711	0.03800593672146306	0.0299710796392643	0.02907155215734528	0.026022093886192983	0.0228615075696437	0.020389232051776084	0.01882280493697508	0.017670354643448363	0.01694047402531183	0.015175187201054118	0.014519532100401156	0.01303446191752534	0.012899106761182591	0.011769731598449384	0.01051722269163604	0.00988518018096454	0.009213066204839235	0.008394487781822562	0.0074542166304193795	0.006843259067171457	0.006442228606767364	0.0063214196090125435	0.005824559954434013	0.005393546505009723	0.004885013033809304	0.004492304396660699	0.0035746508753468926	0.0033475036988135287	0.0025344549788002867	0.0024738935571265693	0.0022245525418184546	0.002143174664493372	0.0019106383414185574	0.0017318552434292206	0.0013797870199142098	0.0011104474431984182	0.000802907695512363	0.0007154301887144117	0.0005517291851981052	0.00038604997404427966	0.00015024389801829315	2.596058555729107e-05	0.0	0.0	0.0	0.0	0.0	0.0	0.0	0.0	0.0	0.0	0.0	0.0	0.0	0.0	0.0	0.0	0.0	0.0	0.0	0.0	0.0	0.0	0.0

Species	0	0

Site	70	70
ec1249	0.3722957311201224	0.057292552771232866	0.04312936536836267	0.07826381279007423	-0.013400580951785096	0.08921495359696244	0.0002395629967464209	-0.01861566537261151	0.06592119598040547	0.01863416352934664	0.0904350317109164	0.0707026083473437	0.08042595546389013	0.13077269834656427	0.07283144783514031	-0.06108099121828084	0.03257741898434156	0.05896353471841367	-0.007788998865129807	-0.0017459796715403539	0.009280998882243242	-0.016765468243190546	0.0485620387227642	0.0363055538218225	-0.024599519035167074	0.0045191307398300355	0.06505905116006121	-0.014093535794114138	-0.06111676445327649	-0.023352929172634308	0.06481866245783491	0.019246228028861875	0.011576063576864082	0.05205835156779292	-0.00514045572405838	-0.006946002531378303	-0.0012058579105763234	-0.008571354327968917	-0.014056151860909001	0.026977622219539827	0.012307664509698604	0.004143299513202645	-0.00828049416886897	0.002759293175349617	-0.00030141158875956293	-0.0035448996726141907	0.001643841272073475	-0.0	0.0	0.0	0.0	0.0	0.0	0.0	0.0	0.0	0.0	0.0	0.0	0.0	0.0	0.0	0.0	0.0	0.0	0.0	0.0	0.0	0.0	0.0
ec1257	-0.19098500668342686	0.09468919767604629	0.05986108121175963	0.08253303380216892	-0.04170541992711456	-0.012890770847560863	0.03154269214018151	-0.029911640829662398	-0.06378007718533078	0.09150657513403923	-0.05645658798472629	0.001975178226170045	-0.003123890605291237	-0.0071278678206974965	0.015463723825480004	-0.043830108192332545	0.0225843941756711	0.009373532829865042	-0.008587075017920444	-0.0340679878391417	0.032035551457052766	-0.007712386984206972	-0.03530913649905485	0.04704897977451821	0.09609436407046233	-0.0006767986041810676	-0.0016986697352030786	-0.009392641508270317	0.027226001585445005	0.008105525558431559	-0.005218461083596569	0.00985367138976166	-0.029848281258115325	-0.059444268600332105	-0.020599321699899108	-0.03563506802366567	-0.030418890804649264	0.016337518975899523	-0.02001726028596819	0.025622431777389404	0.025859278048349508	0.0003453025941210797	-0.02421711252663408	0.020713560031740182	-0.010528794477898598	-0.003358674895433374	0.0008928463007952777	-0.0	0.0	0.0	0.0	0.0	0.0	0.0	0.0	0.0	0.0	0.0	0.0	0.0	0.0	0.0	0.0	0.0	0.0	0.0	0.0	0.0	0.0	0.0
ec1265	0.1299352172289992	0.1749382108972016	-0.18595269298907444	0.07342683470952034	-0.08266751734066168	0.05961310582121637	-0.14082741410039545	0.11395391963934415	-0.0031463842579180176	-0.019804855516670026	0.14283278342876543	0.07620423636534543	0.012867843724249012	0.002429956086411537	0.01923303170394516	0.08853031563599921	-0.08769442763278759	0.058276200138889345	-0.08415242031388608	0.09419830575761101	-0.03971111706607952	0.03805461570169388	-0.00450176901320384	-0.01441117562431742	0.06857223689531884	-0.03257542750075775	0.05731318757113416	-0.034403571480318085	0.09285799065675727	0.02648324034318923	0.013463772593936779	0.010427126955173434	-0.002900363201462519	-0.010534169328969686	0.0037625044707558755	0.010678000877348123	0.025257165844998684	0.0020332218376988846	-0.002751099117085332	-0.010907605718616965	-0.0006250378785541866	-0.0018973001499456637	-0.005091545476531426	0.0009513338861004102	-0.004574158462857912	0.000597322348693775	-0.00045301149698564314	-0.0	0.0	0.0	0.0	0.0	0.0	0.0	0.0	0.0	0.0	0.0	0.0	0.0	0.0	0.0	0.0	0.0	0.0	0.0	0.0	0.0	0.0	0.0
ec1298	0.15793977182230828	-0.09361560856212217	-0.22833088733877527	0.06807500478292318	-0.06278841150472603	-0.06243286932062589	-0.011684644805422037	0.06373776624583431	0.04983857997995401	-0.05499592759532317	-0.014551402094305724	0.06418150969851125	-0.031204654197697596	-0.024341326877266284	-0.049372382317869425	0.035178276964044644	-0.06092005449977045	-0.0733106474855281	0.01931868974788325	-0.0792314327002236	0.031169584139907634	0.04617452685848471	0.012232229314162582	0.009669498147680188	-0.016038534893113267	0.014563598285426407	0.0675232780543767	-0.0012387254231818615	-0.06188689685903336	0.025005699713772048	-0.05168112007845623	0.027243875095495168	-0.04575998295219759	-0.00876693932949152	0.014486863390968219	-0.045608399854660024	-0.0010059496920076891	-0.006430212391161147	-0.0038032923390120704	-3.3527148772820146e-05	0.010268915755023445	-0.0017515568867718205	-0.004220596644689206	0.0022955666835235955	0.009513640447609942	0.0025985503250097234	-0.0001386854580293041	-0.0	0.0	0.0	0.0	0.0	0.0	0.0	0.0	0.0	0.0	0.0	0.0	0.0	0.0	0.0	0.0	0.0	0.0	0.0	0.0	0.0	0.0	0.0
ec1301	0.07756322623241055	0.1630559068722737	-0.1798656054186734	-0.0003311873146685012	-0.04076241571209646	0.0036035461610862273	-0.008973845095534389	0.1407369878980678	0.0010234454666169172	0.19246687006015034	0.09582509937792162	0.01568548352741539	0.09508028240858504	0.013894607667923933	0.08868301476765825	-0.002274664324857605	0.05978647054900676	0.005225485221568352	0.08095746332181128	-0.0529615468348883	-0.10771421718000193	0.015590086845838066	-0.01929927696915502	-0.02706618934386487	0.017859392721326268	0.09557513025550735	-0.026219208684299184	0.0016136962641219827	-0.026313848176759982	0.013378425274731135	-0.04578361012612051	-0.04863284571379179	-0.0021055488728689443	-0.005934430360705983	-0.014012788089014036	-0.005608443372553093	-0.0054241359879701415	0.005957487308255813	0.017140646299657013	-0.006955043051587079	-0.0029938912000130186	-0.001583911562774132	0.005660686852257779	-0.005245247354251337	0.0031297199592628137	-4.954525840011173e-05	-0.0010536098223512763	-0.0	0.0	0.0	0.0	0.0	0.0	0.0	0.0	0.0	0.0	0.0	0.0	0.0	0.0	0.0	0.0	0.0	0.0	0.0	0.0	0.0	0.0	0.0
ec1309	0.1932460752145339	0.1708113246163258	-0.1620018721800534	0.09537079708440097	-0.04963492670436427	0.12735622742430266	-0.15791354902697263	0.02464009437140787	-0.03060999161641943	0.05245560510772314	-0.023655546018329116	-0.048998991890311525	-0.09290360725624444	0.022612715138759638	-0.06018326733579699	-0.014253899495067127	-0.0018291849712376428	0.09068508919811714	-0.09804701629090896	-0.08194090833722188	-0.010476911409378488	0.039988625872400506	-0.013475241524109161	0.07141714767329475	-0.0639204986684718	-0.02500866054969469	-0.08246308654038058	0.03890424203157499	-0.010527444091464715	-0.025111804487535316	-0.013443943706633411	0.015613041045910938	0.008687647514552841	0.0014272010605292905	-0.04704105695490736	0.0004035826821090341	0.001760941772660499	0.0052335526350269865	-0.008757028552808924	0.008552042647696812	-0.01375451583687195	0.009776015602768532	-0.00571330766581424	-0.0021159009189981462	0.009185354683120055	0.003683885136613154	-1.885410530414409e-05	-0.0	0.0	0.0	0.0	0.0	0.0	0.0	0.0	0.0	0.0	0.0	0.0	0.0	0.0	0.0	0.0	0.0	0.0	0.0	0.0	0.0	0.0	0.0
ec1314	-0.07518603098186588	-0.19227154674367183	-0.02510013798713062	0.16766752329511284	-0.1164144481938111	-0.04621029030313742	-0.013764976634143342	-0.054462852101507836	-0.03360398361659518	0.023835472143221174	8.316907490669387e-05	-0.01991059436705461	-0.0501396066480013	0.029094504265837755	-0.04617689229754552	-0.0751482754472754	-0.0032492625468534503	-0.005130031803008776	0.0240370070132554	-0.0036870134957051304	-0.005411606216727346	-0.016291084439436564	-0.01540638881443068	-0.0020529890266732446	-0.0024888076847025776	0.020246966555718653	0.03898730325891746	-0.018988812793849806	0.021084458840285723	-0.007153399414110742	-0.007423743258000826	-0.013775278267911513	-0.0009598918379673386	0.0036081676071576412	0.023179398977988402	-0.00011023691080364483	0.014803866088412974	-0.0018084585518078553	0.0058944219457841476	-0.031393676884052306	0.0002135939869498329	0.0037447639116067527	-0.005952525553968713	-0.011509936048115945	0.013186080186489837	-0.007428329527965757	0.0025066000754495757	-0.0	0.0	0.0	0.0	0.0	0.0	0.0	0.0	0.0	0.0	0.0	0.0	0.0	0.0	0.0	0.0	0.0	0.0	0.0	0.0	0.0	0.0	0.0
ec1317	-0.07943990565458986	-0.24035205167197418	-0.010348889384614231	-0.0018940382051395718	-0.057360893915238194	0.005253855482397958	-0.023730744170370858	0.04077475068909908	0.054575119793150474	0.07634183660138374	-0.09510071728448724	0.030416570820849406	0.025199389196564156	0.00631173089792528	0.09867660618105421	0.02568637361689808	-0.007039619762382586	-0.005908423883461286	-0.04460448323466035	0.04435087154378337	0.020269877140200572	0.013856221927810412	-0.04451454270534835	-0.03499019216062392	0.003867573879003333	0.011672821721597441	-0.06049223577854594	-0.015880584649570966	-0.02221610744832771	0.024814334121846877	-0.005831721531602046	-0.00860488927137543	0.0018334203836360642	0.004025180966671831	0.010413098596966179	0.04351040780992938	0.0065632086892480485	0.012514319019215998	-0.021132425640391285	0.0022081613723693113	0.01338457736566025	0.025212412133000746	0.01223158550111358	0.01699284573329196	-0.0009716463098467542	-0.0002520615905562193	0.0018916661398412596	-0.0	0.0	0.0	0.0	0.0	0.0	0.0	0.0	0.0	0.0	0.0	0.0	0.0	0.0	0.0	0.0	0.0	0.0	0.0	0.0	0.0	0.0	0.0
ec1346	-0.030772777446361536	-0.18694231342560766	-0.0317804657565733	0.17372296291561842	-0.11055783056084477	-0.05307232739653562	-0.07766212083470943	0.014039872200518189	0.03145443170335314	-0.0029378440624269263	-0.045059137329638205	0.050398583124671686	-0.04189477158395135	0.04577982848090823	-0.06516615412844878	-0.014666575537104426	-0.011012580455511546	-0.01923831326447194	0.010889446937294503	0.006815397976149717	0.0568012792490812	0.0009035576051433837	0.01072016172837692	-0.04077894144180015	0.029949004240502262	0.020353246047895616	-0.0008765792805987702	-0.0016772870845709836	-0.0038309765182470384	0.04025967746349389	-0.02784435089975144	-0.014144849365778455	0.0176786205769671	0.03619282628057958	-0.025009575650130664	0.021903626744822793	-0.02112458314037796	-0.021397531747414635	0.006744955578850922	0.0246264001875922	0.01621185103144522	-0.005316762744511888	0.011287780068327579	-0.005072451332128164	-0.016338418113966593	0.0008021772015604689	-0.00240295796049452	-0.0	0.0	0.0	0.0	0.0	0.0	0.0	0.0	0.0	0.0	0.0	0.0	0.0	0.0	0.0	0.0	0.0	0.0	0.0	0.0	0.0	0.0	0.0
ec1349	0.08745208527089378	0.09728133853123028	-0.21623832682825786	0.14955467243855144	0.022833525626842353	-0.09101069541901356	0.10265194756720121	0.06222645934394627	-0.03238058848449732	0.06377435336395679	-0.1161315879979208	-0.018452707159961355	0.07654751411689448	0.05498932250714252	0.05375721321731565	0.0008508858257138782	-0.030503723933278628	0.031248779506384383	0.05544291406927647	-0.1050588910757472	0.0030344056850670435	0.0012422595898456449	0.011582212879456027	-0.0004690069934738176	0.0052720403086267955	-0.04120349357040683	0.0032084295659085826	0.03432948943726402	0.032695286147004066	0.003883476133573559	0.025907083715148434	0.07696575292720124	-0.018585495820369526	0.0010383412845486242	0.051959879335497665	0.044695281916784714	-0.010674183793471709	-0.0002396566045536133	0.009167544392608137	-0.00503484506723544	-0.016796353757553735	-0.006496818688587317	0.0007313952872969683	-0.0051362125268837894	-0.006770663625003347	0.002319846116434605	-6.4572662792388e-05	-0.0	0.0	0.0	0.0	0.0	0.0	0.0	0.0	0.0	0.0	0.0	0.0	0.0	0.0	0.0	0.0	0.0	0.0	0.0	0.0	0.0	0.0	0.0
ec1356	-0.21258322520368436	0.07795056501235893	0.06922777330932392	0.06755614848758709	0.006987813205817267	0.03867459535600587	0.048057756347284375	0.03382510529648344	-0.02856164284235887	0.02313208514763578	0.009473840617291961	-0.003909305286034219	-0.03669622292497531	-0.03707871728776016	-0.015582037532861324	-0.07404336865002814	0.012208581152363666	0.008782203694256493	-0.006905025502509358	-0.04252304609821847	0.010767555526508293	-0.018789730830999777	-0.022108417034094517	0.03144690365137926	-0.02087367218173526	-0.016480322548282356	0.017876814123116026	-0.0026521446703276115	0.04629579795108806	-0.01808884490934772	-0.011352683666119244	-0.0012420604783768571	0.0391565692232527	0.004143253736363439	0.019995771180610696	0.0012039063929742346	0.021350011132033567	0.019712361906467826	-0.0031721334381892997	0.0008567933838648165	-0.003206010508327083	-0.013799133678233903	0.010459998258756344	-0.007911797211257943	-0.005244632201237521	-0.0003909440477826246	-0.0016342977267723505	-0.0	0.0	0.0	0.0	0.0	0.0	0.0	0.0	0.0	0.0	0.0	0.0	0.0	0.0	0.0	0.0	0.0	0.0	0.0	0.0	0.0	0.0	0.0
ec1359	-0.1694926145052071	0.1009413360531407	0.0709318114270977	0.12378462557385041	-0.08590966506710243	-0.0037299229074387874	-0.03302265148817151	-0.08766386793918213	-0.01437741290274801	-0.04019330586794702	-0.030174512567070298	0.02878773567642662	-0.03656068539666363	-0.009693541608271156	-0.011394729762193764	-0.06389959609805365	-0.0008719539639658562	0.02276518414425863	0.011503664508800212	-0.038615923068365726	-0.0116125468413621	0.02644091025103252	-0.011058241765754881	0.017481775875113636	0.011118480669922548	-0.00770320236709376	-0.00015799478394655742	-0.012524053064783713	0.0310588450666189	0.0038826516769755607	0.0035900227699676105	-0.01845873577887017	0.0016880756714778285	0.015586644264548343	0.0026549588490067215	-0.005502624013110941	0.010062091774869579	0.019831823497907276	0.002275710518008954	-0.010563559479442798	0.0029002275769203526	0.02056879637733075	0.021208427124943096	-0.005636471646006417	0.004263648009279316	0.0009528041024838377	0.0018854609367831027	-0.0	0.0	0.0	0.0	0.0	0.0	0.0	0.0	0.0	0.0	0.0	0.0	0.0	0.0	0.0	0.0	0.0	0.0	0.0	0.0	0.0	0.0	0.0
ec1361	-0.21082172179328584	0.07169056471415455	0.06593931490020238	0.04105559431247175	0.011205241124677467	0.026375262308108133	0.001549640554503675	0.01930384137481406	0.014695864975858442	0.043524216635345704	0.0436211909130288	0.041222472580775216	-0.018273348982462394	-0.06327125015563029	0.02821378461527882	0.015624244555730237	-0.008133316544050546	-0.04403980187342531	0.006246608628565106	0.01691458016235201	0.02918388426172143	0.0021224579759765135	0.023246057902460895	0.010228246445954568	-0.01684992950741132	-0.00908453651500581	-0.024332029997356754	-0.008695336926018989	-0.001109174235235611	0.005085011136266799	-0.008490898414430657	0.001921842323753769	0.022501528415519487	-0.007498381838809645	0.012411639752901975	0.006744437163952626	0.003582002401872512	0.0015060707576836395	0.01908571310488513	0.014764319347937057	-0.00782165793288132	-0.027456092851887895	-0.026883616890510924	0.00036819303097188825	0.005445483125293077	0.011528193653555341	0.007308237823251361	-0.0	0.0	0.0	0.0	0.0	0.0	0.0	0.0	0.0	0.0	0.0	0.0	0.0	0.0	0.0	0.0	0.0	0.0	0.0	0.0	0.0	0.0	0.0
ec1362	-0.23004685177341214	0.07249377829336569	0.06685024450739034	0.027907419033928488	-0.01852277431525058	0.007626416977505905	0.009078107466397901	-0.06445489042099205	-0.009262028584331904	0.06408574495616337	-0.039392093767191876	0.021553916993572415	0.0098329681317716	0.0072924765661136004	0.009351490313704839	0.017645349702024835	0.01758293004255098	-0.013541643633437597	-0.0066159567656417055	0.040140999567486006	0.032919757474478784	0.014100950798954398	0.018752762448474614	0.009032637619400034	0.0024397343501883803	0.0005576376424005865	-0.034796471974971474	-0.019020672374249693	-0.0003716644846884201	-0.018173169429932065	0.004622839438384459	0.012134939196342216	-0.01873673325596892	-0.00012893176675598454	0.01725001882643215	0.014004281383364603	0.019794526659563844	0.010555448537913993	-0.004640969569622966	-0.002759147211256413	0.008101892555351799	0.0035649409858008333	0.0062169204080826665	-0.000673934664032536	0.006742878184108458	-0.0027032905647205404	-0.005880116183864274	-0.0	0.0	0.0	0.0	0.0	0.0	0.0	0.0	0.0	0.0	0.0	0.0	0.0	0.0	0.0	0.0	0.0	0.0	0.0	0.0	0.0	0.0	0.0
ec1368	0.38391896057545605	-0.07791454500308977	0.04786476996420371	0.03346672316813329	-0.0879196305871202	0.04160602210445459	0.13113693729024664	-0.042903101431203065	0.06810637919400997	-0.041143386464596886	-0.08072321482554129	0.05351195181043365	-0.037924242697377486	0.029020691452914305	0.09557097929590398	-0.00624051765305908	0.0460884138837767	0.04101396212606414	0.0022510611823900748	0.07529003903697827	0.006546923634936279	0.05348647335505386	-0.0003528273141780223	0.03093120814711577	-0.06608974333559892	-0.03520751231030711	-0.008446719124575843	0.017101609006106133	0.0002600162761309604	0.06410508601971843	-0.015532844178694096	-0.014063503319397442	0.0017895261321493074	-0.0465715549932773	-0.011539690585655234	0.003459153008900957	0.01063464223719955	0.017824898660292514	0.03280966927631721	-0.011369319645130585	0.025271266680899726	-0.002953750759535615	-0.004767508821109138	-0.01871948176293436	-0.0011864008238067069	-0.002170975811540383	0.0017673033385623123	-0.0	0.0	0.0	0.0	0.0	0.0	0.0	0.0	0.0	0.0	0.0	0.0	0.0	0.0	0.0	0.0	0.0	0.0	0.0	0.0	0.0	0.0	0.0
ec1378	-0.13788466026525356	-0.22749310962796263	0.014368030067794838	-0.04177843387818056	-0.012476560411583045	-0.01964057644113931	-0.014686559812313815	-0.0698506233824943	0.003135933030321019	0.030498457346285094	-0.049869101572140875	0.011897100143940983	0.010410815762293593	0.0940444389082442	0.007597987082292675	0.07746699693409476	0.0006198837616192859	-0.01918177136261766	0.016300131793885262	0.018747003040111485	-0.005263795726999524	-0.018753802954832564	-0.004697535735008367	0.027573717573249824	0.04659020417406047	-0.01828145512590632	-0.001323217928543687	-0.009595652280560042	-0.0020395198484127286	-0.02220497528601188	-0.0019906492857592324	0.009267472252684851	-0.0055200039624657814	0.019417483505790877	-0.00729501390794348	-0.018329589297734906	0.04146582614888507	-0.006090645027161472	0.0624236468084151	0.03385946911194341	-0.014727934551686294	0.0197579241018146	-0.018170125463970826	-0.007142226203481778	0.005582831210783652	0.0012879976008320644	-0.00418498149161891	-0.0	0.0	0.0	0.0	0.0	0.0	0.0	0.0	0.0	0.0	0.0	0.0	0.0	0.0	0.0	0.0	0.0	0.0	0.0	0.0	0.0	0.0	0.0
ec1380	-0.24168031139583374	0.05459052930258323	0.07218784961471175	-0.07034109588867522	0.02370782106557682	0.013147231134388567	-0.008777409909133092	-0.06900485886086327	-0.004581908165872736	0.017688218212039863	-0.055300254222491546	0.030197299595554932	0.03442141223921463	0.04549799227168924	-0.009370740904615754	0.02410559747697182	-0.0017651012159981118	0.013144309430712393	0.003995733137336353	0.017511639907332496	-0.0003568610149272977	0.002754657837331524	0.00708723858215939	-0.01486462536948987	0.01972499044199779	0.001575765823017733	-0.007912228234138764	-0.02122750787725663	-0.007104174582238541	-0.007775128578370096	0.0015228521436491305	-0.0023229406299558712	-0.010679020531698053	0.013801534812030123	-0.005350841199829227	-0.006371111145306517	-0.011413014436881077	-0.010219694300250305	0.010361376644695195	-0.0027998078200761655	-0.013270014704204488	-0.0030047560660875893	0.00532577454489075	-0.007947974966582678	-0.004216000114227966	0.007497946992534007	0.007223822242677848	-0.0	0.0	0.0	0.0	0.0	0.0	0.0	0.0	0.0	0.0	0.0	0.0	0.0	0.0	0.0	0.0	0.0	0.0	0.0	0.0	0.0	0.0	0.0
ec1390	-0.1481894999291502	0.10893250666003901	0.05678211453313223	0.16949111267382413	-0.09276962568638113	-0.0009301424679690419	-0.03909798742436544	-0.06650377703662566	-0.023541933102357304	-0.010466769113293037	-0.011801685514057228	0.03552303491591333	-0.05890956316043702	-0.012379609600614953	-0.032306701280889506	-0.037612144343843926	-0.015601611582210169	-0.012068395789965686	0.018718427883250583	-0.021185518154680203	-0.006127636051414376	-0.02333335792766323	0.01391868623435589	-0.053787420944441125	0.0008188715172436301	-0.005494095102481096	0.01611173421972068	0.011421623226313522	-0.0033277738182373243	0.028431050245793357	0.019444993879870597	-0.026202808015029888	0.018522022037905487	-0.006518190036895504	-0.005178246191874989	0.017083609388565433	-0.018379958301518555	-0.027926580773635044	0.03218684629453337	-0.007515859470324924	0.0011217342286847915	-0.010792634404580117	-0.004075057124748141	0.01022814885288287	0.0065364152198503014	0.0032159758009105976	-0.0009444502999610256	-0.0	0.0	0.0	0.0	0.0	0.0	0.0	0.0	0.0	0.0	0.0	0.0	0.0	0.0	0.0	0.0	0.0	0.0	0.0	0.0	0.0	0.0	0.0
ec1392	-0.11909810794028398	-0.017836154683071113	0.00016280058300668947	0.2157480359603295	0.2275771503332896	-0.03952799191908168	-0.008189686492471917	-0.00853317231291983	-0.01565411971625638	0.03536716136159443	0.00012042409414107148	-0.028275294791566884	-0.011880841740631552	-0.0009546373834206981	0.0033525538204973496	-0.005751920416072311	0.023457479399077764	0.014611453995161564	-0.0034806675627279716	0.012336475245151446	0.001554762128880732	-0.05743263500205403	-0.02450781051844738	-0.01295577740785133	0.01162113570102361	-0.0032499277787058503	-0.005773036590486929	-0.0009009252098475323	0.011440140502657646	0.006046181302223055	-0.00596419098314389	0.005235485498369003	0.016992079261964034	0.008910811787077245	-0.012853509048945638	-0.0012946908518801275	0.0002831949789219731	-0.008259925000954682	-0.0013322159123961518	0.007318618828113934	-0.004971030692671352	0.004255143831611391	0.00821126912131077	-0.012767419618217334	-0.019906752698887642	0.00457001087207086	0.0007021072727003562	-0.0	0.0	0.0	0.0	0.0	0.0	0.0	0.0	0.0	0.0	0.0	0.0	0.0	0.0	0.0	0.0	0.0	0.0	0.0	0.0	0.0	0.0	0.0
ec1393	-0.037334053247928524	-0.1796661755651626	0.025517725969884726	0.0833746806286637	-0.14963974474438996	-0.0962101789379255	-0.07029854532599589	-0.005478245320279729	0.036680709790341125	-0.056063383724026326	0.024448989083406723	-0.015188779839720157	-0.07028270138872174	-0.008916345554265915	0.12000833847254844	0.16858037910786497	-0.05069665205324027	-0.064175342114147	0.07778683766779482	-0.0483147046655153	-0.022378489936036382	-0.07660373922947927	-0.00491042594981953	0.04833017282332832	-0.019544019921035216	0.011854757839838139	-0.012283138110172004	0.041394880636014285	0.007841042176726733	-0.051265877801212646	0.0761222187946369	-0.031102889356936145	0.01645144656755707	-0.019378894211393206	-0.02169258227050316	-0.0031855183090713796	0.002915426291188315	0.015319975063495595	-0.013875210979940131	-0.0019698407036724108	-0.004761032883471568	-0.00645497655623135	0.0032366368950061423	0.0007693970652782323	-0.0050114213272887745	-0.0029760761682159705	0.0006492635256256111	-0.0	0.0	0.0	0.0	0.0	0.0	0.0	0.0	0.0	0.0	0.0	0.0	0.0	0.0	0.0	0.0	0.0	0.0	0.0	0.0	0.0	0.0	0.0
ec1396	-0.22851120705501496	0.04676693932609667	0.06605742063488643	-0.08123186594019519	0.08023588158691043	0.03681295428720304	-0.025261884126782763	-0.014995302670297257	0.017205018148444353	0.028603570171468747	0.011299633214707032	0.04924712771075026	0.00711755879849706	0.006811454418734781	-0.008388350633345493	-0.005116239682033669	-0.008594986693458647	0.00193123476985316	0.019218920685081547	-0.0013068477964806302	-0.0012221145137497852	0.0007392092693255236	-0.0011306052862772118	0.010227671004433767	-0.014420913878793129	0.004940573624685587	0.006830542131100004	-0.008949995294138112	0.015036283664430142	-0.012648299610893416	-0.014437498334118453	0.0016501654479713853	0.0178591769650837	-7.645753584697953e-05	-0.0016115848705469888	-0.008403304137326621	0.01812370756015711	0.00425135836296072	0.01084600386356948	0.015702919318037918	-0.00021888455407325055	-0.02091389635078889	0.001969644288870343	0.002120175316287216	0.005278509920787396	0.008889033109988885	-0.0019151126295398903	-0.0	0.0	0.0	0.0	0.0	0.0	0.0	0.0	0.0	0.0	0.0	0.0	0.0	0.0	0.0	0.0	0.0	0.0	0.0	0.0	0.0	0.0	0.0
ec1400	-0.04102885238712662	0.17731170596796703	-0.15413776498539772	0.0693372223775621	-0.0614102508687191	0.028498420421134284	0.0921191082264269	-0.08126332149620119	-0.051899414739558246	0.07637826130103281	0.01872179246109732	0.010689644740833316	-0.055410934748641394	0.04562266781516855	-0.00952885668622723	-0.0398195965532462	0.016991938302514605	3.9068781998847756e-05	-0.00626893757391067	0.028420115258929003	0.009285074116923737	-0.06370861318948297	-0.038396007850664285	-0.021536098274210602	0.014740986338706531	0.022327505023335092	0.028387281453620145	-0.039323825005485695	-0.0042206291438874124	-0.0324161699386144	0.005688092787465677	-0.025937889149254892	0.014751371858712151	0.009805290924320044	0.002394848425945198	-0.022121577774630814	-0.0008021740063961517	0.005181971390728768	-0.002739891251638592	-0.007822473588722578	0.00720800037612762	0.002167697316859687	0.0025220054657605355	-0.0034476961750205108	0.007064065992071156	0.00045846039628922176	0.0003565450927669345	-0.0	0.0	0.0	0.0	0.0	0.0	0.0	0.0	0.0	0.0	0.0	0.0	0.0	0.0	0.0	0.0	0.0	0.0	0.0	0.0	0.0	0.0	0.0
ec1408	-0.16403259853040383	0.09035696954890089	0.0823139035973534	0.06416442053314295	-0.07040248568033494	-0.002881099176245422	-0.06408351437148149	-0.13143695858337975	0.00606633292099649	-0.013858531390701024	-0.008959765017125901	0.03301107683300766	-0.004802014975738501	-0.0221717396405689	-0.0019064913099478345	-0.017667105386796732	0.021351022829026154	-0.00366306906363658	0.047573995463535426	0.01828501604141933	-0.027838629928700166	0.059065244503239446	0.03274430188423161	-0.0045141614388106216	-0.017613841288363057	0.010583089963079934	-0.026074573293601057	-0.006334150193704533	-0.02430576922391089	0.033625493529430665	-0.01386259044290401	-0.010071328417666	0.003593993531240622	0.0007820874269895859	0.0006652891846891612	0.03502143502928503	0.01722278118807194	0.001443849595684462	-0.027671793478159533	0.010553478791495804	-0.017549758960840503	-0.02526986890945505	-0.016779096812604956	0.006916323075780513	0.0016262214249723247	-0.006540195120968832	-0.0035693820008820547	-0.0	0.0	0.0	0.0	0.0	0.0	0.0	0.0	0.0	0.0	0.0	0.0	0.0	0.0	0.0	0.0	0.0	0.0	0.0	0.0	0.0	0.0	0.0
ec1409	-0.09643582165003192	0.12335348971285683	-0.014364219639926264	0.06533957323559893	-0.06532524992611852	0.05991690997885524	-0.034470690016474084	0.0073230071190894756	-0.08965176644184804	0.05835259674483033	-0.025794951122574853	-0.14642384229049274	-0.0007315936661264508	0.016523481426478203	0.0014319986091192076	-0.04615239434085801	-0.10600772002087844	-0.06711421736394138	0.059230016397621335	0.15950237818655544	-0.038959605845773515	0.015722638613613452	0.029464218425130573	0.0132770231691661	-0.10642292845889775	0.030038126632588865	0.03517763783335104	0.019340900857939117	-1.4895845917273568e-05	-0.02640183678774738	-0.01846815011770441	0.011837412435181735	-0.03746584900921228	-0.0014256448065973243	0.009832853969919227	-0.0130283352926904	-0.009573060899665307	0.006965882924233264	-0.0002835003006716942	0.007829875537964279	-0.005628049956730028	0.013699996923050949	0.0006495486709656293	0.007253892937291553	-0.014769515556254742	0.004040051797424237	-5.704603998746674e-05	-0.0	0.0	0.0	0.0	0.0	0.0	0.0	0.0	0.0	0.0	0.0	0.0	0.0	0.0	0.0	0.0	0.0	0.0	0.0	0.0	0.0	0.0	0.0
ec1411	0.3131429323349533	0.058259389515733374	0.06582721973902367	0.16663295389267072	0.1878272658224229	-0.01878719724434139	0.14322588318689686	-0.06891626848167005	0.06919031976635313	-0.05321928862296221	0.012770345955924847	-0.028393772031708363	-0.006429730475281308	-0.010785053428717297	0.013228524450908297	-0.03470479618955284	0.018897194708482612	-0.019324989447993164	0.02186737621371044	-0.00034272670427233724	-0.021116311763234256	0.06566851178455549	0.014263092307723246	0.03418214591334426	0.030833322021770016	0.015690526877872802	0.02687747157517715	-0.018729364307931342	0.02574501479940866	-0.017366265253132226	0.03637127652577228	-0.018731123382649557	0.004592237308859123	-0.00534238449186753	-0.026442701718708016	-0.014246108139758096	0.00028016473259927834	0.012228199360535907	-0.006436267723695275	-0.022290404822741607	-0.006693330882376342	0.0023403039043585995	0.0040790957876564605	0.015281947654444706	0.0024945297394809024	0.007205123913100266	-0.0025267608796344394	-0.0	0.0	0.0	0.0	0.0	0.0	0.0	0.0	0.0	0.0	0.0	0.0	0.0	0.0	0.0	0.0	0.0	0.0	0.0	0.0	0.0	0.0	0.0
ec1420	-0.16547021090975622	0.06643010198981142	0.06072326066187618	-0.028920088668301026	0.0370626358924556	0.004297837402084504	-0.12786784522557745	-0.04683498555706902	0.07975428243833116	-0.03665166928691955	0.000744700797859014	0.10142317967099786	-0.013414624878563349	0.008715842571949956	-0.013615440049279046	-0.0024670458292678785	-0.0445797705037336	-0.00230185944964691	0.0393464633093781	-0.04522376684762954	-0.0212795223831323	0.04313870940999378	0.017085270615039862	0.01865771769653267	-0.023784148366057405	-0.0086969827139611	0.005753445181838643	0.02289943787752454	0.022630547074469633	-0.005456917585875187	-0.0014883486299112094	0.001359747551470281	-0.013464774740111589	0.011137630447199417	0.011020509576045499	-0.015084230437050043	-0.0275842008335101	-0.003870106480863241	0.012618607064991957	-0.0010354909081715935	0.008940414410991047	-0.0022219807144266855	0.024804471744599585	0.015581585686670268	-0.005950691234193451	-0.00824993356294104	0.0013468717681442627	-0.0	0.0	0.0	0.0	0.0	0.0	0.0	0.0	0.0	0.0	0.0	0.0	0.0	0.0	0.0	0.0	0.0	0.0	0.0	0.0	0.0	0.0	0.0
ec1422	-0.1228580166586455	-0.22835492465646742	0.009432953118946248	-0.04780257104263271	-0.039482421980085315	0.001422749504904738	0.004125218024728438	-0.044294731419192976	-0.01170557672782879	0.0010372853720615797	-0.05364880654858914	-0.04482403444165207	0.006400047487327377	0.05818191291487212	0.036407617289715644	0.00042323134094033926	0.0041605217880075355	0.01873128212731533	0.027297552327760096	0.023904734291140522	-0.052577178480746674	0.015865618857119682	0.005991196529482146	0.012039548180544729	0.03365568827869652	-0.02594608527723477	0.02880595078317812	-0.0008529892365025803	-0.0213172191480403	0.043960956672134684	-0.029472269102844513	0.026413908910895123	0.013041292437754377	-0.01695087174105944	-0.039120827881977294	-0.02089533808193867	0.01684133574071789	-0.032951581084973994	-0.05443548811434955	-0.011450532704799805	-0.03385563436875741	-0.019834177786896133	0.012681712273123456	-0.010484937945229915	-0.00025880256341972904	0.001987933690446442	-0.0008729810908747935	-0.0	0.0	0.0	0.0	0.0	0.0	0.0	0.0	0.0	0.0	0.0	0.0	0.0	0.0	0.0	0.0	0.0	0.0	0.0	0.0	0.0	0.0	0.0
ec1424	-0.043612905755921014	0.14912066825311004	-0.14370149902476298	-0.1031387991831726	-0.00370572133150193	-0.007008686763912145	0.1060547138249777	0.016961694140111276	0.047283105898664766	-0.04801982514122172	-0.11565591131037022	0.0178872420901303	0.05786916208411331	0.040684529617561166	0.019687288042794637	0.00770112495802668	-0.021335631477246084	-0.0076289166178908595	0.007053134364224531	-0.0017044333560519392	0.010428261721955299	0.04365759285437885	0.013886632829264703	-0.01467215714879884	-0.010550105460526421	-0.010930156008551076	-0.015036833503582465	-0.008517369266329322	0.02429064831421765	-0.018319902922235096	0.01033954865744044	-0.007391524338530075	0.016540776451442828	-0.005552611198467925	-0.04333301524770464	-0.011611791488467867	0.0011644221760182803	-0.02120501512388047	0.01258754803096253	-0.017264576163727955	-0.001097591384580291	0.011803395202115213	-0.00015614401818677832	0.00164339901090399	-0.0011013148487018076	0.002215295636163867	0.0004304485356070675	-0.0	0.0	0.0	0.0	0.0	0.0	0.0	0.0	0.0	0.0	0.0	0.0	0.0	0.0	0.0	0.0	0.0	0.0	0.0	0.0	0.0	0.0	0.0
ec1425	-0.0863063345600869	-0.03756518237177389	0.020003208259769104	0.10939710392858525	0.2506109070969008	-0.07389078443874537	-0.10411188157531714	-0.07347848830079806	0.029758226320116217	-0.12984206115757496	0.03298509044544569	0.020596132554047793	0.03178330027299962	-0.010386172055706256	0.02689813848862985	0.02887218702166523	0.012428985421713043	0.02760373351044532	0.014802702968950698	-0.007991286298503748	-0.055450381575525724	0.04224448399740008	-0.014128066794218661	-0.015476440199386293	-0.0013463591048968233	-0.0040475983243255876	-0.01337555144259407	0.0031395631453521216	0.0012921160610954152	0.007257173072611187	-0.035314054629626716	-0.0013708491110716746	-0.028090912449199333	0.012700514424589724	-0.0027731616930975747	-0.010182867153630714	-0.009949182762653311	0.004823449580636514	0.00530589487184353	0.0016413161898595776	-0.0013663338372088489	0.017931538018502148	-0.0032086171910432784	0.0007292265960996465	0.0033693220000810867	0.003100800518088957	0.0007381457484414436	-0.0	0.0	0.0	0.0	0.0	0.0	0.0	0.0	0.0	0.0	0.0	0.0	0.0	0.0	0.0	0.0	0.0	0.0	0.0	0.0	0.0	0.0	0.0
ec1427	-0.1260175824111578	-0.0259807156381709	0.004003611503731278	0.17811280051442585	0.23552952182311315	-0.038288411159341985	-0.022897561143824272	-0.0174438012140254	-0.0016013683212745362	0.0441044226736238	0.020509630298742438	-0.013681637180304868	0.004343642238420758	-0.003978197296980409	0.029470961854690433	0.03653289473189341	0.02773576176130201	0.0007519733855937402	-0.003679184399415834	0.04896097747960174	-0.0036760412725567447	-0.022389421960599613	0.023087370678326835	-0.011213021826780233	-0.02325385205651703	-0.004467371610467324	-0.02200095378818581	0.005169132405615188	-0.022001538294175473	-0.0039597826623796505	-0.0016738679340706018	0.03534776182680552	-0.006793856443138119	-0.010577388292332113	0.017666312201955026	0.00925645612185262	0.016355310372035154	8.355774731933769e-05	-0.006909151098207726	-0.005770614042309555	0.017830975080059343	-0.005446385999930621	-0.000651789082711504	0.015911247172631385	0.022616753667780102	-0.004809459715731329	-0.0006301392327905743	-0.0	0.0	0.0	0.0	0.0	0.0	0.0	0.0	0.0	0.0	0.0	0.0	0.0	0.0	0.0	0.0	0.0	0.0	0.0	0.0	0.0	0.0	0.0
ec1435	-0.023885780168623874	0.1516634643861473	-0.16319245553815023	-0.10605051666510885	-0.01745887016317904	0.02057589576783915	0.1355273702812307	0.03383880810425594	0.016379307426913656	-0.08959296025757858	-0.07024184522258313	0.04981773969645322	0.033924869817364825	0.044804497122413245	-0.03436098710348339	0.045341487195231525	-0.0119951286051266	0.004356213098318666	-0.016596635865727457	-0.008104410032050523	0.017686314303149226	0.003457151829176949	0.005008288380186228	-0.013715763852997803	-0.026797231043799368	0.0039422460792651265	0.04539621699838775	-0.010790112715363035	0.0007830154150251696	-0.027560133590348302	-0.027486230713447826	-0.029685333662598345	0.00677737655680902	-0.0006428635864769675	-0.00836913685396852	0.015678776325798185	0.006981900802045709	0.03061795978843825	-0.019438120949626853	0.036257595093230725	0.0009753206702833758	-0.012912632857716206	0.005410403370940247	0.00722708874069189	0.00038666300771245094	0.0010230470320245454	-0.0007218668040552072	-0.0	0.0	0.0	0.0	0.0	0.0	0.0	0.0	0.0	0.0	0.0	0.0	0.0	0.0	0.0	0.0	0.0	0.0	0.0	0.0	0.0	0.0	0.0
ec1437	-0.02870525000567172	0.16115141265564695	-0.1225869889401919	-0.02243369855987476	-0.06189906475182282	0.008449038472893234	0.01645036799251296	-0.13906368496491153	0.03738614676153174	-0.03418520981810619	0.028510176089120782	0.06593238626455042	-0.011372647371489073	0.006160386525122186	-0.00904853736119538	0.04699217567824119	0.024305001999160046	-0.009922900755295847	-0.027315744335187728	0.02578925285633204	0.021331424145560517	0.007064974599520661	-0.014955125121968608	0.0008266087552228905	0.0258115404202078	0.009147521864524394	-0.03162659219604375	-0.036297121756992706	-0.025074509827558114	-0.0410850475689156	-0.015991634256298185	0.002679084850642308	-0.029160864893881085	-0.0003638424372235065	0.03429973327121022	0.007436073978915611	-0.020867169770860325	0.017047024266434743	-0.02865265862911539	0.0027173348905915047	-0.025223347971382905	0.0040858237715517744	0.002667594294384039	-0.020418029044296324	0.0031308097297468485	-0.00645981623621625	0.002577792296018937	-0.0	0.0	0.0	0.0	0.0	0.0	0.0	0.0	0.0	0.0	0.0	0.0	0.0	0.0	0.0	0.0	0.0	0.0	0.0	0.0	0.0	0.0	0.0
ec1442	-0.10569025820550221	-0.3725018277457001	0.007925008180269283	-0.05857678002029599	-0.04470074889091999	-0.052479656488063194	0.043462414007979205	-0.0035913182185204296	-0.09636590834486358	0.027110577035080567	0.045985074533271705	0.03217085056859248	0.04091883872095887	0.10321215803425636	-0.15496436600307167	0.05767781790650437	0.0021509667495959914	0.06712905104486319	-0.030074848740899718	0.0046720017594220715	0.0068109604548730876	0.06456755097939518	-0.01915596570260474	0.002185588168466421	-0.041055506409802156	0.08529421255285734	-0.03174841233936164	-0.010278686258130932	0.0028639075231951232	0.023804844322743643	0.07968981552385494	0.010714479043746722	0.015194290405308217	-0.017744558015165814	0.016425122440191044	-0.004784446533099751	-0.02134450346041381	0.008809233100261016	0.0003641812495433233	-0.01937571562052578	0.00029143338319741245	-0.004539068431767228	-0.002563749690430248	0.00886953239110833	6.835779263728045e-05	0.006534692892838195	-0.0006503195556915438	-0.0	0.0	0.0	0.0	0.0	0.0	0.0	0.0	0.0	0.0	0.0	0.0	0.0	0.0	0.0	0.0	0.0	0.0	0.0	0.0	0.0	0.0	0.0
ec1449	0.44740273742490677	0.05858903804672082	0.16297448852659002	-0.12520733612355905	0.07602414840467223	-0.24787026241828158	-0.05163216340896014	0.07251202937474521	-0.31288307111637703	-0.008062037363766865	-0.02591640548248652	0.11688436095019863	-0.08321833363737528	0.025414217325207725	0.07863095933872766	-0.0384459160089963	0.026269938261874473	-0.08698635817197362	-0.06628554687332344	0.01114691149532948	-0.013070920615960845	0.05657635519617303	-0.0005091875233645586	0.011639601645607652	0.004791196851886929	-0.0009164064382878982	0.018951554933219966	0.0014898587297714689	-0.017679119639072118	-0.029019027188265656	-0.006690995032240284	-0.00037373663626874125	0.016808983763683782	0.0035686109415578294	-0.002062339619423671	0.011256887464005074	-0.005610428824963317	-0.004054013994293315	0.0024660121113974764	0.0017986708826783528	-0.007064431931013033	0.00022028231011261948	0.0034104487967914487	-0.0013671672235671716	-0.0005364846607969902	-0.001294440252701323	0.00012050743665892659	-0.0	0.0	0.0	0.0	0.0	0.0	0.0	0.0	0.0	0.0	0.0	0.0	0.0	0.0	0.0	0.0	0.0	0.0	0.0	0.0	0.0	0.0	0.0
ec1457	-0.018080685746272813	0.13935766026948085	-0.1320845981098548	-0.14318653384692115	0.09315290400629277	-0.008510611197406245	0.019745225169794847	-0.05655863216215588	0.05428325165847396	0.09686027123426964	0.022866245105554333	-0.002109965865789351	-0.033238247162185236	0.009847725905020135	-0.0566823143372088	0.006118860213139263	-0.004107282375368811	-0.05090380831361338	0.003545550075182463	-0.0005457774510929323	-0.0037674988999811267	0.009697671350120543	0.03814937901629264	-0.08299060561867004	-0.019640047867653037	-0.0023318212116206476	0.03408942577119425	0.052554505365028016	0.013585337217848159	-0.016367940070037137	0.012370330860084738	0.03819229708255237	0.05144843837538409	-0.021217811869403268	-0.03586232370166434	0.014493023245089505	0.012262968839895494	-0.01818013140301439	0.0011111939117673748	-0.00641876647367766	0.010289173302390478	0.0024684988088379844	0.0003600301333010871	0.004417011364738931	0.0047677157590408905	-0.011278922951491492	0.002316689295286081	-0.0	0.0	0.0	0.0	0.0	0.0	0.0	0.0	0.0	0.0	0.0	0.0	0.0	0.0	0.0	0.0	0.0	0.0	0.0	0.0	0.0	0.0	0.0
ec1462	-0.12212212152693536	-0.25945433190835726	0.014764760755522	-0.07017352455778617	0.010875213007588232	0.04371399772921916	0.023573759423115733	0.03170338040615323	0.010621444848995161	0.001010216979256306	0.007157682295791966	0.009449881226712779	-0.011204822114508484	-0.019719974266332145	0.034149552732396386	-0.02610627812455137	-0.012997891663935144	0.013571964756095643	-0.029529573972766555	-0.018866432420939893	-0.04170034048852538	-0.021781811517437553	-0.03750301546611604	-0.011129503343795926	-0.02186651691123006	-0.028681075011754122	0.024394224190830677	0.014470195745342848	0.019000635121477625	0.013145485167448413	-0.015094581218481631	0.009425135935556366	0.01754493551075147	0.0020571442841308307	0.00829845303750671	-0.007540766367788276	0.009508830857597341	0.012744013660333611	-0.0014985096820538202	0.019502225962715	0.013869266484763644	-0.00016435696439621149	0.02692218365009231	0.008597206981967285	0.005637798645724881	8.110227688386367e-05	0.001125590372849389	-0.0	0.0	0.0	0.0	0.0	0.0	0.0	0.0	0.0	0.0	0.0	0.0	0.0	0.0	0.0	0.0	0.0	0.0	0.0	0.0	0.0	0.0	0.0
ec1468	-0.23182399610548787	0.07001694324706116	0.09117764997816519	0.01513019766214283	-0.067374816254932	0.0317211432119525	0.06486686359441905	0.025845751921494825	-0.04552835518118081	-0.024489637549182538	0.024722020036306698	-0.011857799542112682	0.018775426004150775	-0.0343495404051915	-0.004820104990327401	0.04081652456770117	0.002573473469930451	-0.01966871528045403	-0.034373954332545566	-0.007870758670095143	0.0007935543045648898	-0.010055093790833402	0.011939869025630512	-0.023439272056779054	-0.0021880632373142803	-0.0006908426400098121	-0.00600731617538045	-0.000704734248458546	-0.018105242436742542	0.007219959353681595	0.004122335417542536	-0.0016128716447765612	0.0027819101953955746	0.0017464124731282897	0.011455980356471204	-0.00019986766408863164	-0.0026444361634050412	-0.01135899779165934	-0.011641367872294747	0.02292841032540279	-0.0024184105384553733	0.0026355826592873947	0.0047081525102655895	0.006921260509595173	0.002998516226368596	0.002940846148957199	0.0006960751362089211	-0.0	0.0	0.0	0.0	0.0	0.0	0.0	0.0	0.0	0.0	0.0	0.0	0.0	0.0	0.0	0.0	0.0	0.0	0.0	0.0	0.0	0.0	0.0
ec1469	-0.034139075749412114	0.13644130598852808	-0.1247696889093023	-0.16895419002734693	0.07382714678835987	0.01610566565821444	0.04682024352505369	-0.052841388547196194	0.013637490450504944	0.015885089832249115	0.06565901108265276	0.08335452559419691	-0.0871209766784076	0.030522620343838864	0.03126014067491297	0.034602554393267496	0.0020697702236838096	0.026860364200671907	0.004392186090478992	0.031051528831348273	0.06873523118695118	-0.035935384875887336	-0.018878727067812018	0.029791354761208574	-0.008694871022304797	0.006820343800363576	-0.05088129232922866	0.05089079114167675	0.0111282664170956	-0.014201954792273154	-0.019199734551522317	-0.0034646034448332697	-0.02975436597378625	0.007442712524590054	0.028273825901342774	-0.02708770851687901	-0.0026635504705506833	-0.0165645410665281	0.006226305425808261	-0.02408252630347393	0.011473503698402223	-0.01917582279551757	0.011948931508888289	-0.0029437265348248452	-0.00781086274481043	0.003997507670233584	-0.0033720151644367445	-0.0	0.0	0.0	0.0	0.0	0.0	0.0	0.0	0.0	0.0	0.0	0.0	0.0	0.0	0.0	0.0	0.0	0.0	0.0	0.0	0.0	0.0	0.0
ec1470	-0.011896673414894863	-0.20663901826273595	-0.08409606795043036	-0.054501542728761045	-0.013707883309395315	-0.0026482548713668507	-0.05260204444342914	0.16979500543097537	0.03081667852836802	-0.06266800000967561	-0.016761462194482192	-0.014906929979605795	0.0018488023087245462	0.028284214273394975	-0.050111102497672734	-0.0927256239827771	0.06868641228582882	-0.0593007624393985	0.06927756975865476	0.07375055947992266	0.018365021721610246	-0.024455441207418147	0.02967020067121956	0.03729890314262875	0.07667619937875278	0.012496530869997663	-0.029309432552030168	0.03043882115947773	0.03451427626725528	-0.017549655436215703	0.012088966969345303	0.03350890348379466	-0.015088949737360347	0.008705118755259582	-0.017701801488907546	0.0023942252362482057	0.008492419538612838	0.025584828257498995	-0.008486492692615187	0.0038020318660140274	0.005919206532370274	-0.008482753749184108	0.010251330266068314	-0.003164698138256472	0.018477730015004856	0.0021414508493880244	0.001993643832565593	-0.0	0.0	0.0	0.0	0.0	0.0	0.0	0.0	0.0	0.0	0.0	0.0	0.0	0.0	0.0	0.0	0.0	0.0	0.0	0.0	0.0	0.0	0.0
ec1489	-0.09874179123989926	-0.289032609324429	-0.017069382176760097	0.051003206335851196	0.19248234677637271	-0.057972677122104584	0.03577343130758318	0.045640729176032055	-0.01431409951670993	-0.042106130941642984	0.07513940693424798	-0.017935282714685034	0.018490096354531298	0.006790591461755608	-0.05858463007680088	0.030274408242279397	0.0249489354685015	0.05562762652986319	0.0022134335484723187	0.015098485370654901	-0.026513534422800536	4.069717773823191e-05	-0.004149207092653381	0.012509572330769367	-0.030040708712484356	0.01489510218516583	-0.007694743096797536	-0.002699571170150729	0.0020868371822607193	-0.008313096779373828	-0.023034915275454395	-0.01846149500958229	-0.019556360357856864	-0.0079129210331557	-0.014551726754765272	0.009993335657786826	-0.0031343419428227996	0.0053058472502002805	0.0025937949809017938	0.010080332859187401	0.0007747956935411689	-0.010512188834327104	-0.003946582850789063	-0.007536303821772694	-0.009832198935878288	-0.007235400480091903	0.0027654124112231047	-0.0	0.0	0.0	0.0	0.0	0.0	0.0	0.0	0.0	0.0	0.0	0.0	0.0	0.0	0.0	0.0	0.0	0.0	0.0	0.0	0.0	0.0	0.0
ec1492	-0.21140997853245747	0.07438919887846489	0.09873935943575057	0.020777239755398046	-0.07564218274180232	0.03354538038105397	0.07000742358484398	0.03451923438968099	-0.0646448329220317	-0.024473491694152055	0.02953602036059089	-0.011052712682216512	0.02272355251344521	-0.05955921613576673	0.0008327970379191914	0.050598271571576064	0.0034325260951547213	-0.03210574791886325	-0.04998940050083079	-0.014840676291002186	-0.011641437633303739	-0.03590920067357164	0.031149372331045994	-0.035249718225253024	0.0011465596885555532	-0.02668140346478118	-0.009371502150906074	-0.012666146446185567	-0.0489986611831352	0.02710270209379576	-0.004426744782629731	0.051311260524071624	-0.018362476271284272	0.05965019146353184	-0.05316191286804748	-0.006260004796362181	-0.010315723050422951	0.06671475609847086	0.018338952337286288	-0.03926337722453423	0.006944985367850285	-0.01251623087259333	-0.0037440196509472314	-0.0005599910470136404	-0.007949015689861116	-0.0025196929456281028	-0.0010612529873966316	-0.0	0.0	0.0	0.0	0.0	0.0	0.0	0.0	0.0	0.0	0.0	0.0	0.0	0.0	0.0	0.0	0.0	0.0	0.0	0.0	0.0	0.0	0.0
ec1493	-0.02668981898123771	-0.21256948938510378	-0.10197627542044344	-0.10922663630791032	0.038413393765465965	0.012993193646342388	0.011238546297794232	-0.03481492266443684	0.07390189276339336	0.0587509368069609	0.005190730268065207	0.006329816612195848	-0.030110693111464693	0.0005197230829603311	0.05263781280650325	-0.03014930780089037	-0.02271082397265431	-0.015567133180610754	-0.0073309971829272945	0.046692406003112724	-0.026128188284101406	0.007133448876156178	-0.04110293615430217	-0.0029589222392959933	0.00582948493747636	-0.04819910656431584	-0.0009332525977210237	0.04152919180011882	0.011357841810536482	0.007799736951167756	-0.010689518554226972	-0.0022621839447131316	0.05722419402261703	0.04114626412156168	0.020894697069379246	-0.020585121925991712	-0.06865463983915988	0.009920651748619612	-0.02670835704156947	-0.008191347859436749	-0.00042913209706591714	0.003603409990520115	-0.020671865442970058	-0.0019835649041887522	0.002998539624859087	0.00308850616702141	-0.0020612559549506183	-0.0	0.0	0.0	0.0	0.0	0.0	0.0	0.0	0.0	0.0	0.0	0.0	0.0	0.0	0.0	0.0	0.0	0.0	0.0	0.0	0.0	0.0	0.0
ec1497	-0.028607328824145035	-0.30274248144779636	-0.018520819864094224	-0.08101713156621886	0.03529367243850677	-0.01597609630271836	-0.08019873994496264	-0.01739153065961094	0.01147980695052796	0.07161789905501545	0.04444378269553793	0.02967766933296402	0.06950101602040405	-0.03595132740258991	0.07447697622388717	-0.10654021573512286	-0.06427897585426454	0.05840092557442684	-0.0662032133403869	-0.020583581777748265	0.11912926859512277	-0.07119555480170037	0.08838926500353704	-0.00537367940362091	-0.022802956254974076	-0.010531208730315593	0.032847837225334166	-0.011372230638401683	-0.004546042423828295	-0.013019212958001286	-0.003406498791785099	-0.035116474783186004	-0.04368618278644661	-0.03552103716865029	-0.026819163801622792	0.015036587256490135	-0.014470545794487812	0.006219451316652735	0.008763536771344137	-0.01322594105421081	-0.025167349738940345	-0.0010026767718211511	0.008239277669210713	0.0017495389778463244	0.004354870097802943	0.0022214929187583123	-0.0013171671343504513	-0.0	0.0	0.0	0.0	0.0	0.0	0.0	0.0	0.0	0.0	0.0	0.0	0.0	0.0	0.0	0.0	0.0	0.0	0.0	0.0	0.0	0.0	0.0
ec1498	0.48630977506340023	-0.08752469640724601	0.04201233373555205	-0.048869913990308794	0.013012343957716692	0.12511403232175816	-0.014861470167885622	0.006464225674151717	-0.09081853810985994	-0.009360663740433053	-0.15050987244179995	0.050747389397490246	-0.02806073668656642	-0.1151066200656236	-0.014019714922410623	0.040191963842055964	0.01684502513816854	0.10182846989707707	0.02867004252717693	9.59333946762457e-05	-0.054338226324202696	-0.07061683569355107	0.14561958957280235	-0.026233650335983863	0.013800263189845669	0.053071768815683575	-0.024853804504982504	0.00950398883303861	0.04176991968599074	0.01713065968842659	-0.0008195408804847406	-0.006768768497921563	0.0076013876087764306	0.018808366514660238	0.028435842944635317	-0.03459067173996086	0.0044943652538362135	-0.0039086899764868305	-0.011720165334650298	0.003576860228762924	0.0031151619226827917	0.004072138320461985	-0.006806734796704697	-0.00016807952892479992	-0.0013111616605019159	-0.001972664065725707	0.00025327206317902025	-0.0	0.0	0.0	0.0	0.0	0.0	0.0	0.0	0.0	0.0	0.0	0.0	0.0	0.0	0.0	0.0	0.0	0.0	0.0	0.0	0.0	0.0	0.0
ec1500	0.19906695470236918	0.08065104727883565	0.3128017835031098	0.05779999634529385	-0.028074638557538306	0.08576427740337725	0.07866855952130665	0.09045281726035707	0.10602930940248564	-0.060787857738699685	0.06846536147519186	0.022940766685371983	0.0285516213202896	-0.016338471454047283	-0.009162983639961304	-0.015425089969928146	-0.007484682368645313	-0.05349075096751158	0.0057526529196110345	-0.009727580462573094	-0.011372564481236438	0.013251249595483055	0.041806846755645284	0.033115738258221325	0.004581456777803659	0.01994666363734148	-0.013626762338724228	-0.027500173296226525	0.00822715039575621	-0.005110404334335322	-0.008614144692508473	0.007723930211908418	0.0150207426298173	-0.021369612353098952	0.013207794177921296	0.02844067950131805	-0.040219080771331926	-0.009366436841657517	-0.002926242599192358	0.0014063059076465025	-0.011223612312922852	0.00967255257036883	0.0023124233967904634	-0.010783648932271527	0.0010839843562273316	0.003205691223815355	-0.0025755778930612394	-0.0	0.0	0.0	0.0	0.0	0.0	0.0	0.0	0.0	0.0	0.0	0.0	0.0	0.0	0.0	0.0	0.0	0.0	0.0	0.0	0.0	0.0	0.0
ec1502	0.10985648643719328	0.08537873170076613	-0.21518543644426907	0.18308025142756196	0.16415979392349137	-0.008908677797371605	0.07095537701244763	0.09135389785542541	-0.029236169208122855	-0.06557623758205212	-0.06403982527834243	-0.07761578449705621	-0.029899011869661467	-0.007136211987310133	-0.018894723852017074	0.05459261926743986	-0.040858005616494775	-0.00636846251606402	-0.07277521503427337	0.028328864399759505	0.04687817394626481	-0.037177914979482876	-0.002304375761066944	-0.02486643703380752	0.005370301427606569	0.007537231585165792	-0.0031733117702416333	-0.007152310564006411	-0.03942805041991216	0.015829012859921988	0.018697862417290493	-0.0537802571965289	0.014435285002794057	-0.007190926709097573	0.003164466934787894	-0.004832186209890384	-0.007932703959468818	-0.004926178426117225	-0.005245518389907022	0.007523602103155698	-0.0027939423121521993	-0.0040762257600008055	0.000695132117575499	-0.006977509738571053	0.004611877387125043	-0.004101682559283001	-0.0011082024516730104	-0.0	0.0	0.0	0.0	0.0	0.0	0.0	0.0	0.0	0.0	0.0	0.0	0.0	0.0	0.0	0.0	0.0	0.0	0.0	0.0	0.0	0.0	0.0
ec1508	0.1266629127980385	0.010786786543519234	-0.12440638029368546	-0.07309989161511557	-0.02169066932042561	0.037166876041887745	-0.07986605502708102	-0.17824186773025283	-0.09636639990753587	-0.1615709188145375	0.0860662458760812	-0.1448105156516947	0.1305525322474382	0.07189910212303029	0.08193057692169482	-0.06053500274046643	-0.03859718064253965	-0.06111092265583504	-0.04311926862715103	-0.06151960080936478	0.026641203021344848	-0.003975713340475375	0.024271534486580107	-0.016356820444598096	0.024112766637573963	0.030640971518541008	-0.048587839012834026	0.016263538517783543	0.006017066625780143	0.03433481268427005	-0.014746398888490853	0.002842217632503336	0.034868131952168355	-0.009542180819621595	0.023897838054560232	-0.010955895749943469	0.021491043081208118	0.0036355218626107004	0.0010301393840746447	-0.0011453930470007063	0.022032280206588272	-0.005378630986064261	-0.0033421634708950564	-0.0016661333910812988	-0.0055845167351809616	0.0014133562749294854	0.00035969670851425053	-0.0	0.0	0.0	0.0	0.0	0.0	0.0	0.0	0.0	0.0	0.0	0.0	0.0	0.0	0.0	0.0	0.0	0.0	0.0	0.0	0.0	0.0	0.0
ec1513	-0.2266121241626878	0.04455039131268265	0.060947197096254443	-0.08930979803912266	0.09045077557654545	0.04271797781142929	-0.0279444013684	0.0016045213118788977	0.024071406841713633	0.023991086941552695	0.0076127657262707515	0.04381597027346479	0.014264819053083978	0.0005162485864393884	-0.010047212220234523	-0.006294435024831044	0.0033887442677002933	0.001880942993203749	-0.0003532406481905989	-0.0015060898847184692	0.003680029789676193	-0.007519186998520959	-0.0005225672223098354	0.00949542869885984	0.005184986608261392	-0.007830043022439313	-0.0003777301853537511	0.009516253592913814	0.014009465103108246	-0.008268535857929119	-0.0040436787811857925	0.009845760752257746	0.0014523394642590348	-0.016481878685640397	-0.007879513284032507	0.0009802129575289377	-0.014113849717168298	-0.009213002540458244	0.010574262119162972	-0.004753920788967262	-0.003265432000577769	0.007779453066766348	-0.016477998683850015	-0.0030686047251381574	-0.010851814462001981	-0.011111159051356852	-0.0014181854095526249	-0.0	0.0	0.0	0.0	0.0	0.0	0.0	0.0	0.0	0.0	0.0	0.0	0.0	0.0	0.0	0.0	0.0	0.0	0.0	0.0	0.0	0.0	0.0
ec1514	-0.24483986279061856	0.05162406480148701	0.08748492715499392	-0.08224482907976202	-0.009848617715006716	0.043117533310672605	0.051044311901654274	0.004847090029658322	-0.05322451608711238	-0.042050940558393084	-0.010497846277432695	-0.013661289730951227	0.03749090053821565	0.02296164156282353	-0.024154906109880785	0.003621699928672848	0.004545215082228163	0.024893953817049945	-0.005288914046442217	-0.026136742773338825	-0.040370753172126836	-0.01207428422250314	-0.010079614414512024	-0.014540951596166373	-0.008495160549370884	-0.0065366127530256885	0.01966803730897533	-0.0031634405278997686	0.003711984933600493	0.0026579219984657785	-0.0022901763360778952	-0.008044887279128422	-0.004944541956252827	-0.017631813918255478	0.007511251327163388	-0.007096142280052637	-0.0020266083037220606	0.005989936696149252	0.006201795344347428	0.0024363767198422805	-0.017459630021769354	0.006550409435083834	0.00047999205326490263	-0.0007414083119718424	7.292286502234552e-05	-0.01383614153882068	0.0006076614530996797	-0.0	0.0	0.0	0.0	0.0	0.0	0.0	0.0	0.0	0.0	0.0	0.0	0.0	0.0	0.0	0.0	0.0	0.0	0.0	0.0	0.0	0.0	0.0
ec1516	0.11898117608667538	-0.19586965513778343	-0.18850649642938774	-0.04979644871035152	-0.011931337342905645	-0.016333597163712573	0.06005074942809069	-0.06914934348561697	0.025725940230371225	-0.03499386217295605	-0.003050324611237166	0.04041388539259588	0.015303413629613388	-0.19200071973032645	0.009294403421319325	-0.06097315197705915	-0.05924744009385612	-0.01784251523299999	0.02212842709436843	-0.012590529134719952	0.02309137316190445	0.05548423610479409	-0.03701880900723388	-0.04325563068074859	0.0009587376506511607	0.05864462353278776	-0.025265979176422416	-0.021401934069052088	0.02720751995575812	-0.06009351554796794	0.006944113733287579	0.016234269270697772	0.006193691750626523	0.018052602865853334	-0.021076884129606167	0.015295830540349956	0.019029485799070725	0.0009607068030651171	-0.0011641955267749035	0.005063907636673578	-0.007555771175511663	0.008826013149852529	-0.014296813700347811	0.0007096798731040939	-0.004888997054025412	0.0013014047337619528	-0.00018945290531366337	-0.0	0.0	0.0	0.0	0.0	0.0	0.0	0.0	0.0	0.0	0.0	0.0	0.0	0.0	0.0	0.0	0.0	0.0	0.0	0.0	0.0	0.0	0.0
ec1517	-0.2103499650251189	0.06668257282982522	0.08206664777761355	0.009784660392338825	-0.011186918657608179	0.0538845896534632	0.02859947526656017	0.07764605302335943	-0.008209286184948586	-0.005272554389197864	0.07383970235839035	0.0162143183938832	-0.0037856244592971633	-0.0794465836792044	0.017796608354522788	0.02617321482060377	-0.0066798562184036845	-0.039050597136096786	-0.028326475595588603	-0.019954110766339166	0.006262474362480742	-0.012551606146344162	0.006108758372523971	0.002275191078005525	-0.019882072238465116	0.008234190880800754	-0.009670250927300856	0.0073069162552670845	-0.01188448340381209	0.0159311501899309	0.00013803615821176272	0.02584012048240991	0.03196560281962181	-0.02576782493591902	0.00796071173292048	-0.012404855545164626	-0.00037847816903668213	-0.016903867546206056	-0.0013390352406778244	0.013787651409886083	0.010315788271331339	0.021849325623100456	0.009524031816087828	-0.014914141735502096	0.007483813863130841	0.003169392241824872	-0.0011343628737521944	-0.0	0.0	0.0	0.0	0.0	0.0	0.0	0.0	0.0	0.0	0.0	0.0	0.0	0.0	0.0	0.0	0.0	0.0	0.0	0.0	0.0	0.0	0.0
ec1524	-0.2258239497921002	0.07537071357365027	0.07617362386599526	0.018644824212185496	-0.05304872215197143	0.026071292476033656	0.02866338135202172	0.009093810339443687	-0.019099917560406198	-0.009218757110766833	-0.006097458227551432	-0.0087717773659532	0.014639454842892415	-0.022093078071677853	0.016084714351622006	0.03592180285943622	0.005095634493814649	-0.027836217821865423	-0.02929352389200707	0.01802939320886401	0.020535631014786036	-0.008786373461204039	0.017860818083452218	-0.016758352075637077	0.030581379218968238	-0.0018798972453208452	-0.013681315358374324	0.0014569909268288125	-0.019945435826397254	0.013903856900402346	0.020745555753180312	0.026774588947851053	-0.008897089645637067	-0.00921405119566251	-0.00976886477645116	-0.019821430846162908	-0.016010478257210428	-0.0379914830323901	-0.0023614521517078186	-0.015382613819572214	-0.008540490289128906	0.017018801721188796	0.0039623735034768825	-0.0016829534274374867	0.008221197126862966	0.0010074573919901027	0.0004726950213449809	-0.0	0.0	0.0	0.0	0.0	0.0	0.0	0.0	0.0	0.0	0.0	0.0	0.0	0.0	0.0	0.0	0.0	0.0	0.0	0.0	0.0	0.0	0.0
ec1525	-0.10983502727290194	-0.2559001837047927	0.009624299519334746	-0.0728835257889568	0.015841527655295406	0.05568361384889135	0.025274751629849455	0.05452475109230084	0.0010459924144868022	-0.012000748494955336	-0.017031235913380228	-0.03074178336859479	-0.02671884814794492	-0.03473807165570935	0.02443854022086222	-0.022388030870965973	-0.020499625518105084	0.009470727678479523	-0.02694429956614668	-0.041014735074620126	-0.04201716030943187	-0.00583200619032613	-0.05276602710921033	0.011323553280637583	-0.004285347955589153	-0.03729499734743252	0.051543435611050584	0.004148231633815323	-0.01981201232032332	0.026228873670843235	-0.0010393232185743043	-0.029095911568887613	0.00648431942541354	0.013425524623387088	0.03136367130846276	0.0004883118244418044	0.004055850737261068	0.006427141336251827	0.010627378400339883	-0.009085064112539875	-0.018781901465801713	0.005054523176878156	-0.019179642249935944	0.010020808728191527	0.0050264243237321425	-0.0009652544631727938	-0.0005891242669515909	-0.0	0.0	0.0	0.0	0.0	0.0	0.0	0.0	0.0	0.0	0.0	0.0	0.0	0.0	0.0	0.0	0.0	0.0	0.0	0.0	0.0	0.0	0.0
ec1530	0.47183375351596274	0.01751710616382806	0.09866330743686128	0.01996390358291002	0.009764770583249885	0.11979949886264513	-0.07807712928733346	-0.03817289039444727	-0.14773417867768662	0.04142353537544697	0.003974132232168443	-0.008580957312660542	0.16682507112949513	-0.09359344349075627	-0.05374368654794113	0.08920799380436786	0.013732574343557806	0.019900797160615297	0.13272172330949678	0.019595075630987287	0.11755343516210746	0.01796979360912942	-0.09572210210408158	0.013011649915044297	-0.008494005576407317	-0.05662318759255482	0.028451833508006043	0.01267341107193617	-0.0005714078936452762	0.0037069319872343838	-0.005710038087996192	-0.011993023174253733	0.01697216798117781	0.0073129066533400445	-0.011657272311016506	-0.000987936190327038	-0.010353436490379965	-0.002428872780523882	-0.002262324323271015	-0.002634088961120978	0.0022566751982152373	-0.0008860992995299047	0.007851917699367793	-0.002927038095955449	0.008214963223616922	-0.002141274170559006	3.0083095337689616e-05	-0.0	0.0	0.0	0.0	0.0	0.0	0.0	0.0	0.0	0.0	0.0	0.0	0.0	0.0	0.0	0.0	0.0	0.0	0.0	0.0	0.0	0.0	0.0
ec1533	0.09799021875939291	0.15193376415587073	-0.15248547399475468	-0.04146301698433301	-0.009763933933270883	0.0318512367848601	-0.11248847019656477	0.05624424406442588	0.024726775488860923	-0.140063306719599	-0.006648602947975489	0.09308420510863386	0.018911609495513012	0.009251344078641721	-0.06227747822443711	-0.08960519610507316	0.11925659858657159	-0.048623459194851115	0.03606346887140641	0.0331275631410412	-0.01601836315807129	-0.0924768426573999	-0.053836613267938115	-0.04416349917995749	-0.026545275513098158	-0.020385593611184385	-0.00867589981345248	0.04322993492311805	-0.027671866330172774	0.02760363440905071	0.041820262868114175	-0.0008876417568888408	-0.01167427015591389	-0.03157296892093574	0.006542521619856936	0.004318778549656596	0.0056593804518194025	0.013377521076872005	-0.00014810157419704078	-0.003249409398364793	-0.019483612066371784	0.01294286712725565	-0.010714415439965295	0.005157041753725254	-0.009207843080258163	0.003958895485824039	-0.0013195001437078943	-0.0	0.0	0.0	0.0	0.0	0.0	0.0	0.0	0.0	0.0	0.0	0.0	0.0	0.0	0.0	0.0	0.0	0.0	0.0	0.0	0.0	0.0	0.0
eti111	-0.023230417123756505	0.11131538932776752	0.11020531391849007	-0.06926911557031772	-0.09705353029916744	-0.20541953370732224	-0.16569043029653632	0.061566887296506015	0.09557014981992473	-0.0644721104496133	-0.07309922916157353	-0.12349297789569068	0.010362837161095498	-0.008750128066333076	0.03566625923819277	0.015196001855928157	0.0684524770484254	0.11826484692663708	0.0016859199777939423	0.00884128526378464	0.0075335109113101265	0.0002904817119381007	-0.013732621735722492	-0.07100619703457199	-0.02787986730266627	0.0005051860366423435	0.02935281619362639	-0.06304859993290127	-0.0020109633381643517	-0.06745631072017301	-0.014713303360301296	0.02507508235643191	0.02352445600951523	-0.019057003489170006	0.009694377620604815	-0.01389069687172301	-0.025612258563865516	0.005044842863059352	0.005240843446023895	-0.004633827748135721	0.018371880113787188	-0.010080032608773278	-0.006411794942363972	-0.0074184625897051265	0.003523727741012661	0.00334546366808716	-0.001837176093447501	-0.0	0.0	0.0	0.0	0.0	0.0	0.0	0.0	0.0	0.0	0.0	0.0	0.0	0.0	0.0	0.0	0.0	0.0	0.0	0.0	0.0	0.0	0.0
eti121	0.08940566439278862	0.16225637526504358	-0.08385846124494743	-0.0757871135501428	-0.08174097117563783	-0.2726547787844649	0.005644236424000081	-0.10955278394424836	0.08761894679479257	0.054723708896041355	-0.024529161233126633	-0.04161243824807555	0.11864022889546197	-0.1373871718734497	-0.07313796369372284	0.011293477836746871	0.04309571395943246	-0.008076491599428502	-0.1012979487134044	0.042140227030747025	-0.05266342143047071	-0.04805229567404002	0.0005830666364156211	0.11956777693318602	0.00042276092612002263	0.021555872163646062	0.03409186461469543	0.040605619593064364	0.0022702200164468455	0.039437584076806885	0.007859367880136857	-0.0068464487425547345	0.0017682474351844752	0.015847357248939264	0.0012672065911375331	0.012653476472091514	-0.0017461686043571487	-0.011436891486766425	0.01004354079994936	0.005991407090338869	0.003167952356489714	-0.0010504611320808954	0.007203276489068789	-0.00018875763143515385	0.0008233565724016899	0.00020951689647595188	0.00030929689627778346	-0.0	0.0	0.0	0.0	0.0	0.0	0.0	0.0	0.0	0.0	0.0	0.0	0.0	0.0	0.0	0.0	0.0	0.0	0.0	0.0	0.0	0.0	0.0
eti125	-0.15674151385228532	0.08473477749211906	0.045388111941222706	-0.012097112042186718	0.025063964370695444	0.03606695148130552	-0.060930726929459895	0.12620929925152566	0.06216742323979561	0.01415911720925455	-0.07587760862207107	0.006580033811786197	0.03091817798523203	-0.030079246417739576	0.00991756387732116	-0.011516114705506304	0.050810474253387035	-0.01791491832723131	-0.01742554787080798	-0.01323321131548048	0.03711951159895399	0.021070661933098256	-0.019748651368498498	0.042105100662946336	-0.013206806169690952	-0.004939464168953802	-0.010241757183431273	-0.05085740340663696	-0.0404465152658313	-0.012353443245245798	0.012323791931458696	-0.019023230372385302	0.012263994046526495	0.01904664650592407	0.022301688053061132	-0.020434807340909928	0.052134583097816406	-0.03148941679935259	-0.010344916108533128	-0.033725978584173644	-9.037874511819438e-05	-0.004580629381121854	-0.0011285195698097843	0.016900486839871335	-0.016729492995326695	-0.0006598515656751806	0.0013062906286498259	-0.0	0.0	0.0	0.0	0.0	0.0	0.0	0.0	0.0	0.0	0.0	0.0	0.0	0.0	0.0	0.0	0.0	0.0	0.0	0.0	0.0	0.0	0.0
eti145	-0.2193036271751435	0.06285282366048027	0.09544340617560103	-0.09529970239345073	-0.01174463661584024	0.021185425022358095	0.053666365404803094	0.01442993877067308	-0.07158562697618567	-0.058619039362458374	0.001887815842281112	-0.005055190026526413	0.0057088639109769785	0.028201411567938428	-0.001953751666239107	0.009188066051061199	-0.00999101538210639	0.028304835967304428	0.015257666395652363	-0.03644697943959758	-0.04602160272255905	-0.03784677896368693	-0.01919760062187695	0.0012384545896550181	-0.01070266577436118	-0.014959353171788526	0.020206714098395626	0.03662364571163414	0.025392801440320127	-0.02189459643058297	-0.007743332259365168	-0.03694143848035233	-0.0646136926567158	0.025577091393683814	-0.01989771189585044	0.05119175956444317	0.0049960291952181575	-0.039586147201133494	-0.0318621922340703	-0.015492858231318721	0.04009546926096535	0.004747392767034959	-0.0198788058818176	-0.006978796656723546	0.007616349357962195	0.0075816235261878615	-0.00017585990683435964	-0.0	0.0	0.0	0.0	0.0	0.0	0.0	0.0	0.0	0.0	0.0	0.0	0.0	0.0	0.0	0.0	0.0	0.0	0.0	0.0	0.0	0.0	0.0
eti146	-0.2460904824984783	0.05238938090054492	0.09002397066145837	-0.08483725205867157	-0.009130615439274667	0.04441817827753239	0.048216164786468445	1.115432052111619e-06	-0.05127626300621853	-0.039693182999946716	-0.011302317191117926	-0.011644653727967948	0.03594425418007318	0.0236561583589905	-0.024076949355377106	0.006560461875177978	0.004215256787335592	0.025409502251981447	-0.00907049759686748	-0.01916952825793454	-0.035204183214965955	-0.007497131341335088	-0.009959329522252954	-0.011238648300615174	-0.008080150292384933	0.00019271373679533797	0.014299603619970121	-0.0036644816085988885	0.009295347155067211	0.0008169426689238687	0.0016123726281840013	-0.0025887576965977284	0.00191865573839668	-0.011939639160550837	0.0006328403574266936	-0.003666240129000012	0.000732723797485011	0.013033584784315053	0.0060783539245293314	0.01377864221874361	-0.005487932054115492	0.0034806128227640536	0.01323571161980461	0.006412233469975469	0.0023676676349943184	0.004632203820562907	-0.0007896984945448962	-0.0	0.0	0.0	0.0	0.0	0.0	0.0	0.0	0.0	0.0	0.0	0.0	0.0	0.0	0.0	0.0	0.0	0.0	0.0	0.0	0.0	0.0	0.0
eti149	0.44088541404854703	-0.10275751147645278	0.09059159990546144	-0.024319112881057744	0.0012073867081769704	0.06753062422346613	-0.019837689489770105	-0.03480252332078067	0.06445923095739196	0.08322781690490384	-0.0025426169169768453	-0.07087314175917307	-0.021825196455857628	0.008194000601962782	0.012885812440362491	0.02476864012694148	0.10091429912059398	-0.1280588365167555	-0.07895420011984844	-0.04852569721196945	-0.0045154758520133806	0.005503156418578595	-0.04309703894614139	-0.06825048520139493	-0.060066780779347406	-0.003908276512965515	-0.003829802057164687	-0.040921667080841315	0.08885138048969074	0.0243179852426302	0.03355533323074339	0.0024393384942187064	-0.0666886074359556	0.01615516288056508	-0.0031951009215169415	-0.018802510588432162	-0.003182127172337278	-0.014246318072574489	-0.004265351393796077	0.016990233038607236	-0.006994670375314316	-0.015017637946512431	0.0023840659989440216	-0.004133969325826084	0.0008570240146486594	-0.0013435583667655083	-0.0002804619385508826	-0.0	0.0	0.0	0.0	0.0	0.0	0.0	0.0	0.0	0.0	0.0	0.0	0.0	0.0	0.0	0.0	0.0	0.0	0.0	0.0	0.0	0.0	0.0
eti151	0.4275155382950784	-0.10878462886478313	0.05361320978504723	-0.03756683407161351	0.005104850584611396	0.1538634564505722	0.004142841284351759	-0.07889341760748239	0.016012222914889365	-0.0003170993227159446	-0.017040251197652293	-0.025492393634372282	-0.05553583776282066	-0.06079995437819695	-0.019084469277118543	-0.03318365135306975	-0.060900738439647065	0.039457656329879895	-0.02592561394504243	0.01642825049812224	-0.09473153917296256	-0.011545625998212274	-0.0710407246611828	-0.016414024567213685	0.06959675653181654	0.003723106678742536	0.0028964294977427366	0.0033596368126088787	-0.09130016184544627	-0.04697380525387031	0.02622186925679779	0.032974856006032956	-0.023940350990606592	-0.028018943533161835	0.005962458453844479	0.020760970290641865	0.00047497628209527075	-0.013662418382640037	0.023186069487938252	0.003419435834537864	0.011596088073643497	-0.01941011835789941	0.01489070378572743	-0.0004811731563115877	-0.006179038832437193	0.00203170474202461	-0.00010633264445557103	-0.0	0.0	0.0	0.0	0.0	0.0	0.0	0.0	0.0	0.0	0.0	0.0	0.0	0.0	0.0	0.0	0.0	0.0	0.0	0.0	0.0	0.0	0.0
eti152	0.39942318754293726	0.1347375463428186	0.16289038620228044	-0.09973245190511403	0.03503092700327341	-0.20505271078257775	0.027651433319173836	0.029206004462513126	0.06298211999880782	0.07305227090446911	0.03685017016687294	0.018691620116693095	0.013389056396062327	0.04164058903289153	-0.09443751341064659	-0.050157881779027115	-0.17014028687192223	-0.0032217010115246796	0.060094359688218586	-0.014434079346632604	-0.034458542166329244	-0.05836242595937455	-0.005631274888678247	-0.023929821749148483	-0.010437477138300694	-0.07323016646715498	-0.0837262486220672	-0.06098346191897877	-0.012178461894307893	0.03368351480574973	0.011558174151430862	-0.01360205125615344	-0.0031183304642482673	-0.0033176428018702364	-0.0010592736353049652	-0.01824607323029152	0.022896817306510716	0.011653059073244005	-0.01799913495268026	0.004813648901740973	0.0066236616304127145	0.004733539864232594	-0.0039006133905538005	-0.004352696784224356	0.001665773765888804	-0.0002533475765292905	0.0001835039354562784	-0.0	0.0	0.0	0.0	0.0	0.0	0.0	0.0	0.0	0.0	0.0	0.0	0.0	0.0	0.0	0.0	0.0	0.0	0.0	0.0	0.0	0.0	0.0
eti153	0.23995254224665605	0.10644564261506598	0.3414310741310377	0.057816601578533466	-0.09511238254527386	-0.08932052010013662	0.09049455891248769	0.07072028771014174	0.08401111816423804	-0.025207970689088352	0.05326569148823491	-0.05012885975074329	-0.017947168190108394	0.035145869606724826	0.0047966057182710535	-0.011004569565379721	-0.028563634542563086	0.07627967159696573	-0.03334492555400544	0.017884316543231353	0.07774036643639688	0.014698697513842783	-0.047997098524940746	-0.05374151695492642	0.03146625318491054	0.05576919315852926	-0.005705835249292135	0.12368470384719396	0.008135590560650696	-0.007342760629696468	-0.03504690809768529	0.003514136865266977	-0.011481457247335035	0.019166553563244225	0.006032864601945491	-0.015767173833971096	0.026573704296842145	-0.0008369242884862997	-0.0003497789405679995	0.0024251091300684638	-0.023379689584826422	0.0007916594561939768	-0.005300687997861903	0.008923519985223859	0.00010704989891095178	-0.0034632554317600987	0.0011405843008756402	-0.0	0.0	0.0	0.0	0.0	0.0	0.0	0.0	0.0	0.0	0.0	0.0	0.0	0.0	0.0	0.0	0.0	0.0	0.0	0.0	0.0	0.0	0.0
eti154	-0.10731073479489893	0.09634302777511625	-0.008917547797438977	-0.09762475784735485	0.057083715051789975	0.09034824997204018	-0.050668573942030205	0.12882116831267265	0.018013335858177885	-0.05186581059771411	-0.07262398579962903	-0.09689959496788172	0.011511271815805921	0.02031653388271999	0.0016940517478209118	-0.0442148144478949	-0.07266368050611915	-0.03530322434553741	-0.007352797734333768	0.017350075433565898	0.009304563754875933	0.043075579095952714	-0.007741578031258471	0.05145685250798916	0.03599703951550258	0.017073082598922477	-0.03643851019375988	-0.01337462968611341	0.006528544578252292	0.00456262927884688	0.03073253432219168	-0.030391999564452158	-0.0057246601521762225	0.022614082599313245	0.0033177908820664777	0.006599295630002825	-0.02777707990194875	-0.011692041063887592	0.02475398034193219	0.002408908031027244	0.0021759099307498203	-0.018579878502731757	-0.0003934883919971069	-0.005763481732295553	0.008408324348841872	-0.011122870509653328	5.6983294061654916e-05	-0.0	0.0	0.0	0.0	0.0	0.0	0.0	0.0	0.0	0.0	0.0	0.0	0.0	0.0	0.0	0.0	0.0	0.0	0.0	0.0	0.0	0.0	0.0
eti156	0.4376002598170663	-0.07622732598504534	0.07267390792724945	-0.04899276858537012	0.021090817492489033	0.08517595802641106	-0.03413731064283758	-0.03357478806929444	0.05330356575133614	0.027778217883183708	-0.01016586150065698	-0.05430766654255937	-0.0308927512340624	0.09545804552635216	-0.08458558338215838	0.08514624042466709	0.023879692139120248	-0.07571730257309885	-0.014911413836443638	-0.028725833726558892	0.006532042685160856	-0.05930012928118875	0.031149553260410936	0.038129067390343024	0.02789666929418736	0.007736460071331948	0.019860646674008327	-0.023956282517552246	0.008309411234305552	-0.027855695232300526	-0.08849013906322958	-0.0014345066157680209	0.02783593550027314	-0.011829418662085917	0.009127010099695585	0.037701006854698106	-0.004379105900328066	0.011202613196696552	0.004716892861578975	-0.026968657386577815	-0.0022023935562530596	0.010184731213509145	-0.0033942015493468743	0.01609848439462353	-0.005425395753324025	0.0026344417329946536	0.0010752419084929484	-0.0	0.0	0.0	0.0	0.0	0.0	0.0	0.0	0.0	0.0	0.0	0.0	0.0	0.0	0.0	0.0	0.0	0.0	0.0	0.0	0.0	0.0	0.0
eti162	0.06616079056458601	-0.14477387986780876	-0.16870354802773216	0.023326334384543033	-0.15880576400639063	-0.06363317886234761	0.10968055139925317	0.019291706761302065	-0.04462452005516563	-0.01017583358363049	0.13637762639307002	-0.08170249876374583	-0.01741510449875713	-0.03365286137263081	-0.026950995218956202	-0.0043055175154307805	0.09667472664955495	0.02448715993989045	0.02542806333832025	0.017496603724820328	-0.015420722934549425	0.05345396285696581	0.07964969438634742	-0.020197674720035388	0.021110665766292457	-0.1253081933053979	-0.051996102132699326	0.0002591361799666592	-0.009477581404333772	-0.04168116945555353	-0.008281189437144596	-0.033360551719991645	-0.008606228380600227	0.004171244773309037	0.013992153902557869	-0.005682950645182532	-0.007985774162782934	-0.02133945499186839	0.013995779643256165	0.00901655169482019	-0.002197248305387674	0.0018427253214989133	0.008316309153050374	0.017036102877735916	-0.005606797847948078	-0.0010703948704127858	0.00032856364155806793	-0.0	0.0	0.0	0.0	0.0	0.0	0.0	0.0	0.0	0.0	0.0	0.0	0.0	0.0	0.0	0.0	0.0	0.0	0.0	0.0	0.0	0.0	0.0
eti164	-0.12536173522399865	0.0756950266193411	0.04925290576924597	-0.1453110255303323	0.09951147597216156	0.012029666627384491	-0.08365649984663807	-0.012309776794053566	0.046133872969147706	0.10662637615052215	-8.66243706671476e-05	-0.08836110032020678	-0.07650731212578356	-0.02317293393539178	-0.037118691628381495	0.026457370076050382	0.027641130980840173	-0.0104124555422592	0.021073975448003313	-0.03540473751336097	0.037124102402807814	0.09818523647608815	0.06457796068477165	-0.03001382036803014	0.053255209645327456	-0.014503767671516173	0.05579714312474841	0.04794369364060085	-0.040340723898263	0.022111964414550888	0.052376952201131526	-0.039864881187322856	-0.013452452170968465	-0.006199237620314073	0.019656040998823385	0.009638278669649723	0.018249351153348525	0.037612981992737375	-0.012052732144672739	0.003636350922362886	0.00975418736987989	0.012459425895803383	-0.00012682060014803056	-0.019447853567582607	-0.00753677743414039	0.0057673173762909	8.857125166645931e-05	-0.0	0.0	0.0	0.0	0.0	0.0	0.0	0.0	0.0	0.0	0.0	0.0	0.0	0.0	0.0	0.0	0.0	0.0	0.0	0.0	0.0	0.0	0.0
eti165	0.04876202565594707	0.14969884142289866	-0.10077928458008492	-0.20492070693188488	0.030261001577525124	-0.03621496410672946	0.03700821016503075	-0.010982364469922599	-0.022953844387741396	-0.04723113824722181	0.08514877493555373	-0.09691185693652606	-0.17725669359786786	-0.02323090995306706	0.05530805266588081	0.008973161658019124	0.023450750098498264	0.07699325713102786	0.09677893836653406	-0.0072841749075540085	0.058495300135281154	-0.0271977200488509	-0.022106850853314895	0.041288409206041876	-0.007260581579334359	0.04257630499406569	0.016291694275172644	-0.07236998481764582	0.0018779522942947544	0.08073526200825291	0.007113192246179639	0.035582517749837825	-0.005388296548535418	0.01615725788658878	-0.011877247341145975	0.027086377521370948	-0.005425112477531325	-0.008704728691830864	0.007908833018073746	0.011276142604032749	-0.010048925962527067	0.012362504753722447	0.0032412561416258795	0.012300367964422434	0.000907975984627185	-0.0011635714711218201	0.0006738442268646798	-0.0	0.0	0.0	0.0	0.0	0.0	0.0	0.0	0.0	0.0	0.0	0.0	0.0	0.0	0.0	0.0	0.0	0.0	0.0	0.0	0.0	0.0	0.0
eti167	-0.12822294220026664	-0.24607014150103065	0.0009075348992036758	0.0068810762842938435	-0.028457059940694068	0.00719362302340181	0.042907035953933886	0.0721315299934617	-0.011842651694694487	-0.006751668918358911	0.07376765239789364	0.005368625711122694	0.0011964341653180263	-0.03288700730643866	-0.03645541788063962	-0.028612635002276055	0.01864551226593555	-0.01215428981881144	0.003291438420687208	-0.02050998734844722	0.016506033975791243	0.00958733935193838	0.003995668194538811	0.03950439334205711	-0.025529287090731694	0.010182839044215103	0.004634616197899732	-0.017061523267863504	-0.0055030250172674435	-0.020547838106216958	-0.009028208630640959	0.02845815825610759	0.007708958050907283	-0.008049276720508834	0.002524357640869712	-0.0016053422395237034	0.01790773805810434	-0.016845304541349568	-0.011189902809356849	-0.0005853730215894242	0.019482235321749447	0.006865645120515604	-0.008846042525576104	-0.018376622344043102	-0.013267865302070673	-0.0047708398392103555	-0.0007703875741691092	-0.0	0.0	0.0	0.0	0.0	0.0	0.0	0.0	0.0	0.0	0.0	0.0	0.0	0.0	0.0	0.0	0.0	0.0	0.0	0.0	0.0	0.0	0.0

Biplot	0	0

Site constraints	0	0
