Eigvals	48
2.2447366804960476	0.967707745272209	0.5026407768644061	0.36694308012067833	0.3160842971723721	0.28264711262227804	0.2578521259335846	0.23625438130130147	0.21273426206449994	0.1921147438505657	0.17415413292634876	0.1627464093404531	0.13935196200474656	0.12043456005302466	0.11762664443675871	0.11260635523996748	0.09541002283817776	0.09443163449857025	0.07106754173863608	0.06841282990156303	0.06569043724481816	0.05845413419231726	0.05490547594855275	0.04326072059089497	0.04018778735155707	0.03685701780505903	0.032491065010724164	0.026590298581394396	0.023719258724964574	0.019385630664878077	0.015639399406066172	0.01383245279797999	0.009637314055888385	0.00753224070036973	0.00524514419670255	0.002350200458570151	0.0011229503353677867	0.00034774588153948377	0.0	0.0	0.0	0.0	0.0	0.0	0.0	0.0	0.0	0.0

Proportion explained	48
0.31206342509877966	0.13453078755657402	0.06987715030698194	0.05101244853959896	0.043942057548484306	0.039293618189415916	0.03584661768437563	0.032844097957710115	0.029574329600672345	0.026707802968112017	0.024210917783058096	0.02262501538046179	0.019372717938491754	0.016742819608626124	0.01635246301481546	0.015654542115963805	0.01326390697596433	0.013127891371556266	0.009879813824492056	0.00951075562905854	0.009132288442101079	0.00812629716693861	0.007632962489568143	0.006014107916146629	0.005586908556818764	0.005123864778933334	0.00451690976516368	0.0036965848697565165	0.003297452740372588	0.0026949915130557505	0.0021741902235349617	0.0019229884000028636	0.0013397799658036269	0.0010471325443420746	0.0007291802541393305	0.00032672500571784334	0.00015611262154510501	4.83436528658787e-05	0.0	0.0	0.0	0.0	0.0	0.0	0.0	0.0	0.0	0.0

Species	0	0

Site	48	48
ec1306	0.059617722115928286	0.2016831575490866	0.016909101622731234	0.08358306456809528	-0.03311957506060977	0.062034660137452964	-0.11585460083953772	0.0609590271649763	-0.03499859971187551	-0.05025434368870161	-0.05276618113896007	0.04601935470700869	-0.0010510596168403624	0.12655857995364114	0.09359739176472778	-0.05209449771232487	0.015815725937908583	-0.005915970807711301	0.06496373338668338	-0.05918246511835465	0.02204940775938377	0.050731455137215255	-0.004095871003926442	-0.03478750492574862	0.011247111412139828	-0.013818661516778862	0.03209866182226204	-0.019094457359845333	0.04371852829138296	0.04718833748443409	-0.02585969030731709	0.007680413111878657	-0.0066063209657276295	-0.0007627161180294036	0.004861487440388406	0.0004788024891009111	-0.0009638147546545998	0.0004949902801030843	-0.0	0.0	0.0	0.0	0.0	0.0	0.0	0.0	0.0	0.0
ec1322	-0.15345335122290685	-0.0638139195406334	-0.054615687753139915	-0.07318938814022213	-0.03608976809479266	-0.039756406745849224	-0.04563693843634202	0.09732784738986897	-0.05262304478618372	-0.0037446757213891366	-0.023391941997459774	0.04147205137595325	0.025960265651376106	0.08378020886804555	-0.020006003186157445	-0.002898554383653086	-0.08186053534983073	0.02113782442118836	0.04290076149717953	-0.021113536394460758	0.009091916261299229	-0.011172825827090088	-0.05702623500170538	0.07198411937501147	-0.021078720509643163	0.0002281187852367914	-0.02167096278346058	-0.03564855172713099	-0.029701874528909055	-0.006981219323659113	0.014480741547795434	-0.05372300203723484	-0.015564465956182508	0.019678347961870454	0.00022610838471989227	-0.009614341048056703	0.0002120611881931876	6.524722359856547e-05	-0.0	0.0	0.0	0.0	0.0	0.0	0.0	0.0	0.0	0.0
ec1341	-0.0516945718496961	0.03867064127938784	-0.03699780628671698	-0.031624379494083824	-0.13409089554407286	0.08991992377591698	-0.20491866220607177	-0.12510017018119676	-0.07762265914252714	-0.010299236255617648	-0.025405433535152955	-0.0625616506968393	0.020668453519271303	0.011838353108537524	-0.0747371566327809	-0.11615802314077434	0.0032318850165111287	-0.006273242212863178	-0.020464821835007266	0.03421949722354867	-0.002061687528576044	0.038648764664827986	0.009846623717207167	0.005986618393824158	-0.04890673046257961	0.04983051480366852	0.0020453354127857987	0.006558664069041065	-0.006458433468564601	-0.04618987344897476	-0.009231400372411807	0.018471902458068037	-0.012864575587793307	0.0027485239955171593	0.006978612222311506	0.002930436148759441	0.000376617898425676	0.00013278438017722037	-0.0	0.0	0.0	0.0	0.0	0.0	0.0	0.0	0.0	0.0
ec1350	-0.07717475140061934	-0.12113776295628154	-0.03605311299747581	0.10573694753370774	0.08603588754155021	0.07410651457830587	0.011667280517948473	-0.14194802634888826	0.044194534682429794	-0.11218788067486787	-0.05675285692191812	0.07757248042679313	-0.047352157378993794	0.02793368015787967	0.004470367780769188	-0.016547985648584798	0.014727085331810198	0.025019775379419604	0.04544794184807368	0.01272016545352832	-0.020391711065447626	-0.02472801607227889	0.060387154394663904	0.026068364834416633	0.011956885033495164	0.03633267505544068	0.03786533190969713	0.032875058819229426	-0.045208573588615526	0.020111772177811488	-0.002001204384286313	-0.004982333334068775	-0.004693937988135186	-0.018719433755447944	-1.3893157757031917e-05	-0.006728997241774771	0.002564786364805201	0.0016238423835424772	-0.0	0.0	0.0	0.0	0.0	0.0	0.0	0.0	0.0	0.0
ec1353	0.20186355102398218	0.12804387712382886	-0.0666617275997941	0.0692733027301621	-0.02628273097658676	-0.01935715750616271	0.09969203194446338	-0.03901745850080883	0.12800654634963382	-0.16447868454858827	0.09731467903921917	0.042519694246113925	-0.06439232284929088	0.03060288917876473	0.07090763759914658	-0.05796459226568761	-0.06541583796033372	0.026028779189914125	-0.06185661826556174	-0.00613234989626197	-0.036827911091057354	0.03839208772848075	-0.015571921342526931	-0.02089017649806576	-0.060861953564769165	0.03953413050932882	-0.0359815773114836	-0.0023440482779732057	0.011736594444090347	-0.013191103731183713	0.013162626410724949	-0.020413615231994694	0.01096513276852204	-0.00396949228725971	-0.003709215504743935	0.0044512216243857575	-0.0018544795901162046	0.000141407053926396	-0.0	0.0	0.0	0.0	0.0	0.0	0.0	0.0	0.0	0.0
ec1354	0.2668137021531931	0.10318688250272003	-0.20589920705467904	0.0665025572160363	-0.12425582097425214	0.02402923207584131	-0.061053201393381135	-0.08495942458009312	0.008262732269924812	0.037726809874402134	0.03379081911090259	-0.05031640328035092	0.052742249966196454	-0.030255811718521614	-0.016913894163332718	0.011221739039216853	-0.0001613103282404001	-0.007029603555871728	0.029888305159326525	-0.05242953665355327	-0.015643506930517057	0.02866498164386805	0.04223283501594107	0.08337329405575342	0.032373030084173894	-0.027611249177136737	0.006046615809872663	-0.025634152552678015	0.022375052548382218	-0.010280651735352298	0.03518734450987045	0.015325030321354068	0.02237059152244741	-4.207859325669387e-05	-0.003515307658596044	-0.0020947859337186727	-0.002040953535044348	0.0006216268127577473	-0.0	0.0	0.0	0.0	0.0	0.0	0.0	0.0	0.0	0.0
ec1357	-0.22795974422622953	-0.03478056343582029	-0.005183829091427009	0.012840527886475689	-0.008586082857010536	-0.04350332164010779	-0.00227210789129918	0.01487467216932906	0.02444281278074315	0.04266936043375021	-0.007126007856427295	-0.00484111686443003	-0.006621854941925694	0.01807581949616715	-0.019746943122577253	-0.03088695477398118	0.02823943685550646	-0.02165362532183425	-0.007125636516411509	0.0008051120340117181	0.01739381074872134	0.0024846222392819178	-0.002371148037228058	-0.015245894489159962	0.0005643040978035492	0.017584588412185843	0.010895840062011233	-0.013581607401590078	-0.00883652655614452	-0.0003263170052375665	0.013829970210321469	0.0075373765578636885	-0.03851328560245734	-0.015528716957516227	-0.004395521880404136	-0.006424416963811219	-0.012811215108749082	-0.004230425047497871	-0.0	0.0	0.0	0.0	0.0	0.0	0.0	0.0	0.0	0.0
ec1367	-0.15358594053474817	-0.09392988303338781	-0.04038769233914722	0.11625953264701751	-0.02570201428862538	-0.0014321942077867374	-0.02631873470801901	-0.02140486023534753	0.03249617580527017	-0.026223516559561916	-0.06536163187053261	0.04668201960833896	-0.027587159171773012	0.009634733474822724	0.0031554224149337633	-0.046228867649795446	0.08703919975547722	-0.07833358497898579	-0.04030539062210522	0.045470893517958265	0.0014492920762618079	-0.03264670804243189	-0.02232553365245269	-0.05067839529657136	-0.03630443701265048	-0.10690908475941122	0.003931207607393134	-0.029661466766889452	-0.014737130569916356	-0.01267345675935956	0.041539886981157285	-0.005661185302158538	0.005350442383714387	0.00286119575098867	0.005406730867863471	0.0007314929701726852	0.0011879522437704343	0.0006174765088328287	-0.0	0.0	0.0	0.0	0.0	0.0	0.0	0.0	0.0	0.0
ec1369	-0.22277469818101173	-0.01463102242674215	0.024029184513118505	-0.10530920823945192	0.028248410665692652	-0.007585282404687998	-0.028281007640137964	-0.02398518839833129	0.008037408652422475	-0.020331832338701398	-0.008852414219684726	0.00023152371640755405	0.004434400633653342	0.008757848765328624	0.005632398358025305	0.005281426105341653	0.001280595644275957	0.012429442009213218	0.0047716259619826765	-0.00187240583299906	0.0007682239576607885	0.0010491440603825363	0.01224329001724896	-0.010725184317191093	-0.006583576850935219	0.001767584572551485	0.0039242073577200115	0.010109066257250944	-0.010478010237677849	0.008617861681986609	-0.0036972868305600137	0.003562494871308028	-0.0024424157289948656	0.02401039396991155	0.013028214279708534	-0.002157958342388965	0.014378306833601381	-0.008939579299419754	-0.0	0.0	0.0	0.0	0.0	0.0	0.0	0.0	0.0	0.0
ec1382	-0.047598135082165136	-0.10140599324123087	-0.19025424601909535	-0.0005001115502585266	-0.079205945864966	-0.0960708891939212	0.08811868557050444	-0.019534537093419287	0.13359043869627532	0.004302224349995969	0.05380737419899331	0.01209927523740292	-0.010518793824213224	-0.026169311286379608	0.007570541504260447	0.010358534573344118	0.024066844927979482	-0.06519236711594917	0.028222464992417918	-0.05798903807545765	0.04281991406386715	0.01247500721518019	-0.02313717644306661	0.01327642203852515	-0.020229120361785195	-0.023980677335195964	0.01798489564232203	0.015291176780794467	0.008767104868670722	-0.019473030847049662	-0.03309662194837094	0.025690003878172343	-0.015597407247126787	0.004178329389062331	0.0013156883204259386	-0.005138835554929732	0.0028996673208316315	0.0001512710101083645	-0.0	0.0	0.0	0.0	0.0	0.0	0.0	0.0	0.0	0.0
ec1384	-0.20705638705070054	-0.05212132572691154	-0.025783139822256825	0.028518106701274495	0.04362973528822836	-0.01502246595021995	0.04997332955085661	-0.08667232159676994	0.05754391122360468	0.015430729518701612	-0.04525801517467856	0.010207702326920727	0.0049842830345968765	0.007739512053956689	-0.012633880354188162	-0.006029150725157398	-0.02136423764222608	0.0023290715696609753	0.0030974872400414476	-0.009862298869056886	-0.01954573048311846	-0.033386098879982	0.0496625393278898	0.009757731048552721	-0.009633585054278438	-0.02412675073835048	0.03223720324014282	0.0029970630951128454	0.0007667315891771657	-0.008221990590150007	-0.039040788028992426	-0.007415699077916782	0.012595173199473144	0.033444980575869136	-0.011041481535893329	-0.002606364058985696	-0.006589914827635578	-0.0016090819581095221	-0.0	0.0	0.0	0.0	0.0	0.0	0.0	0.0	0.0	0.0
ec1386	-0.03191178626707001	0.25588593272088705	0.06289956045863926	0.042775453647749505	-0.04002285876621976	-0.03278834719476024	-0.05009263845235405	0.062460205895458865	0.021019734301894487	0.039331150099426934	0.004340915747773889	0.014174317972845952	-0.008984426147086125	0.038531920039507214	0.016800232431514503	0.0032523453614447945	0.02201157020003148	-0.04867597808848569	0.021507617203923128	-0.03037111797108274	0.028650803759666763	-0.003623484377663109	0.02975632052142632	-0.028215617864218542	0.04105724678242653	-0.0014175871041050626	-0.012853779325310913	0.0831078409990876	-0.00499458134215688	-0.05000547201899194	0.01031542943000287	-0.02933932241398826	0.007455988847410476	0.005087636917382406	-0.02053502533626176	-0.000547187146059121	0.006596601670235463	0.0014919582840521792	-0.0	0.0	0.0	0.0	0.0	0.0	0.0	0.0	0.0	0.0
ec1398	-0.07387790310132454	0.24980161089948594	0.051045892462343825	0.02654209562090257	-0.04203562590616033	-0.019924066058254253	-0.04154137215689197	0.041302878143967964	0.0041162800586097455	0.02517575572645653	0.00973900650965986	-0.0027501909242432137	-0.018503980160287953	0.021296695649787048	0.01631066723166279	-0.0004219504060317981	0.002122498179119456	0.013664660724879327	0.016321684292050352	-0.00625800337838007	0.00449732640457161	-0.018304736651582273	0.00404801546789085	0.0003830993812755863	-0.01516495312510282	-0.005585330146507157	-0.021369520867717404	-0.003176655160633386	0.010807889520436844	0.016512642701122748	0.005916961972568721	-0.005066560158346047	0.01652158612295641	-0.007859107988368452	-0.006179067264028482	-0.00469603530322788	-0.007776636648268422	-0.0032310719598514863	-0.0	0.0	0.0	0.0	0.0	0.0	0.0	0.0	0.0	0.0
ec1401	0.27029052011897564	0.15756599239059413	-0.12707759427187734	-0.02767317152769269	-0.06832309022036756	-0.02346764290962465	0.07286114394709342	0.12402247158836108	-0.14756843476788295	-0.03988237357909514	-0.08302322604355093	-0.06621028703396944	0.018180805326748508	-0.057324959482659844	0.09152505413196199	-0.024453009744031914	0.06500911549655357	0.052804402373709695	-0.0835390034656549	-0.05851602227191877	-0.004873238919159172	-0.09585884446523946	0.01208538466212684	0.02595429281119964	-0.025729696104704786	0.007880172364884228	0.019691644043489075	0.015996140088500165	-0.01716220868566896	-0.0009191025469069521	-0.010160638115982125	0.001974040565833028	-0.004987063830056783	-0.0022326817492474174	0.0036170092173997783	0.0005157575075279835	-0.000844941806052282	0.0005833082050358896	-0.0	0.0	0.0	0.0	0.0	0.0	0.0	0.0	0.0	0.0
ec1403	-0.2209234160366427	-0.01441977845501812	0.02638015974723431	-0.11338379867187617	0.03147335558629597	-0.007520600673249521	-0.025897817501015174	-0.023297753934560628	0.01249263665579968	-0.014493841782658154	-0.006466617406218835	0.0022209202801632224	0.013505923425426957	-0.008626980611214311	0.008489427921270888	0.011407913533749287	0.013334518934604099	0.015705049007388807	0.006619996643337198	-0.007789998682857262	-0.005318576572928033	-0.0017165961091483192	0.0028421774280029673	-0.009631757598308064	-0.013056412065414807	-0.0009317799147239306	0.01960301923443755	0.0026461274574362116	-0.016306453827332264	0.010410273732780344	0.010616085930634164	-0.002816006595015914	0.0024206213913903836	-0.003425797647552014	0.011896106100226733	-0.013909930826926863	-0.0014573743388960894	0.011321155896066441	-0.0	0.0	0.0	0.0	0.0	0.0	0.0	0.0	0.0	0.0
ec1404	-0.031643106989844495	0.21583771729335002	0.03846156262486844	-0.007454566989642485	0.0786094301150147	-0.01079889279389032	0.06671976541906696	-0.002109512507000471	0.024646871012690304	-0.010988854237116916	-0.01494473789950468	-0.026176106019972646	0.031055636798358183	0.05873859485661266	-0.04729688248774536	-0.04641989155938345	-0.005168731380375194	0.021869169235549057	-0.07510540644763332	0.014864151685657306	-0.016825029389253107	-0.023041465375379357	0.02444242971877131	0.011694614998607963	0.006915796307279728	-0.0011232056007115555	0.0033190499312860168	-0.0006431561131149899	0.007005204704953653	0.02852331587043722	0.015981723971811926	0.020244377874018293	-0.0053314220652615745	0.011506984497011555	0.005202736439545103	-0.003934814235969895	0.005302750914034309	-0.0016130233044504613	-0.0	0.0	0.0	0.0	0.0	0.0	0.0	0.0	0.0	0.0
ec1412	-0.0630777388574232	-0.0594447573351335	-0.1501201470957447	-0.1968197396318337	-0.043209286946185387	-0.07262542931688828	0.043041200972495544	-0.024487534153268906	0.07780773405542206	-0.03348958477261515	0.06049756896058763	-0.007824226316981436	0.014299237049214401	-0.043069702921421676	0.021942332063427984	0.051504955795183924	0.005185643265297851	0.010853925368826395	0.03361377151021381	-0.04405037587169425	0.02027567674654523	0.018436647901014302	-0.004600774126786435	-0.02238104666545726	-0.021261952390612036	0.014643685136698094	0.019408402031982172	-0.013133004988380484	-0.006380410465676399	0.017186657272164944	0.012772041124296094	0.002975688991421094	0.006174029039210695	-0.00039798171868264746	0.01052023385339558	0.0065648899376080155	0.003258310727732492	-0.0007385123141105319	-0.0	0.0	0.0	0.0	0.0	0.0	0.0	0.0	0.0	0.0
ec1417	0.22695035327296345	-0.05227342029181991	-0.21044949070576985	-0.0730703708292535	0.050941458773723615	-0.003098521471387031	0.1924274044555368	-0.0806836345414292	-0.15345576768639618	0.045000855946841965	-0.07323556215187868	-0.08937608363908314	-0.07044924977451991	0.006159625736968898	0.05918234382077784	-0.055678190363949505	0.015918957472938266	0.006885358465564807	0.0734893356272506	0.06008829364164019	0.04639881220517897	0.05758799955612724	0.004956233599409315	-0.03802935173097838	0.02740971348964741	-0.0024742389932360235	-0.03717808868939878	-0.0026832634760026227	-0.01185747147414001	-0.00244439820234408	0.003512334559004173	-0.010231528269409004	-0.003677008462681567	0.0026602855837453273	-0.004846996639050271	-0.0009253451840487587	-0.0002872571566397151	-0.00037763035630648497	-0.0	0.0	0.0	0.0	0.0	0.0	0.0	0.0	0.0	0.0
ec1419	-0.20236714919062887	-0.03074445033913895	0.014869196141268665	-0.1046031047707178	0.05242166133080881	0.005489972725018801	-0.026518210030620163	-0.05374017867176774	0.004138248794624025	-0.020893207969827826	-0.011029991476896416	0.005384208005648442	0.026856615975411197	-0.008387100142022952	-0.0034836762093048094	0.027551351192437033	0.019984202788694855	0.027959860505771414	0.03562193970354669	-0.025906550975827863	-0.008247458494410692	-0.023523693327691716	0.006309212663158446	0.0015352226379967567	0.018914552548592634	0.013635565912842654	-0.011060054297329267	0.015243838613041715	0.0027715173994291298	0.017977142298792832	0.05854344428030268	0.008800062294713112	-0.004370109325190877	-0.013443536624734163	-0.010401472557636978	0.010814354934076524	-0.004569780225515607	-0.0027951015455995377	-0.0	0.0	0.0	0.0	0.0	0.0	0.0	0.0	0.0	0.0
ec1430	-0.23594071882184106	-0.016696374612506445	0.02358096737860088	-0.06831497317026919	-0.017420323455345787	-0.02869612920709501	-0.04736149293028371	0.016705959174143283	-0.006130839231609429	0.020652694270049073	-0.009245103734382061	0.0005887800276378319	0.01514280788460297	-0.00963228220824066	-0.013673010528346739	-0.005620681550734983	0.04481450153477344	-0.0041416834164906486	0.017385078177552273	-0.028185635723183323	0.019192718674967506	-0.004967160122208506	-0.022750271787153775	0.007162855025103356	-0.0297249150595196	0.011664870723528085	0.011933298345222365	0.004203435596344391	-0.0015247643901807463	0.008293834617024872	0.0037338293839361096	-0.012813880861583693	0.01225458102776891	-0.025912692464192248	-0.012646251198816502	0.007555212138344941	0.0108750124882641	-0.00019885847607310506	-0.0	0.0	0.0	0.0	0.0	0.0	0.0	0.0	0.0	0.0
ec1433	0.15363268630190166	0.16758032661506728	-0.13281974619039538	0.014239428796736798	-0.028824301709755244	-0.0858554265963552	0.07839248035288868	0.08804494147953033	0.037801736217952644	0.06148718868735271	0.00949635198509986	0.0364693439396179	0.021775560171465064	0.0830060964235878	-0.08310952074454107	0.01874729672425665	-0.06782682906565841	-0.09998468985797569	-0.04172653444804692	0.0408047293913523	0.040802466120910146	-0.02341439269573308	0.02044840021711987	-0.019381204853147118	0.04670636650436257	0.04746894269715446	0.042202843450097866	-0.012861748431728232	-0.022309358649062066	0.0004993037288242415	0.005082840481517737	0.0032866765640386223	-0.0044424453944867095	-0.010227418015878693	0.009722974056750724	0.005675181290379671	-0.002156628755984449	0.00038955456335666434	-0.0	0.0	0.0	0.0	0.0	0.0	0.0	0.0	0.0	0.0
ec1441	0.49447989788369623	-0.12981632236812155	0.30072354846563715	-0.005436235231175156	-0.040361348910837494	-0.2961981539786638	-0.021756161085096582	-0.10604782190873277	-0.0524893975688515	-0.047173745709730604	-0.039647457830134916	0.07554094573102141	0.1071836873529129	-0.07377175547305276	0.037933484756069724	-0.07190913225993927	-0.04666070383133521	-0.03170488701260673	0.008843028007139408	0.0032390474398123767	0.015371291650378665	0.004205302094358837	0.009912934524870423	0.0020784561595858773	0.01668024446104783	-0.0066506577539660145	-0.0021256834215609014	-0.0026004123118714313	-0.0011771881257295906	0.006333045818491048	-0.0006550544246561509	0.0002049642129431188	-0.0014671452743397085	-0.0009705160164783699	0.00025762587955548643	-0.00031847530806244613	-0.000296633144227862	-0.00027195167088479036	-0.0	0.0	0.0	0.0	0.0	0.0	0.0	0.0	0.0	0.0
ec1449	0.4090690075264516	-0.23362931491708377	0.2493170342162184	-0.14059040568796727	-0.22163772257648698	0.202251268495109	0.10578049709337475	-0.005632527549950259	0.11824931412156613	0.1282527868211768	-0.10388392706761902	0.04599253543998156	-0.05445844774815867	0.05295308512804358	0.025174091417340904	0.019535661738705978	-0.004751449628320246	0.0303445972868263	-0.024999019181786812	-0.005350528003847111	0.028767845941638955	-0.0031066482680472073	0.004190226345637659	0.012815154390932195	-0.006846253178173641	0.0037381577314188597	0.004050394445201929	0.0012362495487351671	0.005732909535842617	-0.003931096250370178	0.00800232685492871	0.003946901351621731	0.0032623302919584907	-0.0006407781641271506	0.0008096459387400491	-0.0002577974000187785	-0.00014331411766490724	-9.550648787199666e-05	-0.0	0.0	0.0	0.0	0.0	0.0	0.0	0.0	0.0	0.0
ec1450	0.0015782062516256077	0.30658594563865366	0.08665887522538927	0.16806897724623374	-0.029339546070902174	-0.04055799726992419	0.03340019977688031	-0.004632047571951295	0.06730108008372952	0.17201734987113673	-0.007465906051649179	0.009843433595018741	-0.00039810404197281995	-0.06402181136784778	0.022862668874322124	-0.0009705019277448529	0.033773959968286735	0.0628676559988757	0.06546171907522055	0.010942891186246041	-0.08808465123459705	0.0031012461057937347	-0.05842176521814123	-0.019353537402330694	-0.004877128106292341	0.025611543929880357	0.0026327470235516658	-0.037626392128008244	-0.047373732466093554	-0.008838991507087458	-0.010703547513084236	0.010152925230364297	-0.0035996931246235955	-0.003053399168473815	0.0031286391349343943	0.003292867417064561	0.00474175884615888	-7.730834565183953e-07	-0.0	0.0	0.0	0.0	0.0	0.0	0.0	0.0	0.0	0.0
ec1460	0.37631469367049175	-0.1663744814923532	0.06719496564808239	0.058492256360156286	-0.047123164289650424	-0.16026230164887206	0.002935495322632936	-0.03552738365958626	-0.09608057393992421	-0.029457653173286358	0.0969600071587033	-0.051194385279892875	-0.0785896570382925	0.13621830162688517	-0.12253841070873883	0.10379389980772916	0.08935250952215516	0.08875055875642703	0.0005079735441017744	-0.013163968687490604	-0.03996647258078581	0.0037379109035174827	-0.004315213256568042	-0.02185725386606647	-0.007610129633390161	-0.010002134443372005	0.011048410836745171	0.0055378137369902726	0.008525785937877955	-0.004585414655723923	-0.002609739323132219	-0.0003566220790111432	-0.002722104702016368	0.003726261947239872	0.00017570862658084497	-0.0006358408130911461	-2.6240504465326645e-05	0.0005857050815274697	-0.0	0.0	0.0	0.0	0.0	0.0	0.0	0.0	0.0	0.0
ec1468	-0.23198450890791572	-0.054644815268059206	0.0015175675183578053	0.08137015460213673	-0.008820363775543636	-0.03211146630039528	0.029563647405094276	0.008518190450488032	0.0020812738865436877	0.06352807799829938	-0.006616178339010181	-0.014225261762357996	-0.00381213452498098	-0.03795283167912727	-0.014259648145939448	0.005349428978200146	-0.01427952735495079	0.019201693953068092	-0.005749700703477348	0.023550417512012745	0.0013004829196621168	0.02697290465528907	0.02411128516709045	0.007312157809381428	0.007210670532551575	0.012660709135776053	0.0075028494135896155	-0.009807099845332188	0.0023499256748564967	0.00874610199554775	-0.00872932178730994	-0.017454751209135998	0.023037748979168524	0.003760263499254132	0.0061567432984077	-0.0012743597654861847	-0.0016339919832204415	0.003766839947611269	-0.0	0.0	0.0	0.0	0.0	0.0	0.0	0.0	0.0	0.0
ec1490	-0.13186787925545887	-0.09969285535755736	0.07093773011124112	0.061981845041452606	-0.04111630884907665	0.05629555398389991	-0.05684180178085995	0.029792840845472072	-0.0710287571377509	-0.09577050061322702	0.07493931336678496	0.03657789482659831	-0.1278415313415968	-0.08521193192883245	-0.0015995078938421399	-0.01158204418435763	0.015145526740975357	0.02138519862916479	-0.05522494928743848	-0.006546785073669969	0.08591085024919158	0.01639770982121232	-0.04974580357033464	0.008747916546819837	0.07385179116101229	0.020626458514029656	0.04125635418549499	-0.04172522884703252	-0.0206336357495693	-0.004502738742884337	-0.0038973980896552063	0.0016438520653991326	0.013897481407386489	0.007101211903694088	-0.010594110068119817	0.0025575867888064843	0.0019306896546020876	-0.0007218629131386544	-0.0	0.0	0.0	0.0	0.0	0.0	0.0	0.0	0.0	0.0
ec1492	-0.21448915833367416	-0.06417084668987931	0.006605906029278915	0.0781777943964195	0.010399253430801376	-0.027388461325297885	0.05184084000994791	0.01873764386531685	-0.0035789527663435076	0.05410340143595879	0.010436529515705386	-0.04653702571562039	0.003955743867959029	-0.01646690247842061	-0.0009601511776881083	-0.028866175852999523	-0.01587691727049948	0.036877095507567535	-0.03735750956254566	0.034893263874941606	-0.011847634425460829	0.032008021332873074	0.016434680596020067	0.01752846557894301	-0.0014344591873508776	-0.007138059594076499	0.019592925873184425	0.004157569507037289	0.020749644894662893	0.008312710736062746	0.0011058525873947002	-0.007217976309506347	0.025116252562357375	-0.015628765860658738	-0.009398044369493881	-0.01907406668276665	0.0004624787645460598	-0.005403616701546191	-0.0	0.0	0.0	0.0	0.0	0.0	0.0	0.0	0.0	0.0
ec1497	0.0670831799584663	0.2846136749052209	0.12078258389709712	-0.07519823628981709	0.09657186795659868	0.05105950076504165	0.0741083233855669	-0.0631996618628245	-0.06178129745048463	-0.06288884279393311	-0.03225353022154036	0.04676948241640083	-0.06925893021181413	-0.03831714777893627	-0.04423944794827781	0.08437311234773816	0.011550833859061705	-0.08512595939837944	-0.004109244295630174	-0.006466209282673649	-0.012477099583295013	0.030835697602357538	-0.0479878742943915	0.06531226484437261	-0.020819542375062595	-0.030707447509403647	-0.009887962103824938	0.0059275935239078825	0.0056169933944451465	-0.014112120301354012	-0.023257592588686066	0.0016109489435561961	-0.014062334200537202	-0.024885700548423286	-0.0013425956391852447	-0.0063826515436866535	-0.002093089272505903	-0.001639443850340175	-0.0	0.0	0.0	0.0	0.0	0.0	0.0	0.0	0.0	0.0
ec1498	0.4019945192014456	-0.06173175832105127	-0.008523606466988963	0.05397971838381671	0.19366738679635598	0.041485191328394094	-0.09163335718933022	0.0369965557103638	0.059676196987055626	0.021633504253679627	0.06241558354022766	-0.015462551709785659	0.11040025884886913	0.03740676883064684	0.05663201831618181	0.060295567592976586	0.05820965155022919	0.0202705219357234	0.01422859519712978	0.0821175454721169	0.11154932969535647	-0.019572703381043333	0.005299588761907856	0.02409321808363699	-0.057207107482244335	0.01541559497423658	-0.0057710250271011485	-0.015636805522346812	-0.009049882385198113	-0.010988107956775258	-0.013354979650388442	0.0037161045301359317	0.011962737446727923	-0.0058776382009434755	-0.005273632327580859	-9.994274724943597e-05	-0.0003394986663674004	-0.000624527515469016	-0.0	0.0	0.0	0.0	0.0	0.0	0.0	0.0	0.0	0.0
ec1500	-0.20659397166937504	-0.06825413577407684	0.015112808742837104	0.07964906015385875	0.020220430128316456	-0.02735572853454189	0.03808927147837842	0.008699871364202071	0.0048558006139976856	0.07955317510111476	0.021125524788326144	-0.03355939103619407	-0.01080026369058425	-0.028771096134433117	0.0008104104205711355	-0.019414359395616546	-0.014769923354558762	0.030009242819966593	-0.03954825895020038	0.03879110263930475	0.00803328220568509	0.02887859322393693	0.03739785679827659	0.04804348453495245	-0.012600379384068593	-0.026593381244631953	0.016620509600687207	-0.0002589217993055972	0.05143191019048256	0.01736945977808579	-0.005345767341564425	-0.030237672822381947	-0.040088590332388124	-0.008711913422835688	-0.004654862583450824	0.018558837663250505	0.007182013938487163	0.0031945670916949187	-0.0	0.0	0.0	0.0	0.0	0.0	0.0	0.0	0.0	0.0
ec1505	-0.22035187016859706	-0.007553783645678951	0.0371100721729825	-0.11081219808243177	0.027792250696884256	-0.006898472159601693	-0.026608729454586498	-0.015755406984044977	0.007780610596444403	0.0056368636246266896	-0.013455859771830257	0.001944680583212378	0.007648019910862209	-0.032439012196244066	0.004479524856412525	0.021912087658858326	0.018695794804956	0.018082197335634608	0.007066058540655434	-0.008260914428460674	-0.01923781529468667	-0.005362402894010785	0.009693650388219247	-0.02733221858521256	-0.016150951026320536	0.0029528559138677947	0.029723283127035673	-0.0007727233924781024	-0.0016569552267441407	-0.012292716683608623	-0.019366756991423276	-0.017080733480761	0.002703518146184593	0.012510984586756969	-0.013364656975424266	0.016281970923422373	-0.014936093541845568	-0.0009126960927437869	-0.0	0.0	0.0	0.0	0.0	0.0	0.0	0.0	0.0	0.0
ec1508	0.11316321970374395	-0.16638515895044184	-0.154157181572284	-0.04806034544695557	-0.08739295260386937	-0.024839762222162567	-0.08401015046463113	0.1688121631271647	0.007197509515578384	-0.06520729714251414	-0.0726523829111326	0.11920968603269676	0.000994083104850329	-0.03643802944697671	0.031437988071894005	0.07074953728295127	0.061393954692536994	-0.03867610700081721	-0.0023327355161075064	0.09886906872504066	-0.10356444098119946	0.04083528273972006	0.024570650508109332	0.01906782960213757	0.022840623804353217	0.02387440643312275	-0.02129816818514733	0.004400759850522676	0.012491153491770554	0.006236343292213754	-0.007798023912615542	0.006062405810850966	-0.0007009447579210929	0.006241523994102159	-0.004621044676103426	0.0005493556618177063	0.0007384999394083173	-0.0007468808324521979	-0.0	0.0	0.0	0.0	0.0	0.0	0.0	0.0	0.0	0.0
ec1514	-0.23641021625397987	-0.05173690341760046	0.03912480763300571	0.035562825163180455	-0.03137596413945209	-0.024593084471005958	-0.012704103911513399	0.0528888523746669	-0.03778475203551499	0.03464131524154835	0.007301910182035301	-0.006500821649423827	-0.0023789465869431662	-0.05454341693687066	0.0014426821409690134	0.051602538872506334	-0.03926124535376266	0.0012657478723341368	-0.026159896256074445	-0.007497434559468181	0.030289649192807213	0.01985999896707816	0.0010877589230298627	-0.0444023169366753	-0.04061598496891664	0.03015428619893351	-0.03145339781772165	0.009955142217172142	0.01248636083916286	0.020351115424407193	0.013416684903046774	0.038822984059721836	-0.017804463790716585	0.014338250473025426	-0.02560528499315223	-0.014786705550984842	0.0008214152000835794	0.0034498882579095803	-0.0	0.0	0.0	0.0	0.0	0.0	0.0	0.0	0.0	0.0
ec1524	-0.23989685945745595	-0.03900656571825882	0.045991882884032456	-0.0017167878352591572	-0.031914184611087776	-0.027092401594366815	-0.029050229310466642	0.07684300686428197	-0.023859545809040948	0.015139554983356085	0.008299457424783493	-0.004700608302073653	-0.015338659992751151	-0.058687717577678954	-0.010640049912465805	0.015123443370978868	-0.008528266185077817	0.03131296053474442	0.011925542246826732	0.011449843762336103	0.029369684030483054	0.013851841613621624	0.00604661393717596	-0.025168302583878883	-0.0019187457499713868	0.00031394795515882787	-0.010477971715515072	0.03779850929515699	0.029342366875134668	-0.017169492276630022	-0.0037170531705439276	-0.014029434191962438	0.013962657627752558	-0.01600234260753523	0.04453236785491885	-0.003957537824669338	-0.005242702714622928	-0.0016140691942847316	-0.0	0.0	0.0	0.0	0.0	0.0	0.0	0.0	0.0	0.0
ec1526	-0.00010860806374693178	0.27172533074625893	0.07227048081996161	-0.12045559934264309	0.09723323178679028	0.017699565693190346	0.06512275832446436	-0.032333782580930955	-0.060143130201560153	-0.00821958604056143	-0.06220387164679967	0.0167582059344211	-0.010993276267955154	-0.008152646927013925	-0.0731892021493469	0.015190516088778822	0.013840903845325745	-0.055519517558369834	0.009822108986099419	0.0286538040712247	0.0026991538076206758	4.117717159398659e-06	-0.014536286787852171	-0.0036645172711896666	-0.02397939977561137	0.02823530723539719	0.011361982197233547	-0.019535439969262963	0.03898465061976862	0.007207373225318477	0.008352143293023964	0.005435323742620417	0.027847931897731052	0.02045960292047102	0.0007746464318990928	0.004898481630759812	0.0024327942976813816	0.0029061448923044094	-0.0	0.0	0.0	0.0	0.0	0.0	0.0	0.0	0.0	0.0
ec1530	0.3991003618668128	-0.1678163732330592	0.010200861364211571	0.03317629378532454	0.1779113896908085	-0.03707617059162193	-0.16187794399217384	0.051597563399574296	0.1026708101303013	0.028241730184184206	-0.0892785742946274	-0.1914143232361618	-0.13336602779658643	-0.030388137010759687	0.020098377267059913	0.004001244184014718	-0.06578226252847662	-0.06619315957557942	-0.0024381032482304024	-0.028478628179279736	-0.037710449954634885	-0.005829478028301957	-0.03749355052640831	0.004762362882328723	0.000699963340440581	0.009636517354496752	0.015215687090497336	0.01591374703800562	3.777853527802018e-05	0.010926799354896773	0.010285160145631819	-0.001660097905708602	0.00022178650248034186	0.005191785055388771	0.0038526366428945735	0.0009892161343932045	-0.00037023435495515207	-9.727474861781847e-05	-0.0	0.0	0.0	0.0	0.0	0.0	0.0	0.0	0.0	0.0
eti122	-0.12195768509557979	-0.1274258131042205	-0.08778363026604331	0.13995295117781484	-0.027101558457192438	0.011643123105770412	0.030105478924092675	-0.052755035011259326	-0.0038136619646430272	-0.02508095074306089	-0.03395833054007664	0.04779444998544912	-0.009103315205352208	0.000591230456676104	-0.023094858030929342	-0.01633980264159509	-0.03693905217212898	0.031116123497386423	0.056987178119356	0.032403498440241235	0.015203980474235367	-0.1260773935440764	-0.0848170101978494	0.013032425185040488	0.022442432927877603	0.022128520571771903	-0.030208397992762898	0.019724766682518702	0.05796028825009383	-0.006954793377398732	-0.0031374945061449435	0.018185760376252427	0.0007906770650556562	0.0026063364979572205	0.0024017528359544745	0.0037981847406070132	6.940027051730386e-05	0.0006096850721048849	-0.0	0.0	0.0	0.0	0.0	0.0	0.0	0.0	0.0	0.0
eti124	-0.19966946478361666	-0.0560593511028039	0.008669182342966255	0.023100619316801116	0.013217800031201961	-0.03387856758363371	-0.0060189866419387466	0.005066066025100624	0.050471566666914575	0.023904375741126357	-0.013747461063838985	-0.009804894798141022	0.004795878968251797	0.04230133896153418	-0.04682752856205313	-0.047791361010232694	0.05286330636086244	-0.008592197332021205	-0.048832768432016394	-0.03361159275400916	0.02722063284190046	0.03558051385485826	-0.016919909643130376	0.04383582620403001	0.024449352232840216	-0.012792453951059306	-0.09635410594393339	0.025807822808772876	-0.04555932113814526	0.04105314442438524	-0.02537232479959966	0.01628099515655806	0.015435337309773537	0.004258656733066955	0.005679902158479472	0.011037448840110355	-0.003993765704045813	0.0015453785247759976	-0.0	0.0	0.0	0.0	0.0	0.0	0.0	0.0	0.0	0.0
eti126	-0.19753919466830766	-0.04328051353031944	0.05415934256825101	-0.1032761572966114	0.03701365503204895	-0.021745727341705604	-0.04179839323442391	-0.003086598501073097	0.03075996329745002	-0.031434947930387334	-0.007262294344424395	-0.05410114812144862	-0.03881302371006807	0.030500643283395964	0.023893412074341622	0.015714580750402118	-0.021723719110839687	-0.009207095492403474	-0.004207333293749544	-0.028713790817869254	-0.020450566002345863	-0.06288903603247381	0.08564550171764744	-0.027315175688885824	0.03777309863754265	-0.001217099571321959	-0.0633992215433892	-0.07903664661958891	0.013918725635777042	-0.03534278383220396	-0.027518035686410754	0.0055664277935349666	-0.0011819654692938701	-0.020859429698116765	-0.001995988233733325	-0.002199253205540202	0.004877497670928592	0.0010987631327921956	-0.0	0.0	0.0	0.0	0.0	0.0	0.0	0.0	0.0	0.0
eti149	0.3640065130098315	0.017587137150353087	-0.016638118742840487	0.016023823673384747	0.08150958910497004	0.11802177082448032	0.04615722700860469	0.14610499935953872	0.09396358193452518	-0.10825156696784387	-0.05402377236622271	0.0021499095050498728	0.08338233041480272	-0.09310613073863867	-0.16830409863041437	-0.05594422977954695	-0.004804691882367891	0.08258068727525275	0.03610772835970113	-0.03267674380913515	0.011831818409048685	0.02625498809490218	0.00906853682001642	-0.03975114785275732	0.017231816864373015	-0.0296482656399349	-0.008612886660285021	-0.005112692797055658	0.0014014122613462598	-0.008753756111353289	-0.0030386404783767844	-0.007174016553162776	-0.011575746868909931	-0.0006137657524635306	-0.0046404081458290974	-0.0017982125394590837	0.00048109694622704423	0.00011117014077964334	-0.0	0.0	0.0	0.0	0.0	0.0	0.0	0.0	0.0	0.0
eti153	-0.0384313196194015	-0.16068463260574703	-0.022674890598524473	0.2372169749389753	0.0033221337296436577	0.11453429339237498	0.035100590955466755	-0.04848811418185778	-0.13369509020643125	-0.0013756709147483013	-0.07081153491900044	0.01769276758537304	0.08481383156558764	-0.0036519859236962635	0.002658495982234881	0.13778503704376233	-0.0828995383588998	-0.04325326827081087	-0.027812012713899503	-0.07079935650825671	-0.004787123593284346	0.025222932913695605	0.017197476561518484	-0.03678360405767817	-0.025351517641925305	0.004324185339692781	-0.013813600104501278	-0.005217042919915638	-0.019415957430928023	-0.002181723582049614	0.0017727904320318383	-0.003857946797076513	0.0031698979091962665	-0.00231414600650805	0.006392151388203109	0.007784427379501261	0.0017808722054640464	-0.0015478170383755165	-0.0	0.0	0.0	0.0	0.0	0.0	0.0	0.0	0.0	0.0
eti154	-0.10314143665954235	-0.08798153674519535	-0.03763612668956236	-0.12186856238573039	0.06659996240727117	-0.004624583313165402	-0.0009265693648164275	0.07877068554871704	-0.06663818997392358	0.012303261608862012	0.02285922040312102	0.024917759485971545	0.026426588254525273	0.07281167014384993	0.029727772345339284	-0.030434513498539296	-0.12514799189889256	0.05974688219768921	-0.006137094054397178	0.029188063166636528	-0.042628906631902413	0.021879369567860022	-0.03959020716474278	-0.0019055142406211765	0.003649325907140757	-0.0639450800575806	0.03233904447927963	0.02227517399703666	-0.02029622528639956	-0.025053582218644576	-0.008194683696131041	0.04340261007065293	0.016161168779172685	-0.017525155115545445	-0.008813795492801986	0.006700030103830436	0.0008260961938419228	0.001225081482659314	-0.0	0.0	0.0	0.0	0.0	0.0	0.0	0.0	0.0	0.0
eti156	0.32640969615663284	-0.11923869278434061	-0.08829723596371132	-0.057930901306285046	0.1708510461915021	0.09035824328920691	-0.052210061110684	-0.011556281225679189	-0.09122644617694164	0.1734794887366057	0.16321270334330845	0.17653459058831877	-0.04570523924246098	-0.03620736150003864	-0.007188195596974891	-0.076033446721659	0.012413238462867968	-0.025918461583200044	-0.021314079149672482	-0.056495548523784175	-0.03714406482471758	-0.025117386499895478	0.019674560029370066	-0.015099879237923766	-0.003837983136474083	0.002736878196730803	-0.013616025050380823	0.004703110402652241	0.009869010821532131	0.006327713051827849	0.0010526044261771376	-0.00641832203291957	-0.0034883289378845037	0.004193985265981625	0.004903542901134991	-0.0031547030846711213	-0.00017795423728310912	-0.00031308393187332137	-0.0	0.0	0.0	0.0	0.0	0.0	0.0	0.0	0.0	0.0
eti161	-0.1185248793887712	-0.10029009748500639	0.04874838720792705	-0.022673340847192462	0.10380161371787786	0.07050047908767727	0.055418721906849135	-0.06268499499127506	0.035341485420641076	-0.011765375335252438	0.025974382511379273	-0.05804179185479005	0.15202627608503816	0.045295768427728096	0.07745260828386125	0.009243227927730262	0.07170301433445203	-0.012476943992732466	-0.06181480820575578	-0.01870404890130519	-0.046419450953276674	0.033964905217894074	-0.07596690676227308	-0.006109931854051493	0.07172850923982113	0.02554990491667645	0.008252289791094164	0.0005347981153631175	0.023074601127588606	-0.027071799760406107	0.004067489953580564	-0.010404093391302266	-0.00955610325154124	0.006753306938587259	0.004566424601910797	-0.005316330371816445	-0.0007949511895531359	0.0009188349000086646	-0.0	0.0	0.0	0.0	0.0	0.0	0.0	0.0	0.0	0.0
eti165	-0.06337321299961672	-0.14909589275728835	0.19752970609580411	0.033922088667954486	-0.08979668480033823	0.12278379605712278	0.1176511054565517	0.11557282699265338	-0.057643822481893654	-0.07112020346252448	0.17782086905074246	-0.12063821361601923	0.035765018350825344	-0.004132803793626431	0.0014102673735375624	-0.05643469737421469	0.006283995613579519	-0.11234246056824053	0.08001090670738267	0.022719308897759766	-0.0462608903485188	-0.03298415529037053	0.019488595699818742	0.013478254814645523	-0.015832566894482106	0.001651203944683525	0.004492346234153486	0.004411936211567963	-0.014931989267346445	0.016344441494714007	-0.0007543300538829267	0.00322965708473087	0.002449148079013698	0.003712299422285736	0.00028744980012759716	0.0022305723532881783	-0.000663122533761786	8.165103689006664e-05	-0.0	0.0	0.0	0.0	0.0	0.0	0.0	0.0	0.0	0.0
eti166	0.21171283256373113	0.17773849536135658	-0.09590656128237035	-0.09285116653156068	-0.1468292269218065	0.0888123949540602	-0.10967098879472462	-0.13854777774254282	0.019618790658159288	-0.002010098049446392	0.07734118158864393	-0.05460209127193462	0.04113111175541409	-0.04074708495073507	-0.008992331152441075	0.05754166721816392	-0.052744576918733535	0.0018040200686898803	-0.03330696480222569	0.06270534908716298	-0.007548793325997898	-0.041915480803744715	-0.033723538889971205	-0.04633309160229595	0.028575545266145735	-0.04007645950777411	-0.010388268542012575	0.015489154956415799	-0.011398774087935047	0.04627263086196728	-0.024679796098762856	-0.026743523431436402	-0.007179413338743578	-0.005201296574781176	-0.0051712816485062684	-0.004161267056043844	0.00047691561464113243	-9.667881417235784e-06	-0.0	0.0	0.0	0.0	0.0	0.0	0.0	0.0	0.0	0.0
eti167	-0.018700998641983	0.23376237448651843	0.10308941091775924	0.03586634904326383	0.03850579666880976	0.031100167936332454	-0.017313219257558826	0.0030887655814122537	0.013597177569570892	-0.0371871835033966	0.07244740436915399	0.013470559549347646	-0.0518105066517697	-0.02425941240897825	0.07783677813547012	0.06558550138206545	-0.032041123521262344	0.053908301220890756	0.01665530722643607	0.03792883802180233	0.026924840012127377	0.00717666011588831	0.04631646417694326	0.027758174181342618	0.0233398204672158	-0.03343172276011321	-0.009755682815632681	0.008888958740470819	-0.014472682504013382	-0.018316287557599464	0.02248785671052978	0.021288395568472406	-0.02360952810384064	0.0237753531778877	0.016064799210100206	0.003799827056236789	-0.0024090084803994618	0.000604124041277122	-0.0	0.0	0.0	0.0	0.0	0.0	0.0	0.0	0.0	0.0

Biplot	0	0

Site constraints	0	0
