Eigvals	68
2.846128523231529	1.6850610921137281	0.6925204306871622	0.54700441880523	0.46536012008281713	0.38756859445462544	0.34624903619713865	0.2928081063421034	0.28576925190555913	0.25349153157976756	0.24553705748671154	0.2123260787602174	0.21073207697198856	0.20547006455704234	0.19322669824743552	0.17891400938479965	0.1666000342503972	0.14685915692887563	0.1390320753573383	0.12466609471804363	0.11681220462342182	0.1115423378593984	0.09310846197769432	0.08026882524802464	0.07860519644427569	0.07706968059267427	0.07045938344110392	0.06339769165244827	0.06055519948729954	0.05259792630037777	0.04536584915396136	0.03683233401608116	0.03275533548012026	0.029196410799122358	0.026792823935544163	0.024325161570979706	0.018485991348209482	0.017426143002669398	0.014482762691638534	0.013085009914755585	0.009992305523082307	0.007317995660947554	0.006317530728954704	0.0030222708298626583	0.002047231099430044	0.00038781305204149685	0.0	0.0	0.0	0.0	0.0	0.0	0.0	0.0	0.0	0.0	0.0	0.0	0.0	0.0	0.0	0.0	0.0	0.0	0.0	0.0	0.0	0.0

Proportion explained	68
0.26555715276581243	0.15722411064912056	0.06461540731710541	0.05103808026325665	0.043420283901879304	0.0361619693575748	0.03230666059170756	0.027320370950315215	0.026663612786499275	0.023651949947831638	0.02290976017155865	0.01981101994279341	0.019662292092687383	0.01917132163111986	0.01802895807623848	0.016693517012435422	0.015544565322717613	0.013702648792310805	0.012972345336357516	0.011631931899606497	0.010899127082593066	0.010407423773383303	0.008687456613212477	0.007489458228864374	0.00733423385133656	0.00719096301368828	0.006574191256482507	0.005915302260501435	0.005650084397016139	0.004907633452144741	0.0042328467023867045	0.0034366296782424727	0.0030562265747976296	0.0027241621941909854	0.0024998962558445284	0.002269651772444655	0.001724829777859123	0.0016259409516139823	0.001351309750484376	0.0012208928544553458	0.0009323290155790263	0.0006828033505202722	0.0005894552755428264	0.00028199205689918426	0.0001910162725894724	3.618477839807023e-05	0.0	0.0	0.0	0.0	0.0	0.0	0.0	0.0	0.0	0.0	0.0	0.0	0.0	0.0	0.0	0.0	0.0	0.0	0.0	0.0	0.0	0.0

Species	0	0

Site	68	68
ec1441	0.4391214805032916	-0.06695846886521456	-0.08543347080784869	0.3395629748505932	-0.08070264113137117	0.07440275752011659	-0.004505869233586421	0.18626903502163653	-0.07946019138596529	-0.02839994675278952	0.17848906984724075	0.10036000950613719	0.1445594860058476	-0.04562435608169924	0.10843888279712643	0.019566322524638566	0.036724494567239876	0.017788437590005462	-0.05700884733429714	-0.07788746099374842	0.03273913326315887	-0.03729332944315945	-0.022335452211900735	0.019634265065455483	-0.025190394780255757	0.013531741555679844	-0.02273296987874712	0.035849374197366606	0.006789810898715468	-0.007470688841274156	-0.01655083085995754	0.0012374653936106847	-0.0009912453761902688	0.000537296873457432	5.707513801864983e-06	0.0009114174567343211	0.0009040299844429629	-0.0029369131564207108	0.0010643788104445307	0.003133164832860136	-0.0006620144838485117	0.0023545485561106373	0.0035958960757208297	-0.00118687615696838	0.0003742297665527292	-0.0002359466702770065	0.0	0.0	0.0	0.0	0.0	0.0	0.0	0.0	0.0	0.0	0.0	0.0	0.0	0.0	0.0	0.0	0.0	0.0	0.0	0.0	0.0	0.0
ec1442	-0.11668575619797436	-0.3554505988898141	0.0011097332133012242	0.13619451564652063	-0.053185736449837935	-0.08074850758910557	0.14281994464181913	-0.024549690442528898	-0.030574958276692446	0.03983625629433382	-0.13153850711775034	-0.008740487209332156	0.01444462306800627	0.002612326218471693	-0.05818592805674102	0.013922025311339814	0.06436959440539808	-0.02057208496304041	0.034746223123775906	-0.02142176672141583	0.027072144830236303	-0.010152668936864584	0.00673788613996169	0.02611445092402749	0.03358465908302271	0.008141140092527904	-0.01022946064033986	0.004051389473102722	0.009240794185329594	-0.01276268496210477	-0.03759553282930451	0.003389694773794803	-0.0016219377079369742	0.008071683248349153	0.017033868606588374	-0.008606610526290751	0.004306303510684504	-0.0006166906687784073	-0.004516998431091944	0.01429600663453149	0.001240975008646098	0.001727277325512729	0.004145916856399171	0.004766271038732484	0.00422930154882077	-0.00018783562638605006	0.0	0.0	0.0	0.0	0.0	0.0	0.0	0.0	0.0	0.0	0.0	0.0	0.0	0.0	0.0	0.0	0.0	0.0	0.0	0.0	0.0	0.0
ec1444	0.23162172653930188	0.10262271671415396	-0.04029783109708181	-0.10673102422195895	0.1369173770315334	-0.165119179568107	0.03770423642746964	0.025334376672956304	-0.08442445302383061	-0.017507644007533747	0.00709548666522878	0.07287806525521183	-0.1016580501327834	0.05974037201849845	0.13706556698963923	0.17871848021301537	0.09050405316515	-0.03187948810898704	0.01736799009968233	0.11045142127321418	0.07006755926714994	-0.08049165034312684	0.048122815119036676	0.03040080928076156	-0.0034666629111899418	-0.014583272355409443	0.019875735049953065	0.010934381714029688	-0.01627097897189597	-0.008653697808778149	-0.0015400491834006381	-0.026105544390897274	0.015264322171474883	0.0009735592827549998	-0.012538998862313525	0.002489262926749726	-0.004876987694612137	0.009846056058735139	-0.014846447304532091	0.0040584811696517354	-0.014400620692518105	-0.00152719406239395	-0.0025913682637056755	-0.0029504230834475577	0.0011305390974261829	9.699600138495417e-05	0.0	0.0	0.0	0.0	0.0	0.0	0.0	0.0	0.0	0.0	0.0	0.0	0.0	0.0	0.0	0.0	0.0	0.0	0.0	0.0	0.0	0.0
ec1445	-0.13810307672354494	-0.28297467948668875	0.012005210453447556	0.04500866932266077	-0.012272547354416932	-0.03612295244727671	0.03802175920747778	0.015543524888587117	0.025042773381223817	0.027987610427411488	-0.08541588009448121	0.007180642852932414	-0.019750393950662224	0.006812295868003783	-0.02001777800498131	-0.02173828724913729	-0.007515632271388229	-0.0025110310970840174	-0.00927586455782665	-0.025312260656404753	-0.013939868063093563	-0.04465637830089977	-0.027283100073688175	0.02478035860708199	-0.012762726195199508	-0.025192829245443395	0.02788943437685726	0.0055130263523613604	0.0025640041361707742	-0.004062833656073356	-0.025892050875600026	-0.022181600714455515	-0.011440257523440918	0.04237615921152593	0.02568708686369965	-0.016555007201435476	0.002831700131995187	-0.027821416154613466	-0.0167673326194595	0.018439713067198354	-0.0013689206086321866	-0.009520342117120776	-0.015960210124255515	-0.0022952066454301513	0.0008600620459495026	-0.0008814703800396827	0.0	0.0	0.0	0.0	0.0	0.0	0.0	0.0	0.0	0.0	0.0	0.0	0.0	0.0	0.0	0.0	0.0	0.0	0.0	0.0	0.0	0.0
ec1446	0.30213583075612965	-0.10771536896111165	0.04902791355969492	-0.03096453656023638	-0.17875028790156036	-0.03250197863115593	0.0028199847305118765	0.06505342979382138	0.05166272843478488	-0.07034358075831067	-0.0857775963928192	-0.06804976213687006	-0.004482034319043143	0.06292087480453504	0.03294775108269078	-0.033158302438248216	-0.057939933796811435	0.07848228119483355	0.013253952749266606	0.01750262905915765	-0.0050874249227511	0.051376452913782844	0.0344865274662182	0.016195140350349135	-0.024210358933432912	-0.01176466867878561	-0.03296209258733959	0.07359419602886717	-0.023179527589483103	0.015057378753548964	0.011876660789580095	-0.0006841117855299647	-0.015500105182087892	-0.017717400118723903	-0.026261573043518192	-0.017733439880950694	-0.013653376821574987	0.004640047853993035	-0.004894369856920066	0.018742520722383214	0.0029380268051772706	0.0024673065562844905	-0.02407202893176539	-0.015511724155809193	0.0047002315104457595	-0.0015156953389503002	0.0	0.0	0.0	0.0	0.0	0.0	0.0	0.0	0.0	0.0	0.0	0.0	0.0	0.0	0.0	0.0	0.0	0.0	0.0	0.0	0.0	0.0
ec1449	0.38384651227065186	0.09955279616839072	-0.1457309595423275	0.30147447933651855	0.2269499197331207	-0.06951758811369761	0.023880371798021948	-0.11599264322276401	-0.11325362237396205	-0.08636451575781723	0.011086234276311693	0.005441954658121229	-0.2038404873429532	0.06558860002327258	-0.10392115802805986	-0.1202958342354271	-0.07777322995389434	-0.014685159626322834	-0.07643966117604092	0.005096245312482699	0.006541072214990041	0.01620539606991283	0.012440780401471445	-0.015385909604495191	-0.03299765290483869	0.013381232572174332	0.0018037803980210578	0.025739215040890454	0.0028694472701233584	-0.000215115896832323	-0.0010011545911129995	0.01113445825985493	-0.003731511321634583	0.001735743102484021	-0.007384487363491099	-0.006615312359387906	-0.0003551573606186902	0.003944055458732765	-0.002978377759920878	-0.004084249102146094	-0.0005349625896548097	0.00028642070208319693	-0.0004544290349404949	0.0007512679803521379	0.0007041536825040764	-0.00030307885937336747	0.0	0.0	0.0	0.0	0.0	0.0	0.0	0.0	0.0	0.0	0.0	0.0	0.0	0.0	0.0	0.0	0.0	0.0	0.0	0.0	0.0	0.0
ec1450	-0.12394280131303745	-0.29389350083239213	0.022792110142157034	0.10712753576586341	-0.042804815682022414	-0.04020639988451389	0.09528225806163629	-0.03373326805069777	-0.019297196899362715	0.001839444538737012	-0.07986968925761313	-0.031124671488283042	0.011457282729960317	-0.03767578168706303	-0.039284459488894745	0.021331802419541274	0.06234439928618133	-0.0023792170780423372	0.04280733332001496	-0.0009388644678274494	0.021381120246966777	0.028958507418009424	0.06320281580357061	0.06211349440031951	-0.05217619211297496	-0.0036503494645896153	-0.01494251958521219	0.0032756150671033033	-0.02090231101836636	-0.006448332547508842	0.011940645239902225	0.017459316471883556	0.011672125312231132	-0.02171823301789178	0.012856861940671423	0.009212997507737505	0.0010902444392497015	-0.0019569490581528735	0.0201457566715294	-0.02513224722538607	0.009882031594426936	0.0010799964766937033	0.014391200789279447	-0.008825545010176938	-0.0034090023917431995	0.0010398808800073805	0.0	0.0	0.0	0.0	0.0	0.0	0.0	0.0	0.0	0.0	0.0	0.0	0.0	0.0	0.0	0.0	0.0	0.0	0.0	0.0	0.0	0.0
ec1452	0.032974191541723645	0.17301104230254266	0.1375169953898097	-0.11256117913356581	-0.059702684983198556	-0.015033422146126674	0.08316707562257655	0.019831960677611286	-0.046057857398045465	0.03641270903294373	0.04294462661773924	-0.003499036938112715	-0.02050836945537829	-0.010945802065223048	-0.01712176064653713	-0.011285052561625732	-0.03916966184295612	0.0453212454507082	-0.02668246971588839	0.026748608779325576	-0.03136195840529311	0.05034173844520509	-0.025854303218278005	-0.03795631969439469	-0.013731259352731302	0.04062149514489203	-0.049650166160235515	0.05591338695572522	0.05523330087427871	0.017112446745499405	0.005775249487248317	-0.03590305708760851	0.014180260866982987	0.004836869899643349	0.009050097537966317	0.04261241609820226	0.0031499963324384144	0.004723210323843078	0.017474258249656507	-0.003387067246667948	-0.014486653579182017	0.016494733194447643	-0.006718792611858089	0.004765460528266948	0.00016407158375429562	0.0007431393518411442	0.0	0.0	0.0	0.0	0.0	0.0	0.0	0.0	0.0	0.0	0.0	0.0	0.0	0.0	0.0	0.0	0.0	0.0	0.0	0.0	0.0	0.0
ec1453	-0.1650172095752908	0.11878793454732907	-0.1018072220774928	-0.05305123961873233	-0.0417110903515563	-0.03096358953310545	-0.047338557665701	0.03643783098593374	-0.01938057729904439	-0.04084363462832641	0.06318684315202766	-0.051005181274538534	-0.0467740714307537	-0.009759326932217767	0.01409066691416661	-0.011008652664856306	-0.04104985789949299	-0.021937916526550923	0.055200585663512214	-0.05965901545550693	0.05447779783370768	0.03491188894750666	-0.00012516990547196678	0.04423612154075355	0.015434421450985994	0.031555494543690464	0.02999181650032031	-0.01618827725459212	-0.017808987560946822	-0.018130343257050114	-0.01374680732276752	0.01775731620902117	0.02025490701962204	0.02856976642897051	0.020550279681609322	-0.004349712936665822	-0.026582083673562285	0.020729024821984195	0.01835323410379151	0.01129030275830595	-0.015435660904717515	0.01628612161719177	-0.013540883806829567	-0.004558176113932841	-0.00383049414894367	-7.550818549272538e-05	0.0	0.0	0.0	0.0	0.0	0.0	0.0	0.0	0.0	0.0	0.0	0.0	0.0	0.0	0.0	0.0	0.0	0.0	0.0	0.0	0.0	0.0
ec1454	-0.21440844586963861	0.09638660417468531	-0.09930632582344304	-0.0419913221016014	-0.05514035437169142	-0.03272962906208653	0.03573829674331636	0.019930522525933886	-0.030770620664340418	-0.011717440908210286	0.04700458805806804	-0.003906250479359727	-0.02465257579603401	-0.027330995078780417	0.029753806957005503	0.0035380860900301667	-0.03264625101774816	0.01260877594919627	-0.02235656991144461	-0.016082363742397243	-0.06448571186229556	0.018880184306208057	-0.024147692601211624	-0.02450462333895655	-0.0515479054365324	-0.004945572697934069	0.020218778575380122	-0.05467514918691589	-0.03692053889969321	0.02294912494473767	0.03142570697901849	0.02011702337830553	-0.0020636404965442856	-0.02601193985927383	-0.03301422477084499	0.01238282128626624	0.011831650723806042	-0.015765504262831836	-0.0030763055902921894	0.021340349898407624	-0.015766796929487643	-0.015291918950625623	0.01682777499240063	-0.01811175440534023	-0.003653049083451419	0.0005370294711603541	0.0	0.0	0.0	0.0	0.0	0.0	0.0	0.0	0.0	0.0	0.0	0.0	0.0	0.0	0.0	0.0	0.0	0.0	0.0	0.0	0.0	0.0
ec1455	-0.2339502380128556	0.08911299728946466	0.002477785362657283	0.05697976595191847	0.01319002764802843	0.04877358963737027	-0.021883134734706055	0.033202957991818924	-0.009500018654525058	0.009109974834174101	-0.0023350373270010338	0.021051653515287472	-0.005130676204574986	-0.007262818150494065	-0.040758111264808515	0.008042432112771874	0.02349111058093448	0.02433671877086658	-0.008982785929049426	0.02779391461718954	-0.00023876144045045984	0.04076210288123728	-0.023995598231593758	0.04307519660303519	-0.05958009442756791	-0.04479493447709294	0.03511978156526805	-0.02332506047685346	-0.0693828612661239	-0.014714343248799586	0.0006245149886946641	-0.06415728762526848	-0.09574066154853081	-0.020168823361898843	0.023812926568286794	0.03501657872141693	0.011127702120762178	0.05223537374005983	0.0022465733620992373	0.010155557967603488	0.002350838060086821	0.008393932242197493	-0.0024240757167664534	0.004442822951088609	0.0005782479295190362	1.1896133176105691e-05	0.0	0.0	0.0	0.0	0.0	0.0	0.0	0.0	0.0	0.0	0.0	0.0	0.0	0.0	0.0	0.0	0.0	0.0	0.0	0.0	0.0	0.0
ec1457	0.06050124436611181	0.15631838930073844	0.18294472152527722	0.011177296101178536	-0.0011218856394548775	-0.0740117417093964	-0.07055241816394583	-0.0006116316852342696	0.0036355294279604026	-0.04701030818885321	-0.04668991696571383	-0.04904141647323114	0.06956554261485	0.028927496468898754	0.06262727886353998	-0.08621962483809098	0.004352735559348599	-0.07724521654808184	0.020523985614042502	-0.04259492209103717	0.012776895592836825	0.023000153564930476	-0.0003022961117788888	-0.013303637814719415	-0.03334817774306966	0.03400608398056404	0.03764699942814634	-0.029894996423214054	-0.0006162894605109336	0.031219726646037074	-0.06955838756432167	-0.05261635118921318	0.026585950816055047	-0.032708947888698985	0.001152118299547941	0.01051184238903265	-0.02886607998756831	0.0005511940716199693	-0.028234210397238186	-0.03126940456281614	0.006596345393881335	-0.015278540663216007	-0.0014317567504277494	-0.005457834166397664	0.009752154034573215	-0.0010857455427067163	0.0	0.0	0.0	0.0	0.0	0.0	0.0	0.0	0.0	0.0	0.0	0.0	0.0	0.0	0.0	0.0	0.0	0.0	0.0	0.0	0.0	0.0
ec1460	0.34909418379117063	0.045523394298903036	-0.0485599375193107	0.1532151791224711	0.012374251438443838	0.16334014441319183	0.05274407727273299	0.20073334584325234	0.05747225930102198	0.034454118514864275	-0.04063451077103956	-0.08696097506405945	-0.08010789768540619	-0.04985701570344376	0.030648987176406142	0.025960892099946085	-0.06869050431898314	-0.04995282420435508	0.0243407893201727	0.07898382459599111	-0.03880373219169213	0.072814595309214	0.0491813908700872	0.038333050076848466	0.08047978489151651	0.018268617696120447	0.037070812875904115	-0.07452696339352678	0.0509935207311181	0.021775794248941268	0.01012919988727966	-0.027632855310746256	0.0019617451202695833	-0.005652969312230412	0.025291353261847407	-0.003277299957792556	0.009475807045540779	-0.010029473814237097	0.0015676069802125394	-0.00036297883588974655	-0.003627326757373598	-0.008424131418988475	-0.000972786009586681	0.0026750420690703773	-0.000864627196590701	0.0009482549976338656	0.0	0.0	0.0	0.0	0.0	0.0	0.0	0.0	0.0	0.0	0.0	0.0	0.0	0.0	0.0	0.0	0.0	0.0	0.0	0.0	0.0	0.0
ec1461	0.17303787790961572	-0.13641689182582958	-0.04212247429714665	-0.10794759818900665	-0.031993877831191536	-0.12116572051772044	-0.14771025847626257	0.03314546131504775	-0.12081713575500021	0.02909162849668919	0.04910717116938855	0.007312532189628055	0.05742844267436538	0.17210821640772522	0.00034295107910402864	-0.04454566138534416	-0.00621364486645321	-0.07105179921677099	-0.01151526586068477	0.0210973709864472	-0.02844566851292765	0.06455447583262654	0.029143560769502145	0.028700661300035134	0.03457269011677433	-0.01380271069750463	-0.12064150645364602	-0.03134464630363354	-0.04622464412040022	0.03284254803753373	0.022140917404492713	-2.8381229719293838e-05	-0.006685157480875531	0.021383982570232878	0.03929354713388601	0.01640574265245551	0.005365542891354042	-0.017714832561296738	-0.0026370317633850403	0.008255011839109113	0.004975229422085954	-0.006389524079013763	0.0050646022607840424	0.002480191101432157	-0.0020699112541817223	0.0008644650025821091	0.0	0.0	0.0	0.0	0.0	0.0	0.0	0.0	0.0	0.0	0.0	0.0	0.0	0.0	0.0	0.0	0.0	0.0	0.0	0.0	0.0	0.0
ec1462	-0.10647287076331077	-0.2634063785583212	0.055151891639619574	0.010787093217230785	0.01343353233999489	-0.013976852212515952	-0.06128296752664028	-0.032295582210648245	-0.004619013375151485	0.07485214695851627	0.047132090762518876	0.016036407980846365	0.0042509926054593965	0.04185595472316786	-0.008122061371061034	-0.016397448720430714	-0.013387962233824437	-0.02322281863848284	-0.029674282494733677	0.030389893835518513	0.014925057464861629	-0.014283270386822835	-0.03354692847252574	-0.026891057101403347	0.04697792415057242	-0.010882563392714626	0.018893067003141962	-0.024632544821358418	0.035730902383531375	0.005397654552875621	-0.011732168644373106	-0.0028625279171077475	-0.02819583400405656	0.008917777339478595	-0.01913096471089412	0.007478870594693277	0.02462279199914947	-0.007504822510601473	-0.009201213198573359	-0.0006336182729131159	-0.003793295398151302	-0.002515939782816889	-0.0023041039844572415	-0.0032405958024722234	0.008952844763643253	0.0006240091267680668	0.0	0.0	0.0	0.0	0.0	0.0	0.0	0.0	0.0	0.0	0.0	0.0	0.0	0.0	0.0	0.0	0.0	0.0	0.0	0.0	0.0	0.0
ec1463	-0.18983063504595657	0.10364484871343854	-0.047921202044142804	-0.0022782560222718313	-0.08395902995147926	0.05966088086393099	0.06200270391523746	-0.05581140645961914	0.03145448876465953	0.017277391703541763	0.052961606374618345	-0.06068381724914815	-0.016085902632948495	0.016436761921528365	0.03326362267703276	-0.02249154227849772	-0.00021300537786110492	-0.0025296080959425946	-0.037432831678688966	0.0065435947551674934	-0.021569567169422713	-0.05887824793462193	0.05390756978808136	-0.02177158490769228	-0.04420646646943764	0.0032545498124948087	-0.004246725643895182	0.025950033628205436	0.022776927703528575	0.01581023933748611	0.0036555716842896382	-0.04522654413676778	0.006001630371198455	0.03632573044620823	0.018620989975469127	0.026360702693616563	-0.011928769990713116	-0.020312265486199795	-0.007775024362278413	0.004376761843021589	0.02078120049265507	0.006044656149980221	-0.009233301831898192	0.003404830316977287	-0.009435747068781485	-0.0005849877756791514	0.0	0.0	0.0	0.0	0.0	0.0	0.0	0.0	0.0	0.0	0.0	0.0	0.0	0.0	0.0	0.0	0.0	0.0	0.0	0.0	0.0	0.0
ec1468	-0.238492775483736	0.09265247099486072	-0.09019327229725571	-0.034678077306900305	-0.04554395515092308	-0.020076462363614107	0.016792056798279196	0.03995806020987546	-0.02301431164935444	0.011911265565012399	0.0061484422710569	0.02827558688101136	-0.0017939665304056796	0.032967256111898414	-0.0025818208411013846	-0.009405028094233861	-0.032557435989949014	0.011719078478779224	-0.006355222158860381	0.00516794421434649	-0.012558769794776293	0.0026877992654812093	-0.022447377418553436	0.015385089702665177	0.01529739057172984	-0.004994116561065127	0.004064399416342669	0.010480544937791256	0.008566005314285878	0.001964348306749803	-0.009569192889461063	0.009124604826576583	-0.0033540745696300552	-0.0012317184537907952	-0.0005882125563473453	-0.003552815506246304	0.010936052273835118	0.004907878342985498	0.005081783219898227	-0.007248041339744043	0.006586368842575057	0.008712854337562893	0.000333225374540914	-0.006937856723046663	0.00813606523472189	-0.011686310846885846	0.0	0.0	0.0	0.0	0.0	0.0	0.0	0.0	0.0	0.0	0.0	0.0	0.0	0.0	0.0	0.0	0.0	0.0	0.0	0.0	0.0	0.0
ec1469	0.009731486056320852	0.15228048067174885	0.231693313283314	0.007101090771270939	0.035535742213382016	-0.0317510282783758	0.025147705728642607	-0.02677879925417504	-0.03984333289470846	0.05042560532267187	0.01128226030549762	0.04971400377413806	-0.01397556234388627	-0.011085063757973825	0.012106044166326373	-0.02975851477199205	-0.06093442275333401	0.0034459960204697593	0.012694535102266896	-0.05417340188053051	0.010318802283653063	-0.04778285892717034	0.0329615080615036	0.010780871153889399	-0.00864256927085586	-0.08272016762593123	0.02416777794911838	0.01520623981426558	-0.012458131045480074	0.025283693121033853	0.029338673199345817	-0.015552661909791302	0.0313671056202673	-0.057552568537557594	0.024847378884049025	-0.005548702996480126	0.014571295674780823	-0.030476883345756905	0.014470873564553264	0.015353329026894383	0.0005674999947724538	0.006056379013889181	0.001920409561258442	0.0038264287857092435	8.065880348759091e-05	0.0014648804335062955	0.0	0.0	0.0	0.0	0.0	0.0	0.0	0.0	0.0	0.0	0.0	0.0	0.0	0.0	0.0	0.0	0.0	0.0	0.0	0.0	0.0	0.0
ec1470	0.0036361707372084577	-0.19841138727870788	0.04220859378086926	-0.026954674539095922	0.06381328257543234	-0.11225640550957731	-0.040321516898429825	0.04956269476051771	-0.031161368833657364	-0.05468505938994848	0.027543321541679225	-0.023793060588179003	-0.08062973172232117	-0.11226289890917769	0.05340297695455479	0.03501573373661145	0.10165661996467835	0.11492826301921732	-0.041988794337617326	-0.03354947548299689	-0.11003322041957123	0.016608767969397656	0.027393945603460194	-0.07500309292834283	0.017450227824219688	-0.018151967245697707	-0.004320092432113474	-0.02561394714149383	-0.006203977556290109	-0.013752253580578383	0.012225775575866116	0.018658149799907632	0.002169174913733645	-0.0011869146080417138	0.04273705886163744	-0.008888446497953553	0.012861778873985255	0.002254549725767563	-0.02852507337203865	-0.0035618276269170413	0.018251359208510825	0.0025747212947607127	-0.00947786753130337	-0.0011529590621431438	-0.00016756394052910826	-0.0007398962682716245	0.0	0.0	0.0	0.0	0.0	0.0	0.0	0.0	0.0	0.0	0.0	0.0	0.0	0.0	0.0	0.0	0.0	0.0	0.0	0.0	0.0	0.0
ec1471	-0.2228138755203376	0.06269384464106603	0.1162983904811029	0.1685731987999979	-0.078835079634806	-0.022507134891286314	0.07758570477649254	-0.09694369284543247	-0.05318698150539156	-0.05568295085578045	0.025841352015607288	-0.025807347580144517	0.06305137719583473	-0.008328353493155083	-0.012388869116116752	0.04783407670273302	0.029042837371806948	0.00023228655023082385	0.050443943949672033	0.06563907897252592	0.05246719721764691	0.06739118528692131	0.04881350497914592	-0.00011241417296990477	0.0258018218214228	0.03811689658943493	-0.03929569509053211	0.0033773711502777825	0.0034640626961514663	-0.009983496291996505	0.03284364345409064	0.018936814669345044	0.013668426955090648	-0.02689695310200574	-0.01182120714135841	0.003115164591555115	0.007351452742049381	0.012245624107962183	0.0027549224032945886	-0.011988150771631288	-0.0046654321140884745	-0.0043534824833580945	-0.004311273595434493	0.0015087954414585425	-0.00027954354675944804	-0.0005463092812060483	0.0	0.0	0.0	0.0	0.0	0.0	0.0	0.0	0.0	0.0	0.0	0.0	0.0	0.0	0.0	0.0	0.0	0.0	0.0	0.0	0.0	0.0
ec1479	-0.22998532407858402	0.049565750657204	-0.08471022268882487	0.12098524861352287	-0.1647990786520728	-0.06994512445061826	0.2373461864811548	-0.0541586787936723	-0.091221493379308	0.04852735426013408	0.0017466589734336894	-0.038793841833091564	0.022968414776597924	0.040017886027139786	0.003080297913072147	0.011590526379224352	0.04501314551103099	-0.06308520031042018	0.018766127759376368	-0.0320681918621907	-0.03811465455820924	-0.02105934409865263	-0.003698430118495175	-0.11070950822674508	0.04694606765220059	0.01220499317127127	0.0036441701185972214	-0.027952948853964113	-0.014230816884328744	0.02919624287038565	0.00755246296115843	-0.010646047782520606	-0.007179779901875515	0.0023475967376626146	-0.016202906062796032	-0.002580851246359586	-0.00978634583408426	0.014765954168481062	-0.0023734983036466186	0.017645441006776764	-0.004722494168763632	0.004093719489369487	-0.0026428513223900343	0.0029321068684631853	-0.0006374254140053201	0.00012775654245423862	0.0	0.0	0.0	0.0	0.0	0.0	0.0	0.0	0.0	0.0	0.0	0.0	0.0	0.0	0.0	0.0	0.0	0.0	0.0	0.0	0.0	0.0
ec1489	-0.03571258374770442	-0.2765626118253672	0.0022980300766912887	-0.07510729511510682	0.08142872446528984	-0.034237215732973586	0.10378082293737814	-0.0034464036328272552	0.09570562699414027	-0.1396172042665741	0.02501380192981394	0.04646852117180748	0.03372456282325938	0.10670432775199391	-0.009967963847730067	0.02000810262259939	-0.0020292656371719794	-0.029444029055420172	-0.03213945172589499	-0.05448819778569053	-0.01961159085129802	-0.03180312145396512	-0.06515075490032873	0.006489949521574849	0.030008496064150736	0.018773358047087796	0.018737663176836856	0.02382462606752833	0.025690105190385767	0.005610977970117619	0.012362475219862142	-0.02878166161346295	-0.0062247466827786	0.008358057457716766	0.014756514926495677	-0.0016439590108450932	-0.00621740972582038	0.012768954871182901	0.009095819841539279	-0.005410628898063027	-0.004609771797828982	-0.0093630144205535	-0.002176621055671214	-0.002325720800904401	-0.0006090382430949411	0.0021308000664713323	0.0	0.0	0.0	0.0	0.0	0.0	0.0	0.0	0.0	0.0	0.0	0.0	0.0	0.0	0.0	0.0	0.0	0.0	0.0	0.0	0.0	0.0
ec1490	-0.03154775003208907	0.13806525977085937	-0.11593681093360167	0.03990408786676563	0.0542981624813537	0.012320633804649263	-0.13359054012248675	0.025154526846414827	0.1318134015620251	-0.03436388434758705	-0.034950635411434554	-0.10512413859085466	0.05980242841033657	-0.048425642066663534	-0.09538456487896539	0.011378774543061103	0.07578022423028109	-0.08289291217387511	-0.05236425677132583	0.04016970825600829	0.06774748424022549	-0.07337036464129863	-0.020736444638822744	-0.02884164690934713	-0.0290985137172343	0.05406469891438973	-0.006720955319937661	0.012290488352025127	-0.05287902744285545	0.07848350236677257	0.025654906874157044	0.013021293260916073	0.03253774631429407	0.0052123516329114295	0.028942833281363864	0.0033598763044160565	0.026691522942570465	0.007962044378185245	-0.003722425091691726	0.009371264257937334	0.005454230940280224	0.012841165532012323	0.0020172351448238504	-0.0015274367411857216	0.0018848477816599582	-0.00014907987782017206	0.0	0.0	0.0	0.0	0.0	0.0	0.0	0.0	0.0	0.0	0.0	0.0	0.0	0.0	0.0	0.0	0.0	0.0	0.0	0.0	0.0	0.0
ec1492	-0.23716127175988835	0.09157414348943087	-0.08939490578063959	-0.038285426716478915	-0.043263367821669195	-0.021553671033519645	0.01324228180922034	0.03944815152354187	-0.019555675768714146	0.009330366717363375	0.009038408251817408	0.030491689923687615	-0.00545242806587916	0.03428260155194921	-0.0005609612572819747	-0.008952330381158708	-0.03567210833309266	0.010642214098561427	-0.00870036020163616	0.003379058468378011	-0.013367640080240517	-0.004925457587619776	-0.028786163291820075	0.012593569973025298	0.015570445780229378	0.0006256259631344851	-0.003872653659611434	0.007577163360879772	0.009836210965749374	0.005998610168160162	-0.01467222442903724	0.00861866630597108	0.002008371066303444	-0.0022374510847265007	0.000977079148167782	-0.004972366896393295	0.01022024095441355	0.00995175894540489	0.0019800386681391013	-0.009544271934265998	-0.00379109808997491	-0.0006256359826424774	-0.003116983454784971	-0.007199750251857281	-8.1795779697637e-05	0.012128505512270293	0.0	0.0	0.0	0.0	0.0	0.0	0.0	0.0	0.0	0.0	0.0	0.0	0.0	0.0	0.0	0.0	0.0	0.0	0.0	0.0	0.0	0.0
ec1493	0.061910518185233215	-0.20770750746300692	0.11527027354522619	-0.0960431404809519	0.12596110989933643	0.08120484475862985	0.0341491269287188	-0.01831830279596168	0.043342397154447224	-0.021686083698362908	0.12840300260868923	0.016309322555004748	0.05734985586490615	0.0855943907877281	-0.038082821800617096	-0.008670291555819727	0.036365167557711596	-0.05259789608653509	-0.02380611546740167	-0.04759448403738175	-0.025192823521298327	0.019340875574424717	0.0658499795515245	0.003824211077697659	-0.017847404491850637	-0.008712576460450492	0.008007003239545394	-0.05028086743477	0.013862366988827713	-0.004386469663581096	-0.01835511748025791	0.03219277307068221	-0.002030724796249632	-0.02485969950615817	-0.02653395980470596	-0.005839853855851	0.029688090321102884	0.013724922400982768	7.212460635589273e-05	-0.0062956312182965305	0.0007569423952148383	0.009078807856174041	-0.016408299014414367	0.008865261494912074	-0.003297691627278845	-0.0010922219692729108	0.0	0.0	0.0	0.0	0.0	0.0	0.0	0.0	0.0	0.0	0.0	0.0	0.0	0.0	0.0	0.0	0.0	0.0	0.0	0.0	0.0	0.0
ec1495	-0.19316810705712328	0.11021583196664991	0.007435820493527457	0.035002806889113676	-0.013201430287589124	0.08929026496391505	-0.003288704900487061	0.01023690467760375	0.03867244712709616	0.01960133638007396	-0.023634704481737927	-0.009032630799335842	-0.0264137473851441	0.0004890828559378189	-0.024161815874179305	0.03860074911895448	0.06157039178799345	0.05837747722633476	-0.035030449378978784	0.009001700149074742	0.02680265128132392	0.03399427628102659	0.018593759056043442	0.04170715864680886	-0.04262857134007989	0.0014341410846671965	-0.021946576885298726	-0.008111434682216987	-0.014600061171290622	0.01810929667112661	-0.006415936202294663	0.009844983419256974	-0.011191005022820968	0.04232890528796354	-0.048219636113167964	-0.005972510314450799	-0.003917707695373479	-0.04834062955648923	-0.006425288035663622	0.01403033343735974	-0.015883552728815694	0.00900403370031311	-0.004275686596368708	0.01024883467590859	0.010614051951774292	0.0010765617743220281	0.0	0.0	0.0	0.0	0.0	0.0	0.0	0.0	0.0	0.0	0.0	0.0	0.0	0.0	0.0	0.0	0.0	0.0	0.0	0.0	0.0	0.0
ec1497	-0.08185129895811498	-0.27405812733944174	0.08965211254846564	0.01825586016379735	0.015271039320301156	-0.024439867290443555	-0.05403801828638895	-0.03889180081536716	0.021328108958344482	0.02521406596096363	0.047687238262808705	-0.015860182831188237	-0.004839146946197732	-0.02670085630100245	0.001638984194860095	0.00012232449901158207	-0.015462417275412218	0.008900356224114876	-0.010138151979728031	0.0263365045359624	0.006948713993440221	0.004881072832380467	0.022147243320397213	0.03629480792268465	-0.025002667005309804	0.003810750889488989	0.04020103073372583	0.0355300039389215	-0.00649228687363534	0.017210318381714246	0.003938428239048266	0.009672503883019904	-0.01192574810702248	0.01069431821827296	-0.01876207819755802	0.02112908579934821	-0.023590540945688257	-0.019047078725488522	0.005202619748564835	0.006632971426994308	0.009346227524723225	-0.023931651735337525	0.00642483188703668	0.005813831233626599	-0.010081906064556013	0.001262724457268261	0.0	0.0	0.0	0.0	0.0	0.0	0.0	0.0	0.0	0.0	0.0	0.0	0.0	0.0	0.0	0.0	0.0	0.0	0.0	0.0	0.0	0.0
ec1498	0.39330119532249475	-0.03444829215042779	0.026349905118163847	0.03994797581442894	-0.19936239418412197	0.02438515411015051	-0.00835723826855164	-0.0013731264929046656	0.07945478327031928	-0.11035902369706291	-0.007284877941408485	0.056606605724749494	-0.034946041435167254	0.002757959223749256	-0.045862663827097847	-0.02603721008139905	-0.027078749484781974	0.05086880468441684	0.04893930632576873	0.08015856347091763	0.04736472997309711	-0.058640910833102085	-0.03546373671983944	-0.0841280479781092	-0.033719746762316885	-0.09645348533979455	-0.04240335845194601	-0.0918492705889256	-0.022195530905941323	-0.03262842542265008	-0.020989581646583003	-0.007330143941319562	0.0260234626377827	0.021726950200818974	-0.007428350179540207	0.00979265194758023	-0.008939270864409299	0.00275422924635611	0.016055732979916127	-0.012740140068546032	0.0094498246749251	-0.0034427436560269084	0.003588370628039901	0.003405719204641889	0.0005900590533628926	0.000832381913427732	0.0	0.0	0.0	0.0	0.0	0.0	0.0	0.0	0.0	0.0	0.0	0.0	0.0	0.0	0.0	0.0	0.0	0.0	0.0	0.0	0.0	0.0
ec1499	0.21329518825447982	0.19796200762340527	-0.11163401962222418	-0.06350691305345309	0.1001924250948184	-0.1426966185491712	0.02250007143734692	0.0531587648700825	-0.04673920965100468	-0.02596698456920822	0.006364915633139855	-0.10258238576305914	0.1146672116844801	-0.07224347687177185	-0.08688021746192416	-0.1665483067232913	0.11981871668171427	0.08945351288338117	0.04789016540024222	0.04360258445848982	-0.039257438197663315	-0.0735609641565192	-0.00695696197986524	0.06123068610950323	0.052201079142540095	-0.029070611604520166	0.014004814593699538	-0.0005738489445009585	0.043914314743073925	-0.018167136313567585	0.003109504733991909	-0.0035157423409612255	0.0007602117266591201	-0.009395801874611014	-0.02756441671831712	0.032756762140371556	0.003988050834931798	-0.004214140012357386	0.0015814516223161149	0.004276518660155788	-0.006500394994405885	-0.002159794016859961	-0.003197453666238812	-0.0003450255938243851	-0.0006229633473791811	0.0005159454888607621	0.0	0.0	0.0	0.0	0.0	0.0	0.0	0.0	0.0	0.0	0.0	0.0	0.0	0.0	0.0	0.0	0.0	0.0	0.0	0.0	0.0	0.0
ec1500	-0.13901881897354942	0.11560400785304178	-0.15114881084500484	-0.05177359110378714	-0.07794500640643338	0.015329470268774745	-0.06996231252333536	0.05689466831944115	0.03322678821970889	-0.017393040290295127	-0.01379922576540342	-0.06908246897431533	-0.03575221565134325	0.06623462223234337	0.009201693752422775	-0.01502838604804478	-0.01110694275480604	-0.007143108912906056	0.017801604577707814	-0.049703064571013075	0.03668216412494368	-0.022111692944332472	-0.002369338816568636	-0.00990111759744609	0.011746594914026506	0.002290715531792748	-0.02290622690665354	0.028707383523070742	0.029923697586503335	-0.03425643347729834	0.024855190044007797	-0.01135971929190162	-0.011746849125785885	-0.03835272853277814	-0.02884040396037704	-0.046200345772854604	0.013135647287832121	0.015363100133369913	-0.02835148553835326	0.012453564360620825	0.014431586494631499	-0.012105126146366692	0.01181072684889397	0.003769416979879479	-0.0012622939055807847	0.0012384100163154554	0.0	0.0	0.0	0.0	0.0	0.0	0.0	0.0	0.0	0.0	0.0	0.0	0.0	0.0	0.0	0.0	0.0	0.0	0.0	0.0	0.0	0.0
ec1501	0.22943945878602803	0.1790950431259632	0.0967884880494989	-0.00470890043677702	-0.023399618543192318	0.00812605864843324	0.03101655207879162	-0.13709267241570186	0.10584685299702756	0.02522117081537373	-0.06323562465925116	0.011440609049238392	-0.034495685221280936	-0.09221196397493041	0.12042388195749688	-0.0564869082704565	0.0648485294169699	-0.07750434460955008	-0.14531793744336374	-0.0227440445390289	-0.03288264628857673	0.04179499700307119	-0.03575846596822802	0.05258818962589985	0.0889526266488059	-0.012814226146317671	-0.037398124277634594	0.005424001528191141	-0.06423693870472078	-0.0425242132963339	-0.018786117182635988	-0.013701247553059306	0.011095065119023443	0.013135969212378135	-0.033190509902669176	-0.0008426130125416608	0.004343607177121108	0.009645880051403693	0.017516967172518178	0.00479425323731543	0.013676602815229283	0.00229967144698166	0.003815665762473015	-0.003261286675167169	-0.0033376101767901914	0.0005558415290707612	0.0	0.0	0.0	0.0	0.0	0.0	0.0	0.0	0.0	0.0	0.0	0.0	0.0	0.0	0.0	0.0	0.0	0.0	0.0	0.0	0.0	0.0
ec1502	0.15360995277762715	0.08617906349583852	0.004059451680609465	-0.2157494540553188	0.05687457942317461	0.06650792615083131	0.23949241502518562	0.06533226387960968	-0.025768597658155885	-0.014630897134223643	0.06649548767338445	0.051318402463800185	-0.01264644421426051	0.011267197143883726	-0.05874153199663332	0.015533456092312001	0.010588571466161061	-0.03929042381310893	-0.0037484125311647134	0.026972162110409405	0.011009526173116771	0.03427185944741875	-0.04350267671721119	0.01129226207751134	-0.03341958955255071	0.03850049971539006	0.027005246082483697	0.0026527314109214247	-0.006655462741717413	-0.013991244773299555	-0.003528158639784803	0.017765351888433208	0.002535806595650677	0.005669463499495914	0.010308670330679982	0.0101006289337551	-0.0006723586818888021	-0.0244452778000659	0.0033985512991460717	-0.007518402923416737	0.03695064221934982	0.0030341834635819287	0.010375152151055408	-0.007474702553634574	0.006524201904541741	-0.0008561990299015803	0.0	0.0	0.0	0.0	0.0	0.0	0.0	0.0	0.0	0.0	0.0	0.0	0.0	0.0	0.0	0.0	0.0	0.0	0.0	0.0	0.0	0.0
ec1503	0.06672953641866065	0.19242395220606703	0.09795458258427789	-0.09115638690330218	-0.03185988037564785	0.012995601677352173	0.08851040378425662	0.041153054521830074	-0.015287125167290838	0.06206177548063086	0.012565774269214122	0.0709116885889306	-0.030832179077598897	-0.08915199314127872	-0.08339889322618298	-0.0064672152633841	-0.019915487872354858	-0.04005226991727968	0.01230000265883757	-0.028816780236291296	-0.04163964639812514	-0.0017918949236107552	0.007124155175276617	0.05011597912431712	-0.02904200364627888	-0.0791625509227145	-0.037877738852125795	0.023205664880195813	0.017883155971288128	0.06673681918888284	-0.04526974730268424	0.02145750981528427	0.030540979878737995	0.02522616550958701	0.005366148567102413	-0.028703268698909674	0.005520989206238404	0.040967817079124155	-0.02144172406362088	0.003207824195800329	-0.02113419617267805	-0.006570566641638624	0.007528679490280131	0.0003693324490241164	-0.0019257430340692428	-0.0007237890115521153	0.0	0.0	0.0	0.0	0.0	0.0	0.0	0.0	0.0	0.0	0.0	0.0	0.0	0.0	0.0	0.0	0.0	0.0	0.0	0.0	0.0	0.0
ec1505	-0.23294816400830398	0.06187588316654288	0.09876903411852136	0.06774055136393266	0.004979545885433064	0.004063310662653629	-0.020090933221326674	-0.045062563015713174	0.007685662879007996	-0.02550301467348952	0.01825352483945118	-0.01233611428845178	0.015729584705254054	0.003465272965164452	0.025626965947950095	0.0037969552425565997	-0.02245112877688837	-0.012716094715594631	-0.0039117163125583524	0.00947361773401472	0.003566493514702258	-0.007294561591306095	-0.0017054105724863134	-0.00037431069290649253	-0.00901286347314711	-0.028030006571434694	0.024374717726501693	0.005247776844681537	0.009776336722862983	0.01605167770998019	-0.004438389683726648	-0.01188140228200952	-0.01876807868000025	0.0011830229248617347	-0.006731793900243374	0.0007951501635920178	0.037235843550049705	-0.026640472466260872	0.006262451764408473	-0.0021291989803083693	-0.005303334044286453	-0.006346403738059615	0.013965211282046351	-0.012818294252093436	0.0002117562969011445	-0.0006364044452061268	0.0	0.0	0.0	0.0	0.0	0.0	0.0	0.0	0.0	0.0	0.0	0.0	0.0	0.0	0.0	0.0	0.0	0.0	0.0	0.0	0.0	0.0
ec1507	-0.10947882359277354	-0.041656195361960836	-0.1530150843113301	-0.07356684559669127	-0.007086181970128999	0.14145632904208796	0.003501727896445079	-0.05851223878906644	-0.07256224524676345	-0.03568352592589765	-0.08320876989493102	-0.006334308781786637	-0.004053009024352767	-0.002105375219142393	0.104821198713555	-0.0065342135174483035	-0.082478071165515	0.027617045533171878	-0.008059907772787369	0.025258608730557536	-0.018279764969248317	-0.10591311146409227	0.04711068388625744	0.031744725478516325	0.025327491817730953	0.01637537964607066	-0.028402642451619022	-0.017747961748432607	0.022415258384541323	0.030529996009866143	-0.00881101682548052	-0.004128901092084399	-0.008265581355746215	0.005714430115705298	-0.0054303307949639225	-0.0007318903600198461	0.01930952148616946	0.00900998272188592	0.01089283746712591	-0.010585315758019775	0.01851429590574806	0.014548711669548332	0.007539419156720711	-0.00576210781207661	0.001331413171035639	-0.0008707297607408878	0.0	0.0	0.0	0.0	0.0	0.0	0.0	0.0	0.0	0.0	0.0	0.0	0.0	0.0	0.0	0.0	0.0	0.0	0.0	0.0	0.0	0.0
ec1508	0.22040876325914704	0.038019699851538725	-0.031426049011814124	-0.028713469687324765	0.00979118192565398	0.16986268320339556	-0.10677253254556912	0.00779598041015366	-0.18178080938344443	-0.03883532714963468	-0.17256325951989693	0.06487693977056096	0.01754023371762639	-0.033335694299265396	0.01911166890671508	-0.0008771650559454079	0.053149831285841186	-0.10137841011663076	0.11960670417514259	-0.030040370308205555	-0.07468411040416925	0.03235984733044002	-0.026468644875135713	-0.04733516585092298	-0.0333685217984702	0.00014328139780357083	0.04115856120664403	0.053387637176668286	-0.024534167452984902	-0.01357776637013445	0.010640508367212682	0.013224809707127942	0.0027611632823025135	0.0216785243854243	-0.015902491036904588	0.014318001693595869	0.02271840765835295	-0.00655033594557063	0.0020266519161087704	-0.004899831371641553	0.002301031404532334	-0.0047592348957188205	-0.013619507633535408	0.004283034937102668	-0.0017253427210667028	0.0013960547836039245	0.0	0.0	0.0	0.0	0.0	0.0	0.0	0.0	0.0	0.0	0.0	0.0	0.0	0.0	0.0	0.0	0.0	0.0	0.0	0.0	0.0	0.0
ec1509	-0.2076696007941261	0.07430785473357945	0.07982182233787907	0.03856136480676829	0.022199373290274865	0.022430515555128126	-0.05920013411127827	-0.019104887377529897	0.014853908748341835	-0.040803429807768056	0.04163653231555018	-0.002852314147892532	-0.02135756204044879	-0.0187817429797389	0.0224876212618456	0.017675467735649146	0.0004854239103845834	0.018703346032793472	-0.0013586470303451896	0.023231925429382898	-0.03816457386008105	0.04224699828486161	-0.011326016510437523	-0.018051548810734754	0.042037512695453846	-0.0060713304218650305	0.0025245847886898928	0.017596564708087792	-0.0355241873322037	-0.011308365862008611	-0.006081601551868508	0.0004671738581082412	0.017876909550007345	-0.01445903508463645	0.012301272509284816	0.008725520395114424	-0.023951540844468617	-0.014074270055404969	-0.028401526954270947	0.005007137354646159	-0.018816979320398497	0.01037042877796526	0.01646977269139038	0.01127277871730107	0.00829714057395387	-0.0013739725012119229	0.0	0.0	0.0	0.0	0.0	0.0	0.0	0.0	0.0	0.0	0.0	0.0	0.0	0.0	0.0	0.0	0.0	0.0	0.0	0.0	0.0	0.0
ec1510	0.2943527232355673	-0.07330256593009972	-0.10310095897908889	-0.1457622097421261	0.02207759827625443	0.07389369009099185	0.0932295339151792	-0.11083504134174331	-0.08865715285722814	0.17608111967656095	0.03489375801052248	-0.08920233814885638	0.007877120211003306	-0.08933462057517205	0.08422570299677422	-0.06695369769864046	-0.007528431064501445	0.03331897154946039	-0.014123399287156791	-0.002743619493683079	0.12756298922508422	0.01386318128562371	-0.0674813466821937	-0.0156576095244553	-0.029493887406156032	0.011095991770916783	-0.016026220205522784	-0.015168803367668897	-0.017425981246775878	-0.008037530412566371	0.028176166022485866	0.01068110888774249	-0.023813065430184098	-0.010174061611309104	0.03185470117600246	-0.017362631538678463	-0.003955723001868115	-0.005041368602366873	-0.015406884632936851	-0.016957619195599443	-0.01281163862317199	-0.01661620552148974	-0.009775555919378712	0.003037958983289682	0.001676382476289253	-9.659920708278179e-05	0.0	0.0	0.0	0.0	0.0	0.0	0.0	0.0	0.0	0.0	0.0	0.0	0.0	0.0	0.0	0.0	0.0	0.0	0.0	0.0	0.0	0.0
ec1511	0.2923503729291961	0.08064800956544008	-0.0929991167903296	-0.0894621238236933	-0.029499521787878305	-0.0039494482359681135	-0.03600736392660016	-0.05734545506740223	-0.11200183360093184	-0.029114681912245047	-0.0893244058236915	-0.08562342253241571	0.15624166076333026	-0.025650334411520533	-0.12897413692809334	0.18621870734535184	-0.10274612849532866	0.01301850100999615	-0.16390031237982688	-0.022167164700838786	0.004457712636183556	0.017560329267883364	0.03572512324419681	-0.01736115331841229	0.011872289941355923	-0.04228876942110865	0.038268069188155965	-0.0058854564266035084	0.011447387628225758	-0.03544918087240864	-0.02547590296333905	-0.0009116711411656872	0.005309680749731533	-0.00933974320454792	0.002720398349299051	0.002456655287429476	-0.011311627098009081	-0.0028534198476820984	-0.0010626036027164142	0.001517187606163863	-0.0035399296027727747	-0.003036467349041627	-0.0014137847856366091	0.0003449259286971751	-0.000434742571490534	0.00034691249879385187	0.0	0.0	0.0	0.0	0.0	0.0	0.0	0.0	0.0	0.0	0.0	0.0	0.0	0.0	0.0	0.0	0.0	0.0	0.0	0.0	0.0	0.0
ec1513	-0.22823171813961818	0.06421019452582462	0.09893294752744031	0.04138138445270764	0.024081134397007594	0.006736603101906283	-0.03281122902204523	-0.029045443419450555	0.012186268837373978	-0.03734441518290945	0.03212489873780076	-0.012678437306976448	0.007930624050493574	-0.008401955881154102	0.029297380449596275	0.011150659256895092	-0.01833662351091379	-0.004885324409800277	-0.006680073717460887	0.0017786261979024051	0.02110280915306998	-0.013092220473373729	-0.004335977907037783	-0.009252557844304477	0.013334404549080022	-0.0014942549336987732	0.012679088410838509	0.0029257366729697567	0.02479754426748936	0.003981592119171369	0.00863406216458068	0.011365741454241346	-0.010905261311538088	0.00766792934173689	-0.00940614659077998	0.011517073724656102	-0.009562811537119497	0.00444743942231302	0.0057027859328142765	-0.003903777063549037	0.0047680381036353066	0.007434541504504461	-0.01026097545921215	0.0025510789584356013	0.016148768646078143	0.005446978619498288	0.0	0.0	0.0	0.0	0.0	0.0	0.0	0.0	0.0	0.0	0.0	0.0	0.0	0.0	0.0	0.0	0.0	0.0	0.0	0.0	0.0	0.0
ec1514	-0.2611589050766773	0.07522005301699289	-0.0034192915031475736	0.03345983074528318	0.019549399087808995	0.025385106660045117	-0.02669405634607595	0.04856597857364131	0.0016651585055903972	0.027547766693522352	-0.031014407156891133	0.03228236511136627	-0.006960579079795721	0.013988275075679167	-0.03196396494413672	-0.007515873085885546	0.006266057200840999	0.0032283367863479785	-0.013122662980981354	-0.0016705389560590293	0.009736073514946314	-0.015074437337824442	-0.03173347754286251	-0.014562107280025032	0.009334653118604442	0.016090198444502758	-0.014386572363071391	-0.016110286241065717	0.008706466830251983	-0.012113796026539898	-0.007212736878686436	0.002499491209872601	0.0011010567779575053	0.0046562519721617835	0.00794962153906466	-0.0011314346808311625	-0.006730486752501762	0.0042680661135183155	0.013004051813637325	0.009346747873201165	-0.01155292508727226	-0.018063687338346648	0.016871124062423016	0.003554277580827078	0.0037853167882216775	-0.0022580283378455007	0.0	0.0	0.0	0.0	0.0	0.0	0.0	0.0	0.0	0.0	0.0	0.0	0.0	0.0	0.0	0.0	0.0	0.0	0.0	0.0	0.0	0.0
ec1515	-0.18727208448236493	0.10932840515852553	-0.12120534000441295	-0.050243227667531844	-0.05602102834023303	-0.043329748920855116	-0.0393573139610227	0.060802059633582844	-0.05242048504247466	-0.010775696632940325	-1.705444054649001e-05	-0.005790800792128091	-0.005450220249622825	0.05187254725041396	-0.007042749700223644	-0.005474382074433531	-0.008645115179079512	-0.028728733835598926	0.020276899189743697	-0.013128869184306285	0.024386402191909462	-0.0006273951565785123	-0.02798040077050424	0.015814025106412992	0.02818027711771009	-0.02728684259417636	0.016174907736784032	0.00428894409994161	-0.012084389029098187	-0.02568427789054618	0.0013560902853265995	-0.010104789269391509	0.003108606737978821	0.010229513906466706	-0.02228450449919826	0.006826522972469756	0.001634856489870015	-0.019362463006222425	0.01605298646729972	-0.02532763440221589	-0.010480237998183822	-0.006813661592312416	-0.0017954254357768473	0.011767212950905201	-0.005753867016517455	-0.003652138438945159	0.0	0.0	0.0	0.0	0.0	0.0	0.0	0.0	0.0	0.0	0.0	0.0	0.0	0.0	0.0	0.0	0.0	0.0	0.0	0.0	0.0	0.0
ec1516	0.1594171508256751	-0.23473807639736197	0.13668697147076625	0.014503292424685546	0.050213079995832445	-0.03525933053365556	0.020205862139214013	0.13830337768377524	0.021561208928587844	0.12254671329255402	-0.015334641813087538	-0.04251304131758825	0.024640759898714008	0.04062867334312143	0.022416333436190445	-0.02599685237446253	-0.08436659575134436	0.012016849089896614	-0.008710034525161923	0.08902036854688374	-0.021225086786665428	-0.04087968765212772	-0.03080794865472532	-0.05346483036405528	0.039126253554346145	0.013179534337913423	0.06599940808574514	0.050219501177978174	-0.07429110886206379	0.014928674211660404	-0.00981124025737055	0.05588030235252192	0.00231825049540381	-0.004963293598360603	-0.0181822619286711	0.009903374668971343	-0.015879196407657097	0.01577352323020905	0.0076501068561180595	0.0017283534311576926	0.002679687710187881	0.008128706818508974	0.0061232869907577895	0.002938429945090069	-0.0038076806741710084	-0.0001541178131461124	0.0	0.0	0.0	0.0	0.0	0.0	0.0	0.0	0.0	0.0	0.0	0.0	0.0	0.0	0.0	0.0	0.0	0.0	0.0	0.0	0.0	0.0
ec1517	-0.22409078883104067	0.1046718181013133	-0.07145125428764294	-0.03899920832439461	-0.04729059544899463	-0.007117029444728343	0.017331883626257146	0.026585037316188137	-0.02954044551620173	-0.01690414703949684	0.03738752309761719	0.002384298254836465	-0.007725642889886731	-0.00032522186713929087	0.00593130365102076	-0.0016997255817940873	-0.021171732481528684	0.02869235565161127	0.00670332111782889	0.014281934772606652	-0.0051954703871807855	0.0252211017431178	0.0030255380405326015	0.042464367208191356	-0.011437511226720543	-0.010949203964889364	0.014139792254593855	0.01033713009250308	-0.0025995277733379236	0.009913067604470789	-0.0041649697065848645	0.01932110655863717	0.010315236326982053	-0.0044065632304134674	-0.013349340662159294	-0.01224457346171864	-0.014102564086840167	0.009870083409604912	-0.019069851619217117	0.001148947864650792	0.04667873614961663	-0.003910049442332052	0.008549067687465462	0.021073769256234328	0.003859157417060437	0.00165264326022276	0.0	0.0	0.0	0.0	0.0	0.0	0.0	0.0	0.0	0.0	0.0	0.0	0.0	0.0	0.0	0.0	0.0	0.0	0.0	0.0	0.0	0.0
ec1518	0.05887450843629813	-0.17040779475445436	-0.1466992300896598	-0.06567037381502275	-0.047971190164439584	0.07334346914115332	-0.0767123401181624	-0.021352738381443883	0.060946782150035975	0.09963858541864197	0.12374781272200568	-0.0816125226931953	-0.06979631522324684	-0.012371877663426971	-0.03570108538695699	0.002394192792688552	0.06419282168771114	-0.08267734879545817	0.03299210985640615	0.02946680715126508	-0.04392759135616601	0.0010964987787840184	0.050092188932597585	-0.04898465823295004	-0.035630762884688964	-0.005229162225399302	-0.012286359545602045	0.06212087957500612	0.02295958681541489	-0.07403188627829278	-0.05492719920288108	-0.03323773705979868	0.00879267122358903	-0.028026537283744865	0.00277674846004513	-0.005852287262088001	-0.004021888852039865	-0.00559823053256717	0.015409917397082609	0.01133286740622612	-0.006979518508631788	0.004920156294443689	0.012609469544523178	-0.004006727981116989	0.000903077711917699	0.0006060779085365148	0.0	0.0	0.0	0.0	0.0	0.0	0.0	0.0	0.0	0.0	0.0	0.0	0.0	0.0	0.0	0.0	0.0	0.0	0.0	0.0	0.0	0.0
ec1521	-0.17658993745188975	0.09622004334326259	-0.055630651785957566	0.03445355901671196	-0.05179590584159107	0.0853617335918241	0.0007802506813309097	-0.03202695748697111	0.06696414522710543	0.005602921269922362	0.035031425509151094	-0.059366224062885435	-0.01723376645504163	0.049126110517496616	0.04060271845317324	0.0047208626266014905	0.01697730952166925	0.017685762363116593	-0.024809450181546115	-0.00955516102112942	-0.08697291876863583	-0.06880774305673631	0.051900344939171686	0.014829969018059193	-0.0015679187338924353	-0.034871577086753945	0.0037158842745141953	0.03450353435995423	-0.030947881071595854	-0.005842101359459346	0.017822703650173705	0.044617212019192456	-0.01094660532529837	0.012220811733970636	0.02891050872749808	-0.006224870130514237	-0.004247805934191469	0.01065300089688877	0.01546093572534907	-0.050480557451834836	-0.01999392844339841	-0.019504969983641752	-0.006403505966835166	0.002587316910736237	0.008924520944600474	-0.00016440032127528465	0.0	0.0	0.0	0.0	0.0	0.0	0.0	0.0	0.0	0.0	0.0	0.0	0.0	0.0	0.0	0.0	0.0	0.0	0.0	0.0	0.0	0.0
ec1524	-0.2557547380823027	0.07812337231930223	-0.01099902850936875	0.04943156706062495	0.007146028961835078	0.03354568862001432	-0.014840054131616896	0.04484537086358291	-0.006482141165149612	0.03129982820373769	-0.03168995618605074	0.03855129477880648	0.0014246891680259701	0.02032424777384559	-0.038096595122699146	-0.004077210835687459	0.013608405083542656	0.007417030557379905	-0.010568825738221146	0.0114705314304397	0.008785269852941029	0.010823162893834042	-0.0357711881424493	-0.0021120014287121687	0.01602278109868878	-0.009111670113081567	-0.008671202216401198	-0.010554944839240049	-0.00883439114762161	-0.014945105939562959	-0.005197224299288734	-0.002933550204345289	-0.010135732486736241	-0.0066752854028136474	-0.01042764997976069	-0.01845392163029563	-0.01111249400380085	-0.025186421408683584	-0.04248273461623128	-0.04435239449320205	-0.006306128469436589	0.03624298301721187	-0.00037245915534965676	-0.009445730507199048	-0.01646103211543358	0.001627668368493546	0.0	0.0	0.0	0.0	0.0	0.0	0.0	0.0	0.0	0.0	0.0	0.0	0.0	0.0	0.0	0.0	0.0	0.0	0.0	0.0	0.0	0.0
ec1525	-0.13241210201936668	-0.23018505953705276	-0.01727980653093962	-0.01590344631325717	0.020843488857729086	0.02832925951218535	-0.07523059072145469	0.03418049588071245	-0.009826128170037415	0.09613855320886275	0.019932297309999597	0.0338756965342497	-0.02269749837367393	0.01986821493086758	-0.053767973821350235	-0.02449699229191257	0.023048869351130576	0.0001222663102569249	-0.020523302630175416	0.0227428715623159	0.009860363755736795	0.006383850562807144	-0.009218076914728361	0.018223089466217552	-0.009442853340991793	0.0047943168115129765	-0.005151654605874055	-0.04484892833330888	0.0011945931758833876	-0.021643639422149964	-0.025912721137302804	0.01995361890781163	0.018775391918925327	-0.01225460515258464	-0.013639951722821543	-0.015169134116827415	-0.011497569412295879	0.010567843879491756	0.00812375099856904	0.0014549173746567878	0.003697590644246616	0.004903522598596062	-0.011616097547442365	-0.004818301225148158	0.0001296168035688987	5.836274941350446e-05	0.0	0.0	0.0	0.0	0.0	0.0	0.0	0.0	0.0	0.0	0.0	0.0	0.0	0.0	0.0	0.0	0.0	0.0	0.0	0.0	0.0	0.0
ec1526	-0.07206335056160405	-0.2520050772964225	0.059168790080464925	-0.013579531967756965	0.04919431772003012	0.09119177069863538	-0.07666600220399016	-0.10751731072033119	-0.07314455036565609	0.014745000616396713	0.025862418339137917	-0.007107138151268251	0.029432665267563652	-0.04083433591162597	0.06170624627598939	-0.02592782766351351	-0.027621849055898772	0.01328273112842225	0.018861552849944223	0.05067561515685923	0.02218894658447973	-0.011018515841448305	0.0124961605594821	-0.0036341796309319347	-0.012766396222993285	-0.0057852474267776595	-0.009618949627661195	-0.0229515240735536	0.02708291472309747	0.03875335714236363	-0.039889100171610785	0.0022957898502676513	0.006891668510814735	-0.004549042588074491	-0.01948279965541304	-0.00015490463608105792	0.005130675232094816	0.012278667799247632	-0.0019436909292422113	0.013374575668647635	-0.003368108379010008	0.00901354399515884	-0.008059676738589611	-0.002447624898962202	1.7725880094746518e-05	-0.0008608608659354555	0.0	0.0	0.0	0.0	0.0	0.0	0.0	0.0	0.0	0.0	0.0	0.0	0.0	0.0	0.0	0.0	0.0	0.0	0.0	0.0	0.0	0.0
ec1529	-0.12535953236734323	-0.24058341880654532	0.03768015898905103	-0.00017640140282531978	0.034039826034295735	-0.0427074618496022	-0.042629469155019424	0.03691707894111583	0.030762111784027775	-0.013421124871068179	-0.040812236288564015	0.02307267191928623	-0.030236837839082483	-0.02020313282776521	-0.023970641011648107	0.020272763914294185	-0.017737690892830605	0.01983770554878932	-0.017237441485925747	-0.003717039342208637	0.008600523754677843	0.01889983790500085	-0.029195040572782598	0.009815388963786118	0.005010481750357232	-0.0004658896860434026	-0.02160258429607407	0.027575661379381763	0.022472699197243352	-0.021604377373587152	0.017807782123514308	-0.012968850746345057	0.012790392928418591	-0.0037627626000244956	0.012860029705225807	0.018142192708493887	-0.0051397873789692785	-0.005781209267148593	0.00431672347155674	-0.016498955768131977	-0.007327097042389011	0.003672847368208822	0.006281002899778566	-0.005943860389926042	0.002399873148538619	-0.0008963179903302196	0.0	0.0	0.0	0.0	0.0	0.0	0.0	0.0	0.0	0.0	0.0	0.0	0.0	0.0	0.0	0.0	0.0	0.0	0.0	0.0	0.0	0.0
ec1533	0.06437593635623697	0.16757867419401642	0.16075063976316856	-0.06192508011183017	0.06708976198317608	-0.07330114972643195	-0.06879341927226894	0.0868984001424004	-0.0629551118650857	-0.014301673739830878	-0.02080185481630862	-0.06756636825507109	-0.060158141184006794	-0.006669031276085343	0.0009487925947097239	0.042651315449547665	0.09539409867452077	0.060473893556990586	-0.008111116101346294	-0.05120790080203182	0.039948465214022594	0.03449043000403484	0.0019008604319424014	-0.05887852008543174	0.0031624936921696017	0.021921358270835942	-0.008918964275561101	-0.0076231554047954024	0.0211751034382324	0.05312677030481566	-0.03744149236182851	-0.0037967413648439283	-0.04692408037756362	0.015185665979264847	-0.010153761160908426	-0.04755113771090102	-0.001042773116374534	-0.00550393109369561	0.051159044072201044	-0.011489113954641035	0.008221579665085353	-0.0018269154129100752	0.008410064958819418	0.0003344703878255612	-0.002747003229301806	0.00021722813491974495	0.0	0.0	0.0	0.0	0.0	0.0	0.0	0.0	0.0	0.0	0.0	0.0	0.0	0.0	0.0	0.0	0.0	0.0	0.0	0.0	0.0	0.0
ec1534	-0.06231494463340144	-0.06966306656078139	-0.07893463930418455	-0.07853483478862254	0.2032946179075554	0.24393105871571166	0.06013381145027116	-0.054636287330885776	-0.016162876758201782	-0.14156574665150584	-0.005151493644741452	0.02273491434932541	0.056398062697984995	0.03688333426580338	0.006579039997598908	-0.028946463736739755	0.03425978340300038	0.06728074123879423	0.035860895466803856	-0.014568137948877324	-0.020384024785274835	0.01115029157795131	0.013117141531891889	-0.01315025534036969	0.033128941852302814	0.008786455058027762	-0.014348582406829912	-0.019821620066017225	-0.036945233604362714	0.005938705318051852	0.0026350371816226178	-0.00849282723348887	0.010862975441358433	-0.008575511274071135	0.006730590816440174	-0.0075801585332587575	-0.03864961909551723	-0.005213985613967676	0.00487708860312739	0.02255185903938698	-0.013559885683822876	-0.001457032683127974	0.0070737208803870275	-0.003579376870504631	-9.170345001900994e-05	-0.0005108037246858122	0.0	0.0	0.0	0.0	0.0	0.0	0.0	0.0	0.0	0.0	0.0	0.0	0.0	0.0	0.0	0.0	0.0	0.0	0.0	0.0	0.0	0.0
eti145	-0.24778181658614354	0.08490890381975179	0.021051816576323813	0.0213598948544209	0.02544139832722854	0.03746929967201456	-0.02693138546678678	0.03250769605357349	-0.001242217498663476	-0.0023523296927384814	0.00275178936162391	0.007066430615794533	-0.011350526145189204	-0.022975524589565307	-0.024322531269115273	0.0016601017945842623	0.02130298669556711	0.008343936802692074	-0.0027542364384837083	0.0038864925613686266	0.012903703027174798	0.0029403394814736744	0.00029684350481571124	0.006192655677588604	-0.018191957544171952	0.011973102787678807	-0.004917189898744702	-0.016811789817456478	-1.4118300344439822e-05	-0.0050012982847400704	-0.005253803597873163	0.008002598912784716	0.020925917028330993	0.009544789578172343	0.01610581008610985	-0.003700805923186766	-0.03465184387709366	0.0077374683619852455	0.0031743423460658337	0.012703390420233137	0.006725850888009878	-0.014740728099495143	-0.008284263060858556	-0.010830895770435802	-0.004695090707584805	0.0016022074834804725	0.0	0.0	0.0	0.0	0.0	0.0	0.0	0.0	0.0	0.0	0.0	0.0	0.0	0.0	0.0	0.0	0.0	0.0	0.0	0.0	0.0	0.0
eti146	-0.23692894473863066	0.0903051961736074	-0.009947067802612465	0.0406987606969114	0.0324547215086631	0.014723357623496379	-0.025075497337380043	0.03461951602859374	0.0032041194489165824	0.06289290838280512	-0.0276517407204733	0.060035401020563414	-0.019967209834274018	0.026241250672479375	-0.010639723310161912	0.0013855907556026168	0.008283523646145171	0.01749322690564727	-0.0161425283349197	-0.0207802192412777	0.027778676822675475	-0.010041556804377329	-0.03656291805246089	-0.0002922041058528548	0.017860145215285134	-0.023099852233425637	0.01053095112079551	-0.00508926994794845	-0.013438805992537174	-0.02150906818346461	0.03784070218501941	-0.01921497682340781	0.054614829724107306	-0.042037235983044985	0.013802286708996988	-0.0200677676350091	0.013098586019330042	-0.013114681031838823	0.028001591520829823	0.01160167791042548	0.009635184561559295	0.00024387039083072513	-0.026501576125943175	0.003932558203836619	0.0014953987749944876	-0.0007606013259692084	0.0	0.0	0.0	0.0	0.0	0.0	0.0	0.0	0.0	0.0	0.0	0.0	0.0	0.0	0.0	0.0	0.0	0.0	0.0	0.0	0.0	0.0
eti147	-0.22758970292805017	0.06443866394413551	0.1016133295882473	0.04496051804189225	0.020567687355841604	0.007025045168530017	-0.028087507114899542	-0.03069937650961135	0.013715737955285984	-0.03833633863295821	0.032323297268031556	-0.012217224566413921	0.008127287015731592	-0.008630727006460023	0.029223228385567877	0.008770194246037094	-0.018962567914522135	-0.005680367385093412	-0.008678456839468912	0.007861767547189024	0.0227458922766843	-0.01280176293876335	-0.00015272468210703223	-0.0059788647524963955	0.011589891743196218	-0.006679777212295023	0.013720755938531594	0.0021416295159369767	0.028020563295774646	0.012583009047936208	0.0036247079885625903	-0.00013029870718534218	-0.005110743163118657	0.009015118609848495	-0.004843451390256435	0.0043299832552216025	-0.00940882403511354	0.009160268090400893	-0.00017126295114361275	0.001049877313677354	0.003281316553463254	-0.012458772813751486	-0.006694711329404634	0.00458405801563939	-0.02100034956143305	-0.0033613287736050657	0.0	0.0	0.0	0.0	0.0	0.0	0.0	0.0	0.0	0.0	0.0	0.0	0.0	0.0	0.0	0.0	0.0	0.0	0.0	0.0	0.0	0.0
eti149	0.3618401656663074	-0.07143680376909477	0.012447445015454483	-0.009124682570681922	-0.16536127997052352	0.03402031774889972	-0.10052043864699742	-0.10766771955657471	0.0029330855308611534	0.03268284680113846	-0.0034098735066332786	0.048385155769063215	-0.0009129659641610479	0.060898196944773254	-0.0012541382074173749	-0.0196345633497955	0.11051931742277152	-0.01793513091037687	-0.0272388139324593	0.014543241372273943	-0.00911244670963587	0.037566939264535054	-0.02645996943555513	0.019781582746350855	-0.003179755437678831	-0.04095845350559763	0.08940369718484183	-0.007871937539276773	0.08179663183533967	0.03387208207156281	0.09009896245737521	0.007170504344516309	0.001987658503172517	0.012087719903857156	0.007159623236090978	-0.01723358651561572	-0.031192950229363216	0.015422119710249954	0.0010179927367121055	0.0022134330090479663	-3.471586352453364e-05	0.014918010461707343	0.014232395637071736	-0.0035847815493337924	0.0019400424111204592	-0.0008453964499992922	0.0	0.0	0.0	0.0	0.0	0.0	0.0	0.0	0.0	0.0	0.0	0.0	0.0	0.0	0.0	0.0	0.0	0.0	0.0	0.0	0.0	0.0
eti151	0.3409797584865494	-0.05825914318750835	0.024400438040207115	-0.017796071164162208	-0.1047715730006881	0.028987573834304236	-0.07697765178852874	-0.09594604542288873	0.004893613496924276	0.08689167749944311	0.08824673613916562	0.08517679353755118	-0.05252707634041412	-0.03133535948474541	-0.1432280595121497	0.0677332784636849	-0.01980388277089333	0.10006619774690939	0.065376685971482	-0.059229316640729	-0.029267621127415232	-0.046334426188551846	0.019377944871500713	0.0277270704516381	0.06031119588394128	0.10369825369743389	0.01700049568068906	-0.0049706207817903645	-0.06178281698591478	0.02851983550500963	0.013066804931398456	-0.05482994380282614	0.01102766942996526	0.005163458855162444	-0.02398207837699528	-0.0017720310327721805	0.008983025121923094	0.004305959279964208	-0.00829897129392976	-0.014290793869199271	0.003976532231248182	-0.01007585731981964	-0.0016425065248762704	-0.002190285862526976	0.000761288932647742	-0.0002883607876340664	0.0	0.0	0.0	0.0	0.0	0.0	0.0	0.0	0.0	0.0	0.0	0.0	0.0	0.0	0.0	0.0	0.0	0.0	0.0	0.0	0.0	0.0
eti152	0.29855078262964274	0.164231494347303	-0.05073060003803843	0.14488147506323978	0.20275460441113866	-0.03652364962350925	0.007526266072885314	-0.09373660295631178	0.12982380303820032	0.11339798483360972	0.002117730853932288	-0.11365378836909337	0.04003142738654453	0.07941179288807343	0.0365876327639416	0.14810949875763424	-0.031028647163277533	0.02266221102068287	0.1259230802754688	-0.05531533248205554	-0.06581257698831858	0.011334656989335624	-0.09802321732288112	0.02083019896262085	-0.028720599949590305	-0.04160970314057725	-0.05102024801864625	-0.012433919771612664	0.018225731586393474	0.009617445876416766	-0.002198614795782167	0.00976524849350705	-0.0003218274688635261	0.0021028465349238056	-0.008696022961810712	0.010824425993612425	-0.007957135274137207	-0.0005526928097044628	0.0007387215474046403	0.0011628519648013134	0.01260221578456422	0.005954241218242307	-0.0011491530298748155	-0.001688158647825504	-0.0010585005690780466	-0.0005538718930428039	0.0	0.0	0.0	0.0	0.0	0.0	0.0	0.0	0.0	0.0	0.0	0.0	0.0	0.0	0.0	0.0	0.0	0.0	0.0	0.0	0.0	0.0
eti153	0.005403148213777296	0.13491281690697235	-0.28089299963497344	-0.0034924009749691194	0.0873184065519688	-0.1017982062192678	0.003692112604539697	-0.06358772865333627	0.16306426011386577	0.05502653256479693	-0.007142800810496975	0.1609652988479621	0.11357469947732776	-0.021755277436249484	0.03486561135085574	-0.046485931479529	-0.030072874393820524	0.055757622817414414	0.05291651108020716	0.012278865346381472	0.05601497353847865	0.10436629268991195	0.0876023815795577	-0.06352328040707049	0.03417508283010908	-0.031757518543217615	0.042853508126054984	0.03693956025605083	-0.004569930416051119	0.018616180577851544	-0.02577645077154444	-0.003357086833242719	-0.007804627092601469	0.020542796676596	0.01677265455576318	-0.008664079223559025	0.01328214337195746	-0.0029723561880256873	0.003973907384975357	-0.002437979833395979	0.003942272195329916	-0.0003788086061534085	0.0031094865370455403	-0.0018751635584370544	-0.0005248603727040317	0.000663958840156537	0.0	0.0	0.0	0.0	0.0	0.0	0.0	0.0	0.0	0.0	0.0	0.0	0.0	0.0	0.0	0.0	0.0	0.0	0.0	0.0	0.0	0.0
eti154	-0.17087249330444296	0.09733289634580762	0.05799022540153898	0.02049887727825592	0.03045147422921173	0.016031403562358326	-0.04983959745243588	-0.015190398115249318	0.030520148499853537	-0.044411309347446824	0.051322120178780364	0.04918508242534079	-0.0008776797866879902	-0.0833070654344102	-0.04187818620550245	0.05281981289547612	-0.008333053648246103	-0.0400230994274199	0.008767847376342976	0.068796415411714	0.013179223125100534	0.03724246355655841	-0.03866850233271913	-0.020051308077558155	0.02207539809502067	0.005044368261478412	-0.036679507471483894	0.02583978520377037	0.04220795669675545	-0.028363200610557335	0.021914074740749846	0.02482539145503116	-0.002136490733543941	0.01641840435729398	-0.005766207796909983	0.014610420475522643	0.01556422119305929	0.008778775973647275	-0.014924089748061255	0.005789301634427893	0.010590221505709945	-0.021893761443476056	-0.013399296676886498	-0.009217566358957506	0.001353052095073174	-0.001370708144041784	0.0	0.0	0.0	0.0	0.0	0.0	0.0	0.0	0.0	0.0	0.0	0.0	0.0	0.0	0.0	0.0	0.0	0.0	0.0	0.0	0.0	0.0
eti156	0.28625765005394443	0.18283291240298946	0.026371881689143884	-0.04136954425178389	-0.19323167064129118	-0.009719588718610351	-0.008801786610295088	-0.10806301708797873	0.07323839940876407	-0.10668143596402935	-0.01564567800160387	0.04020502702473522	-0.03605136459522062	0.0510982155345623	0.014881963811494207	0.01501682534890973	0.026164866651356065	0.029496766339725564	0.019819672793635005	0.03901830065555455	-0.009605839552749788	-0.018321628274234933	-0.0539948659310344	0.03440263979567717	0.0048409135857697665	0.06350886230492969	0.02291695158686857	0.0013396331173285746	0.01429784484803075	-0.00013704767164520533	-0.06638015016215765	0.05787670282092257	-0.03131773286099452	-0.044757811905055095	0.045891966484566955	0.00045506585398688153	0.021501865410110396	-0.02209141861801311	-0.003198614801568599	0.015608725168864085	-0.011738661833412715	0.0013454071738166643	-0.0032160645107741255	0.007484023974284951	-0.007232159914314489	0.00012542652868064144	0.0	0.0	0.0	0.0	0.0	0.0	0.0	0.0	0.0	0.0	0.0	0.0	0.0	0.0	0.0	0.0	0.0	0.0	0.0	0.0	0.0	0.0
eti160	-0.018341705238393454	-0.20526758001109965	-0.05779128462610974	-0.05566397348457579	-0.05520511103446463	-0.12894524889884734	-0.03245940699136694	-0.017572869577898137	0.002397360296360903	-0.08422810623999623	0.05152266112680795	-0.09000413330448147	-0.05534405119701753	-0.06533291879400902	0.06514076645919094	0.0008782742220942008	-0.07271789406643359	-0.0026749319962171792	0.04439489209811577	-0.10235172044625471	0.034053230323526786	0.034510542624829256	-0.0038980684666448475	0.019233735952103783	-0.015688330218180453	0.006644367884052966	0.050830678907490365	-0.03258486732489269	-0.006749686831173826	-0.024319971267557628	0.006354234333434169	0.014940387508429792	0.03063325479183988	0.03331899768405824	-0.005406384673008781	0.027701017661930786	0.02734085606376082	0.006135540088634844	0.00025005701785866554	0.0042924501161915995	-0.0049412344100121545	0.013601550404120838	0.0079689577045307	0.003234647367665029	0.002009661178516345	0.00028648958355915154	0.0	0.0	0.0	0.0	0.0	0.0	0.0	0.0	0.0	0.0	0.0	0.0	0.0	0.0	0.0	0.0	0.0	0.0	0.0	0.0	0.0	0.0
eti161	0.10493494940235552	0.16915679521396187	0.1568591654104361	-0.028171545010851704	0.02427059094279378	-0.02489978176252749	-0.042736331939452143	0.0037108300730744996	-0.0017382472597130055	0.0024520274432565234	0.012448415919659573	0.042401414871221975	-0.00715922487542753	-0.09634629881245442	-0.04780023425243445	-0.00861363028319991	-0.06687333870447935	-0.09790360809130852	0.07138272794161478	-0.06386855833907168	0.03425614131090273	-0.08896837325776755	0.06007929387218097	-0.010537491066823071	0.04984356579922161	-0.0053592951128059165	-0.03329588545242385	-0.0046078034013212485	0.005557531806173295	-0.035985148008787576	0.026897844320456513	0.031245590833195915	-0.07021611013062966	-0.00045564495767616775	0.013590586212374934	0.004869691158506507	-0.03411233011101986	-0.013053394813076309	-0.0025380412655312784	0.01027172492320196	0.0072023889951621355	0.011350617109675632	0.0024768882221883957	-0.005129794413853291	0.003496380428955906	-0.0002478353609508523	0.0	0.0	0.0	0.0	0.0	0.0	0.0	0.0	0.0	0.0	0.0	0.0	0.0	0.0	0.0	0.0	0.0	0.0	0.0	0.0	0.0	0.0
eti162	0.032020746538684954	-0.18311460518978434	-0.20771521202791274	-0.06372796567946877	0.010775342162620782	-0.1564038760258303	0.012387731398058486	0.026648305644930894	0.10996869281238102	-0.023052762853969257	-0.05663197826691733	0.10291343885803533	0.01117770729750045	-0.13518593625182906	0.020548332070474993	0.009106772881726602	-0.03893497280459561	-0.07975506002638924	-0.02705387000234118	0.011309240136398311	-0.06924400845121585	-0.010104123632624548	0.0004819715495839951	-0.001310718606999232	-0.06268099941585199	0.04569714879821354	-0.03566438160521329	-0.03411961774978793	0.0174684489502944	0.0340461850181798	0.02746081430927381	-0.005608310059022284	-0.023417883802480357	-0.03710733363969285	-0.027107265322557833	-0.00844340172618923	-0.02680721388868865	-0.010161597216737098	0.012948562927179897	-0.009846891483143725	-0.011675384150915864	0.0023537223954592616	-0.011016352544578898	0.011927835836934604	0.0006507011135326468	-0.0007568764868873286	0.0	0.0	0.0	0.0	0.0	0.0	0.0	0.0	0.0	0.0	0.0	0.0	0.0	0.0	0.0	0.0	0.0	0.0	0.0	0.0	0.0	0.0
eti164	0.03210179155684643	0.1503720440853889	0.19623029310032492	0.021772826380150788	0.05055901340074499	-0.08670924909706232	0.0072388389588502015	-0.022656656939602837	-0.007903384141312685	0.010847155678127078	-0.0032664776970877853	-0.0035349602349690552	0.13193042400420343	0.015803968141351557	0.024810867039887358	-0.042244173403144195	-0.06377882086557711	0.012389754530712645	0.01494909219436669	0.07654170591484308	-0.07230214053058337	-0.018742616528535035	0.013016083732356463	0.01011661556790472	-0.07235818125543018	0.07667267694774998	0.011965481932983354	-0.02634519892996668	-0.006750206413883379	-0.08171029964161185	0.031628049201357006	-0.022961166474869066	0.007197426358629371	0.04401028206051627	0.010837765137035564	-0.06807818786892109	0.01619095777899818	0.00687024920226489	0.0023554400507520314	0.006548451810884925	-0.007225244799623679	0.0048603320450448986	0.008346594466565448	0.002792443143351344	-0.0004103947362127085	0.00022929380983385432	0.0	0.0	0.0	0.0	0.0	0.0	0.0	0.0	0.0	0.0	0.0	0.0	0.0	0.0	0.0	0.0	0.0	0.0	0.0	0.0	0.0	0.0
eti165	0.06992276306889525	0.18477605984488735	0.05635254712730148	-0.009342762939227233	0.020344882490204236	0.031266112973502805	-0.012770734163428315	0.05966432592098341	0.06869133062606426	0.13521548882130388	-0.1566654950338959	0.07250138252763429	-0.026784294815704594	0.10347427725358713	0.033130244253471754	-0.025098714228882574	0.0288927695978636	0.06155332678028202	-0.05057890462319949	-0.08124389564772014	0.026824069809853558	-0.018479753679221413	0.06769406564119594	-0.025164411565643984	-0.03789682463242106	0.06092257311922792	-0.011246131777282163	-0.03460020574950132	0.03867148004933762	-0.03967395185813556	0.007616741452905765	0.03245755604142203	0.010632215641310902	0.002205429292438391	-0.004614629008996484	0.05730194163303257	0.0029266883549272944	0.017301604801818644	-0.011562033333160046	0.007564286494830232	-0.00472883345204276	-0.00573824914954317	0.006085452911113198	7.427399783124317e-05	-0.0014318246232574196	-0.00021718581811846135	0.0	0.0	0.0	0.0	0.0	0.0	0.0	0.0	0.0	0.0	0.0	0.0	0.0	0.0	0.0	0.0	0.0	0.0	0.0	0.0	0.0	0.0
eti166	0.2495201049326972	-0.14070268804746966	0.12259409722351627	-0.09470652860323084	0.03369697367462114	0.07985849340970487	0.10772100583604062	0.08192146206787501	0.12315240177867984	-0.08616143601448994	-0.008378351868713592	-0.05719983727817044	-0.010876666036941152	0.012771551338001471	-0.02788962611735262	-0.015044074354634415	0.007684206974545297	-0.02146028757403646	0.006639621001960868	-0.03782047192614446	0.07671870191791716	0.009368529739519797	0.023681895735686933	-0.023303229818123786	0.005530799004088598	-0.028715698274748194	-0.013942785692873898	0.020594973095056316	-0.01881521893267746	-0.0022103012629098298	0.04014262973244467	-0.01763690937458255	-0.007537422155794829	0.009573152395628285	-0.017347967808192432	-0.004039145845989242	0.022370308203362332	0.002381183898939042	-0.017667050209510156	-0.005293659147386422	-0.014816955213069999	-3.384569926059652e-05	0.002637112577591168	0.004737605250846333	-0.0032066304725075164	-0.000291737709506895	0.0	0.0	0.0	0.0	0.0	0.0	0.0	0.0	0.0	0.0	0.0	0.0	0.0	0.0	0.0	0.0	0.0	0.0	0.0	0.0	0.0	0.0
eti167	-0.10027567785866119	-0.2574184827409689	0.006678154226371263	-0.025580436940864554	0.06841419786233897	0.03697470916539714	-0.05465574773681682	-0.009790413692184755	-0.04053501517461702	-0.030112630124819413	-0.09286464071233594	0.024269327197878655	-0.0030389266209931106	-0.05142537609930807	0.02997601448269884	0.004591030381955664	-0.04375493027349769	0.048231718824470124	0.010973271915595507	-0.00022913250449571834	0.0167765858035946	-0.006897554539919498	-0.05146127739329805	-0.0055730203998991465	0.006267517137439885	0.01233095054071228	-0.04827312049792203	0.034962082323166645	0.02895331571589818	0.004058726805448303	0.0010082298009853358	-0.016497612352257576	0.010694253296341678	-0.013710875693563121	0.008681883571798802	-7.479318619738522e-05	0.003419820810750103	0.015991672969032207	0.0010315203250995822	-0.00045175192929555687	-0.0024689412497765992	0.0024605350472570865	0.019942969714610174	0.009163230573811167	-0.00251940652733076	0.00037356955213150927	0.0	0.0	0.0	0.0	0.0	0.0	0.0	0.0	0.0	0.0	0.0	0.0	0.0	0.0	0.0	0.0	0.0	0.0	0.0	0.0	0.0	0.0

Biplot	0	0

Site constraints	0	0
