Eigvals	68
0.3479273154556509	0.21286595868902203	0.14695273338189263	0.09607281240050439	0.06070683861241591	0.05670552768864641	0.05194171552643155	0.04609855501685703	0.04049534421010751	0.0377328057749002	0.03113920941415802	0.028132742867557035	0.026940906037472324	0.022603565436281628	0.02164893130481027	0.020590062998041697	0.01887191338644903	0.018502663752946208	0.0167878759264064	0.01618733753345312	0.015124956310052451	0.013737162558564019	0.01294362905804355	0.012001899707145249	0.011374656006468874	0.010852434380077578	0.01013009657288656	0.009899020738559059	0.009158746451194705	0.008518532234379105	0.008152655231689596	0.007412253860952928	0.007001431655542251	0.006939448877360779	0.0066839599291014795	0.006382932182800699	0.005752028319239721	0.005429306078043691	0.005092465343826638	0.00493967261414904	0.004446210546877449	0.004262594509604468	0.004019265247979926	0.0036141838406826537	0.003549742854329352	0.003119673409439923	0.00297253729158785	0.0027890418171380403	0.002428393305418006	0.0022865282496185597	0.001926816420864362	0.0016771085496530124	0.001574016370258162	0.0013556044798516166	0.0010921158758202057	0.0008553577173493043	0.0005506709738864694	0.00044624670282826864	4.026942657541985e-05	0.0	0.0	0.0	0.0	0.0	0.0	0.0	0.0	0.0

Proportion explained	68
0.22600923630537778	0.13827506672108456	0.09545865923500006	0.06240769837778244	0.03943440374992581	0.0368352021755476	0.03374068932514253	0.029945045276185953	0.026305269555693782	0.02451075910977554	0.020227641309594625	0.01827467821072127	0.017500475899484794	0.014682993645791578	0.014062875243411092	0.013375047623302208	0.012258959106176458	0.012019099158518365	0.010905194414952978	0.010515092179416572	0.009824982612562042	0.008923489133924099	0.008408019688242636	0.0077962840700600096	0.007388834400345025	0.007049605757695109	0.006580384144715565	0.006430280170336343	0.005949407243976379	0.005533532089061205	0.005295862960233932	0.004814907482103387	0.004548042511238536	0.004507779273089114	0.004341816844974128	0.004146272982719253	0.0037364457169330326	0.003526809381895775	0.0033080018502214107	0.003208749602371242	0.002888202809936541	0.002768928126650641	0.0026108644790221345	0.0023477286588728425	0.0023058685994135804	0.0020265008623031916	0.0019309230788079953	0.0018117267116254344	0.0015774539451949819	0.00148530017774024	0.0012516358688592956	0.0010894287561524104	0.0010224613646914284	0.0008805837300304345	0.0007094248254922251	0.0005556296843576489	0.00035770898327033954	0.0002898762817111024	2.6158516283342032e-05	0.0	0.0	0.0	0.0	0.0	0.0	0.0	0.0	0.0

Species	0	0

Site	68	68
ec1057	0.03268808901927991	-0.07587899392128211	0.008464511857390734	-0.018117850111023275	-0.0015099949192399298	0.010488312931300236	0.00037971962514655083	0.01727657908059138	-0.035587661573596135	0.0021308082131449514	-0.010886038124932097	0.04321039991714686	0.024418398279976057	0.036414045016997805	-0.0065373153001992874	0.018607358315799807	0.009953383849832853	-0.012926117310969931	-0.00015712308134924053	-0.01982027793887396	0.015422701627578507	0.015448190181176222	-0.01204458723830321	-0.009318395042724432	0.01379789186140576	-0.007253403835920976	-0.015221135412492759	0.001828781532122897	0.0121645081598818	0.021170001585761006	0.0042229432884204054	-0.011092999155977763	0.002843878437309259	-0.0022889474122725173	-0.0014993199056690086	0.00956189148406041	0.0016342735976559012	-0.0018469499262794976	0.014611384345998044	0.004442488934272207	0.003644803001725548	-0.003018534211748458	-0.004256263875720269	-0.004388958754029293	0.006290435973760148	-0.004494557807339715	0.012530222761421178	-0.007926114671508286	0.0032919087847358124	-0.0053837322641566805	0.011406315955948643	0.007908467003991827	0.003204333435225852	-0.00506205203721587	-0.007159336417619707	0.001127094021120945	0.0006791518619164933	0.001558043575370659	0.0009940621302290218	-0.0	0.0	0.0	0.0	0.0	0.0	0.0	0.0	0.0
ec1058	0.03011958701767258	-0.046203131905705436	-0.013961939577911368	-0.04231369433603928	-0.008892300125021147	0.011001256414855764	0.029757749273670073	0.018103867332220455	-0.020176707247737135	0.010804888065325164	-0.025948128378672285	0.003017004959115662	-0.005483877813998847	0.002869336999250909	0.016150808816756828	-0.008786526271120686	0.01579737686190575	0.0029641544668733335	0.01082843802954745	0.007676180572584535	-0.0042263712540669945	0.013706762061712488	0.02361786047610715	-0.00703234143907019	-0.018324359746903985	0.021820780389751934	-0.019722382565744066	0.008344713132040908	0.01110671403013448	0.023868691458635957	0.022980128047861374	-0.003279286489182826	-0.01320999370384288	0.016778099687454584	-0.012025146563109372	-0.01481352915491198	-0.00606626773492265	0.024067745889101072	-0.0011912662502983338	0.0019623684151570493	0.009037666469460567	0.002465601248078368	0.0034517727225789963	0.007436134297408075	0.0025860044628811174	-0.0044051376399440985	-0.008041760514874775	0.003064255092947306	0.0037498898700029253	-0.006953324139262139	-0.011776854980767503	0.0016512213862793202	-0.002256066290722126	0.006369124191696591	0.00027082674497897895	-0.0013736760389158973	0.0008032318556217551	-0.00036514662073650875	0.0002584637482376722	-0.0	0.0	0.0	0.0	0.0	0.0	0.0	0.0	0.0
ec1059	0.021441386580977332	0.02485347485037642	-0.013076101233306672	0.011529957141834265	0.02435037442494641	0.02524614415209781	0.024651012905102618	0.010109835200531981	0.008911457284948247	-0.017031912810582677	-0.0252819734139639	0.0010535002874357967	0.0023204791860281294	0.014094545461369488	-0.013916876146060499	-0.0015848703548808206	-0.0022301742803565753	-0.011761824437554606	-0.011701438405317096	0.009322311550164407	-0.002119106686723915	0.00654961862433808	0.0015564515812583615	0.01750834075176091	0.010175588514744744	-0.01339689963298229	-0.01011596815422703	0.0006293202091028613	0.0022589190885142097	-0.01305201531980156	-0.005553043541942799	-0.012473444730613443	0.01339837945063058	0.02111285955326124	-0.0041172658870171595	0.010526669632282354	0.0016113835226745955	0.0049250861725147164	0.003960458411341649	-0.00995009978937675	0.010810872250834434	-0.0013369427415187282	0.01580764156137018	0.014812380133265746	-0.005373760084044432	0.013270844521659855	-0.00937224819163557	0.0009736727497702785	-0.011036794344970105	-0.0037130438935472168	-0.0027122359270574923	0.011475825056944357	0.00833431348604343	-0.007762043812188965	-0.0028343966659066335	0.004483010844142331	-0.00020043163524819906	0.0008089955745438823	-0.0008338955073542818	-0.0	0.0	0.0	0.0	0.0	0.0	0.0	0.0	0.0
ec1060	0.03907044993637336	0.029098589775952324	0.05687979939698469	0.02479867558892399	0.0005373086846003694	-0.0028253230804056776	-0.01251500980936518	-0.0017601263582847889	0.030300542307788857	-0.00738548445155456	0.011132110637837981	0.01449709692366129	0.009236474743015631	0.0033913201370348203	0.016516967154103928	0.018738514765133968	0.01333929329112161	0.02789776426942827	-0.0014867514884759536	-0.0032551336057180004	-0.007352253764256755	0.013393169746809016	0.009234406813731616	0.011519686625282636	0.0028148201460348526	0.0012781905143577476	-0.00769814059966655	0.006420412811300055	0.0013947612018309042	0.014688806978189679	-0.00837499124060932	-0.003593305284221977	0.005289505336568497	0.008641230458021329	0.013456741087264114	-0.013392138437405589	0.01580451681636425	0.007255667735158568	0.014507833812419883	0.015566711325632497	0.0099915500395049	-0.007207954730958538	0.009931723035020136	0.0036119346785195724	-0.00031864231339364323	-0.006399260963645358	0.017020639860291963	0.0055174259614746484	-0.005202016991020722	0.0032809717494003683	0.0029999718650729097	-0.0036314575675398014	-0.005389152415458365	-0.001518676978575938	0.0072358993905824506	0.004346721153950365	-0.0011231118377746235	0.0001147647380822467	0.0010680411680793873	-0.0	0.0	0.0	0.0	0.0	0.0	0.0	0.0	0.0
ec1061	0.054870869495402465	-0.00032180334509487277	0.034801323031610744	-0.03126734406768415	0.03167255123815704	-0.004503566985105925	0.0014106390356961583	0.006967403838579172	-0.0011490998033307563	0.0039327663163025	0.009521362128447187	0.011574029595967768	-0.02496119913601855	-0.010137480528888384	-0.007815360676445306	0.0020049945073481105	0.01902047478957624	0.021077658861278593	0.0005969791811266716	0.0069925364510523	-0.01655393345236964	-0.013553552109509176	-0.021699644294032396	-0.012705182973044748	0.019307223593929404	0.007529433081867997	0.015180323202096363	-0.02779854055833394	-0.03095535075564539	0.021280821035163565	-0.002865824847725697	-0.010128516356143806	0.013344442765331473	-0.0030241896464044296	0.010553534578162861	0.015495848039240923	-0.004446577193605833	0.011660679084643048	-0.01080798171973605	-0.00010829631225728307	0.0034295734679379297	0.0026549247809779077	-0.001651365152383638	0.005945873344497352	0.018672322681860486	-0.0020868775453931946	-0.004026078285336616	-0.003118123057955578	0.0026480079373389655	0.0024437143065433914	-0.004313990924089215	0.00018248592686655874	0.0011120631259934003	-0.0039220598760260185	-0.004101215154053664	-0.004588350986388471	0.003100472342959153	-0.003511639071209096	0.0004893399388243653	-0.0	0.0	0.0	0.0	0.0	0.0	0.0	0.0	0.0
ec1062	0.06952462633095755	0.007854559840137134	0.014839291582177486	-0.05624984161820593	-0.03865539523706827	0.029967664050957982	-0.010643248376326709	-0.006649311292271844	0.018567652773297045	0.011910945751280797	0.019033784338473664	-0.006412198822606082	-0.005149336134199515	0.0036012031424044505	0.0032953682505330855	-0.002244478897584635	0.004414911120423133	0.0025010327077720365	-0.015167562524913638	-0.007392376560211379	-0.022327308998818535	0.011011348079560038	-0.00755479209051495	0.004054646848043703	-0.005789285825891971	0.0025413189255518655	0.005133834108925073	0.015785897311151903	-0.014111047506570957	0.008067238820453067	0.002419105131024094	0.0006632706881545317	-0.0026636945534198537	0.004769283436232229	-0.002957521028236958	-0.03239220531548082	-0.010513486335880865	-0.00739195364446788	-0.013829700037456965	-0.007667983530002207	-0.011622224873299388	-0.011821872998150159	-0.0002461809416790474	-0.001460624180916928	0.007298334940541621	0.0007333582554489062	-0.003001003009482043	0.0029016795781395266	-0.0016937058649074592	-0.0052083487966639	0.006241895894676756	0.009717118682403311	0.0004149266270327926	-0.012308525195905853	0.0009654539164925857	-0.005209702756822865	-0.00045137276494359676	0.003409005950497748	-0.0013711991166302556	-0.0	0.0	0.0	0.0	0.0	0.0	0.0	0.0	0.0
ec1065	-0.015954914086846735	-0.07557408305327075	-0.09819746585742682	0.011696289551515577	0.09801204290700116	-0.06386508404019453	0.0430397941344334	-0.023225290884857357	0.014161226675318038	0.06857051555159116	-0.04965256381574028	-0.01746037962795437	0.05738381332562008	-0.01683568427267796	-0.007104405222732914	0.0060411442914544205	0.012483312784109279	-0.011691032372028095	0.01713275976313883	-0.007063991927903997	-0.008544333306058098	0.019071837782858304	-0.0012508291244537845	-0.013515887373535875	-0.0012109722293947502	-0.003764935748480506	0.0054667438071062165	-0.00021456524899208845	-0.007109811045570536	-0.0031785348101746936	-0.00387125051625211	0.007077218943372842	-0.006422880918825208	-0.0005039271348634347	0.011802325767792995	-0.00698332220271874	-0.00028704473473087946	-0.006702256664351504	-0.006778656388151061	-0.006458030108634247	0.00203330528213584	-0.0013120367321816245	-0.0003105280581594686	-0.002068524530750893	-0.0030169629066835024	-0.004333262361624353	0.00041867775873248196	-0.0007107410483941841	0.0028698345155799823	0.00014334223319407944	0.0006169650343858838	-0.0008103162604448758	-0.0015875681159375635	-0.004872094003261551	-0.0013186165329341713	0.002490042239502603	-6.630868919712915e-05	0.0007487606566647342	-0.00029771105630828473	-0.0	0.0	0.0	0.0	0.0	0.0	0.0	0.0	0.0
ec1066	0.018563953089820506	-0.014548725974694006	-0.00994621153686585	-0.010071820923508123	-0.004698268777549286	-0.006063238715704819	0.030732529781588722	0.052635446950172936	-0.0009063269153131855	-0.002834150742039744	0.001196879229054195	-0.0028430379427483075	0.00023491739734162977	0.001835938830977757	0.024162739058447978	0.016827466498266195	-0.0035877702462137674	0.0025462210901843955	-0.004760028362361201	0.0049823070592934695	-0.012078061909562118	0.014470853141418966	-0.006441397000898125	0.00816096084092816	-0.012947505421304763	-0.010218053784806998	0.009926892707788848	0.005597703901900947	-0.0009147319076049803	0.0006462836941713339	0.0032390388019409738	0.012420321749849054	-0.0013209515691620898	-0.024511871609384662	0.002015713481237392	0.011704657616922408	0.01127096811508576	0.0027450068929708296	0.009937006538865872	-0.003470991703569937	-0.016551494717753915	-0.0031402993617059274	-0.0003797509397246096	0.008057756699729742	-0.005364152587001261	-0.012843231725884693	-0.008129037970796648	0.006254234900106864	-0.003658201730862827	0.006483271147831962	-0.005425557932892341	0.006855932030041336	-0.010869721670465606	-0.0035324983244222597	-0.006202136762756945	-0.001774630874710537	-0.008894566247262103	-0.0003974617746840388	0.0006416451189368381	-0.0	0.0	0.0	0.0	0.0	0.0	0.0	0.0	0.0
ec1068	0.019109891237491346	0.011677980934202203	0.014570177227953965	0.025882197075782112	0.007934422870897257	0.008534221841934113	0.006136957895127856	0.03451027852431784	0.016102909089270843	0.0031605682325093853	-0.009518845010291729	0.007252868795429727	-0.0026115587469342934	-0.019336798173214827	0.000865102086871867	0.01666936015296984	-0.004058743171246719	-0.007492685226548531	0.012014298213736773	-0.0015428881028020267	-0.015790076378069787	0.0056187557518707935	0.002501615272702957	0.02302306895851312	0.014846736816535333	0.012229051921513572	0.0005241726274822353	-0.02373409775099341	0.010564458092577078	-0.007837527377188009	0.02282874672805729	0.01212809134371577	0.0012050720209024282	0.016399833745864817	-2.1283411887069726e-07	-0.006447218317757658	-0.0054596771658535275	-0.00018169093922267352	0.016892706317817745	-0.004409078686179521	-0.0025912444961895065	0.007701662727397711	0.0010240762511188682	-0.010614513804856418	0.0014037536070473375	-0.0029258654145585716	-0.011304776830903394	-0.008690949780626078	0.019410446273420694	0.0025359371476411556	0.012641950314149128	-0.001698556326661605	0.0050066047495978296	-0.0007866180121846638	0.00551462844167259	-0.0027541168199707537	-0.0006508750090042497	8.492393072875084e-06	5.845859751300271e-05	-0.0	0.0	0.0	0.0	0.0	0.0	0.0	0.0	0.0
ec1069	0.03697043484458577	-0.017133613895346077	0.034178223848817885	-0.033355605273950394	0.023449262975803926	-0.01631039819465815	0.004456354847205171	0.009719704169389732	-0.011193079788156077	-0.019025937729210126	0.002044880780603254	-0.004843818876765554	0.005159463830840522	-0.0014688788166177403	0.0004235538027598317	-0.011682818421033985	0.02819718300805412	0.004028469504971865	0.009045748345389638	-0.0343199426795065	-0.011150135838119522	0.00211626620984914	0.005905143760768906	0.0006670803427419435	0.01834775285476931	0.013277389008188431	-0.0018118647131786865	-0.025652942974888893	0.0024314997518335253	-0.017800850713888355	-0.01073628935240196	-0.0037349432589704806	0.0010550257854231992	-0.003364369094092781	-0.020019325592357088	-0.0007789536478464156	-0.00030651780151005214	0.007706829662097264	0.00943345146707033	-0.006559685032430121	-0.006993469177300257	-0.011811524681944166	-0.0145332768070329	-0.003765291756619627	-0.006817040196085049	0.0018926663541855495	-0.004390636203786218	0.0021099169895666685	-0.009479134572229209	0.0063160442519375045	-0.0033465121992433083	0.01132756214185517	-0.009006639891485773	0.005576029138184482	0.004954455080646437	0.004245674256100078	0.0064287756682440455	0.000786497851111798	-7.387780379727471e-05	-0.0	0.0	0.0	0.0	0.0	0.0	0.0	0.0	0.0
ec1070	0.0010259493490296394	0.09236033344706145	-0.04210678403822582	-0.017790101502205963	-0.004055409619981441	-0.04653602521921294	-0.014056435055848802	0.019748917873562272	0.010930745832775274	-0.0434379693474439	0.011081726001040904	-0.05011310700818114	0.03239276043394317	0.005232721974132401	-0.02505476363126722	-0.004122771373101982	-0.04857659828789476	0.000121141639777637	-0.005196347514506776	0.008996952843621035	0.022075410182081152	0.008466903944245685	0.030658052013965292	-0.014554365291206081	0.03816446207365532	-0.0017065767846414863	-0.005153996486237665	-0.0015413997027841882	-0.005386450747859874	0.01576512304903031	0.0026856106444232307	0.009181408405107151	-0.0011331897790228158	-0.009591779899728795	-0.004614602714054149	-0.0014114267755665204	0.003125270060401578	0.004548488579544879	0.011253337443620483	-0.008334120241112105	-0.0028704348745125278	0.0032927083564750358	0.00035551756284980514	0.007177378487632783	0.007006828080389346	-0.005577118029912723	-0.002081705894031494	0.006393050298401864	-0.0026264963310700016	-0.002304256381718021	0.0043874943418119915	0.0005445896274814256	0.0008355620811685906	-0.002205019938963626	0.0033072381354283436	-0.004981756301482993	0.0016566555817180456	-0.0011109033945730206	1.61759189055643e-06	-0.0	0.0	0.0	0.0	0.0	0.0	0.0	0.0	0.0
ec1071	-0.051608607935611235	0.03308761520250916	0.0006019703865330239	0.04062406848863684	-0.07250465955314904	-0.04370546413060116	0.03250316825103094	-0.00042731641344869397	-0.02969214653489409	0.016045992702615804	-0.005274041920188275	-0.01675666927182741	-0.017101117866961127	-0.0011826366650840728	-0.007186413001069269	0.015711582544251028	-0.020902449896452464	0.019553893873701187	0.0017516504775885492	0.006783580323021632	0.01499426935262322	-0.01098433873153008	-0.0047721184456471204	-0.010283693723758357	0.00718322982230211	0.021514404456461182	-0.006752239372995964	-0.002981767280719014	-0.02147774595759646	0.013140644500244294	-0.004946762674785218	0.010331654635199637	-0.014938030871724012	0.002127508254267319	-0.00041124160784777674	-0.0012598705328323143	-0.0033897169334146334	-0.018314455552769022	-0.003523196264843407	0.013090312958212742	0.008365487675359972	-0.009269403278623677	0.0005245784990832865	-0.0060581010480747245	-0.008272791906494893	-0.006268564609705903	6.634499131355135e-05	-0.010777605985156926	7.692871645182287e-05	-0.0014371853045112735	-0.001372519280344915	0.012079204640771782	-0.001326986023625566	0.004502793197459995	-0.0002469166165076144	0.00481103877742258	0.0006237376868030078	0.0021943163427213704	-0.0009247383644710673	-0.0	0.0	0.0	0.0	0.0	0.0	0.0	0.0	0.0
ec1073	0.004350724324978969	-0.07107600699371876	0.004573658392414751	0.03554217707870745	0.03096599729425916	-0.007715909354056764	0.04072089722977997	0.024442101202620775	-0.03227336405865546	-0.03330956000766646	-0.0005187599650592784	0.0045090036641562475	-0.028126747929203735	0.014341000279059725	-0.02432819442221697	0.007217471838441776	-0.013454961742532762	-0.010182964314312383	-0.0077647124235627335	-0.016025789475833836	0.019824199488191713	-0.027009415747055666	-0.0006162557991755722	0.00480212632690674	-0.0021193600800777134	-0.01502095335940331	-0.002382350724531301	0.0018125522950908721	-0.01836084182176557	0.0067218774755949985	-0.0025767327538419333	0.016070852287094976	0.017410934954218797	0.00965385691362893	0.015366313934416696	-0.021208350362534305	-0.02120012067838117	0.011173115534468004	0.004292679042742795	0.0016655556758465695	-0.004807187661885808	-0.0029135028390898142	-0.003711224641675366	0.004599500851936584	-0.0038300683910483862	-0.004483591132626614	-0.0012244386879004868	-0.0012994858649341685	-0.00020579571141132044	0.004941695739338802	-0.006924196955126336	-0.006759018435734653	0.004665310351115611	-0.0006743008517630346	-0.001661404707377745	0.005244133249732628	-0.0030827957752980672	0.0032958376152764546	4.831947317299712e-05	-0.0	0.0	0.0	0.0	0.0	0.0	0.0	0.0	0.0
ec1075	0.013284834086016948	-0.02341024113074173	-0.01141848801066233	0.03004011541797683	0.008012448164622406	-0.004017509275966235	0.02059635031628896	0.02829243195718973	0.03969299008280478	0.015469118974391075	0.00392567204842973	-0.0016061454378436496	-0.004663254733576139	0.021121047123239454	-0.0017816796365783176	0.040023911354292514	-0.01900893885223356	0.021957131373325337	-0.013722454655572217	0.018995327672225514	-0.008004530202858958	0.010505774365377267	-0.009216772187172989	0.023748556973949887	-0.01620309807063369	-0.008082837576190013	0.025201238822818838	-0.00014464122291648447	-0.010213115289560327	-0.006242796832928439	0.005668779004975108	0.012477499905803055	-0.011780971299790131	0.00014135175561828952	-0.012566722010511407	0.00028941251472739603	0.00542634764424388	0.002375573114738194	-0.005194827643246787	-0.004646203894894834	0.005049079838802111	-0.004050703680692048	0.005922091707405498	0.007282967821709555	0.005729861110736833	0.008727709515913425	0.007935795772189206	-0.009554787908822818	-0.0019627280106535743	0.005495910423184877	0.0018352388614214462	0.00017431997833827854	-0.000732758920072337	0.004197106077412459	-0.0002532769267100764	-0.0011166988322145466	0.009040096974665658	0.0026462741051973175	0.0009355535904304644	-0.0	0.0	0.0	0.0	0.0	0.0	0.0	0.0	0.0
ec1076	-0.02648459971098162	-0.13075657406560406	-0.0695569334401502	0.0018582872563957928	-0.07421560750504726	0.028000606670718763	-0.049505470205922324	-0.04804861495749185	-0.01763298043726882	0.03241469063063053	-0.01123576501848122	0.005764389503655806	0.010248693219151856	-0.03304350011985226	-0.0008933940105547516	0.015065865804714026	-0.013944603862257208	0.015731050832943294	-0.008286501442291634	-0.025830868106148454	0.018979652203645298	0.011129026984036686	0.024572692125416153	0.004141489838808534	-0.008628243473767826	-0.01129097741779464	0.006907692697434859	-0.0018140512712049618	-0.0002517341931887844	0.010781531634931289	-0.008630069677038938	0.007976155875301693	0.019752907723386115	-0.002123662884061324	-0.015075216305397772	0.01524127493552948	-0.0012098003385624667	0.005117586300651052	-0.00010833389586208962	0.0012887506839577385	-0.00577098865392852	0.000284683724239307	-0.003570188618382044	0.0033504260629953465	-0.0024188445028061	0.008376246384406287	-0.0012318720295188545	-0.005008218295216365	0.003763116632878498	-0.000813048095917257	-0.0005920349438816535	0.0022351837619495486	0.002123502569916149	-0.0002174052320457614	-0.0028287746890200156	-0.0006772708746183504	0.0003970575632208102	-0.0011707247344167472	0.0001183575082591491	-0.0	0.0	0.0	0.0	0.0	0.0	0.0	0.0	0.0
ec1077	0.03228341279423016	-0.06541710171076504	0.001133450732064917	0.014062226256049663	0.015381649467371054	0.03550738009308367	0.02262847974038635	-0.0031927392403999447	0.006712253416814902	-0.025906200866996278	0.003583076971644917	-0.013120395821355192	-0.01043995388552006	-0.0216714228575623	-0.03325542896888338	-0.023013290040249938	-0.008471610588556564	0.009633767934386856	-0.0219947282743891	-0.022757593367661613	-0.009390439528051566	-0.013929361047612611	0.005535550512988756	0.0003790893643968687	-0.0001887139946930503	0.020047167678531142	-0.009512347827233456	0.006094528645205775	-0.011927653111979757	-0.006005393752909407	0.009584814496971102	-0.008581169717245065	-0.02061552251608114	-0.005306101120815596	0.0045483572843395435	0.014964065976441862	0.01071859941208507	0.0029710814069426705	-0.0029476394150308263	-0.019388826407567058	0.0003262247469460978	0.01785089620827542	0.016632663632573805	-0.009976322727089605	-0.002337054729525094	0.0018177676959131978	0.016721951423691612	-0.005246565848289319	0.002479759842798728	-0.005732734469355731	-0.002813523480091168	0.0030959790511379784	-0.004677753430803339	-0.00048705125703092954	0.00028644294339175326	0.0010888999216863075	-0.0033246927116958778	0.003002044247075127	0.00021593481241149838	-0.0	0.0	0.0	0.0	0.0	0.0	0.0	0.0	0.0
ec1078	0.060045230357264806	-0.05295346905402273	0.02177793350486886	-0.08087741323901153	-0.0016252824847502415	0.026213187990019992	-0.006172274677221981	0.01643873019277792	-0.021853856321685995	0.013739739455773883	0.010283273452884293	-0.020317307392493506	0.0015273253565930747	-0.01925747455492493	-0.004379193828836959	0.017593044711192107	0.009568083740638597	0.007393015342915054	0.025041272920731765	-0.018720789202555193	0.019201094098834727	-0.015353980342588934	0.025413295139188864	0.020578360312960852	-0.0015755946913605203	0.00044739609702740957	0.009710909746641705	-0.008358106611071815	0.0028072401162557133	-0.0012807203577357277	-0.007892636082050574	-0.015980290567661756	-0.0003293274659320669	-0.00025364294490636035	0.01429453932386877	-0.011265373661923647	0.013420005790022338	-0.004093601627195648	0.00017427635755937852	0.007960694516918143	-0.015002600025211336	0.008280340704801879	0.011975203051305852	0.007189593428171246	-0.0006260918764917962	9.525328808805809e-05	-0.00013887079536833373	-0.00025057063544412547	-0.00043941925853660665	0.0024842521247085466	0.005039041007533762	-0.004617071840619773	-0.0024894472815971663	0.0030455477248705434	-0.003625519191278473	-0.001640596883333222	0.0016887219835555502	0.0021739763290041882	-0.0019489453260605571	-0.0	0.0	0.0	0.0	0.0	0.0	0.0	0.0	0.0
ec1079	0.037822406986775886	0.034948830358810676	0.04390853909976258	0.01915339472339145	-0.008393761392160482	-0.020497506830715086	-0.00921106580950416	-0.01707631656317226	0.005256926494855581	0.007690091192853241	-0.01600565990458785	0.013668487186442493	-0.004312938719789822	0.02339959170344356	0.00016944384372415307	0.008233814500306481	0.027747957279956426	0.01129514220184679	0.012568344254770325	-0.0011426284732751668	0.016123552308321708	0.006520239049443627	0.011699047596729042	0.007839852232745706	0.01261968243939297	0.012029780155363105	0.006102576456369545	-0.003390300568895588	-0.0009498634567799057	0.007761134750434522	0.014493407320109243	0.01528436683393909	0.004867551915274619	-0.007453124162686198	0.010480446582888641	0.007067415159302844	-0.0008915197598760604	-0.012559341135965255	0.0007636875780542999	-0.0037411305056491546	-0.0059847187651772635	0.0016422935171490803	-0.005188891461588183	-0.006942198341083276	0.008863000445463558	0.023673001216670844	-0.008937736575745566	-0.0030854589946151577	-0.009957808961446771	-0.014749571379008567	-0.0065382377202568304	-0.007768543064347987	-0.006858931346962115	-0.0023360783356284574	0.004316908582268912	-2.321262641146016e-06	-0.004653940868872406	0.005086200481692933	0.0008028826363154276	-0.0	0.0	0.0	0.0	0.0	0.0	0.0	0.0	0.0
ec1081	-0.1826459366404185	-0.01597023796610047	-0.037775426472087474	0.0029069645512163635	0.06128640847771167	-0.0159832509501142	-0.04225281522392893	-0.012855375208943788	0.011907193686602414	0.023619818247989817	-0.014457184898812786	-0.04708016238941879	-0.01913147513725371	0.040826005911688744	0.022145077233916188	0.006693527490725645	-0.006607390576424652	0.02066868430208169	0.006217205032094795	0.00034698385743488555	-0.015756285487966676	-0.019846547493842657	0.006558431655540001	0.01769522562664227	-0.000796124534260127	0.010743518305527422	-0.02175134950582112	0.007238408969567664	-0.007766410170223562	-9.338500071325982e-05	0.0012233263527728667	-0.0055558848028938795	0.011024670252034763	-0.00011375727419625046	-0.01164343770104962	-0.0007594985796388576	-7.019597521181185e-05	0.002529524774869701	0.002538587361087572	0.012412831696620679	-0.002651800607562515	0.0005391091703901835	-0.0018732245983070343	0.004532871921056674	-0.00121758885138086	0.006338433203980885	0.005152574050947867	-0.003353846179306656	-0.0032947168863196276	-0.0018059452476563505	0.0029720170709350586	-0.0031402287861869585	-0.0007493619601919403	-0.00015800201739258943	-0.0004877908261387959	-0.001550896131250562	-0.001411391574427724	-0.0015913205556880737	-0.000606134854716243	-0.0	0.0	0.0	0.0	0.0	0.0	0.0	0.0	0.0
ec1082	0.034446868646031505	0.019838771921977392	0.017775329017068818	-0.011708819239025144	-0.020399018788218058	-0.005193503334776219	0.0010681842038003698	-0.011643096188822895	0.03754506427321562	-0.01115983286115543	0.014200778171919535	-0.004302835434782822	0.009422195570157542	-0.0071715643867472775	-0.026159486167314425	-0.00438623192735846	0.01737723886311276	-0.0005595309489905178	0.004038503417471515	-0.01746877514093484	-0.006542449425089113	0.012331462051595826	0.0018900282066337181	-0.0060043574478524965	-0.016424704348146916	-0.00028157142123753524	0.0034558274266118898	0.024701542702981947	-0.011922709244262414	-0.010334351763555311	0.01140177571322804	-0.017912469268281037	-0.0033495821912547376	-0.01009265131169854	0.007334207585483117	0.010129173428807509	-0.023855284351475256	-0.011555748303234626	0.016405363589732144	-0.0009516465417539807	-0.0033467945819225992	-0.0034279491252221994	-0.013364163092410515	0.026937628210553212	-0.006253454296437759	-0.00230983168985635	0.0019140138897747044	-0.009758881266979	0.00643194099071124	-0.0018445036992459298	-0.002668864828938002	-0.003130333623561551	0.00424604316113481	0.004091549438419762	0.006727667031021884	0.0005010643912946134	0.0012725796184434102	-0.00012830696252559088	0.00033358520648423223	-0.0	0.0	0.0	0.0	0.0	0.0	0.0	0.0	0.0
ec1083	-0.2507023730450964	0.008817364043043875	0.1129728433001519	-0.04746383458561035	-0.005506101818276589	-0.023376045112390675	0.03380948492589462	0.014076246995797638	0.052764623297844794	0.015134365964047465	0.009462627136087328	0.003910740684758464	0.02062784806432853	-0.014913910320925296	0.018031645893042614	-0.008010385852861466	0.007027521113467816	-0.01269051684352833	0.007945991181939439	-0.0005590636961544488	0.02144541743506782	-0.0016752645363796422	0.004553848833558603	-0.014107790739954681	0.011195221266532418	0.0013994806363328508	0.0038288490698671325	0.01682255524554673	-0.009055173415662868	0.004364501817966566	-0.0020697515906514274	-0.011993054595971664	0.01066653432450559	0.0011845212437133286	-0.0033291077712551773	-4.046758691286838e-05	0.0038999944781033776	0.0011712328440818245	-0.0028823144993274518	-0.005519505983353506	0.0030553331305303993	0.0035469169953137583	0.003155495433887562	0.000943348120166977	-0.00043604421726429446	0.0038635199826839474	0.0036996055356052298	0.0015664984100757593	0.003758562891645406	0.0008908169329097793	-0.0005207955896252245	-0.002385548351388582	0.0011551040196099717	-0.0013043484407820258	-0.0017351112575248126	-0.0008878851212355174	0.00024265771404501912	0.0010488835010908023	-0.00011648642530400466	-0.0	0.0	0.0	0.0	0.0	0.0	0.0	0.0	0.0
ec1084	-0.015267931863224083	-0.05337217254278251	-0.06769862167790479	0.02321962848197561	-0.015718831985878264	0.008508993783964315	-0.0408587353344493	0.01958845525831148	0.037979587718331105	-0.0074687913062671035	-0.028440288924941787	0.038600452366496445	0.0023938658866075407	0.009168131308276945	-0.0161787557381364	-0.0005914403248260717	-0.009748153364264142	0.00478467042243478	-0.020103097581684135	-0.004716318638405865	-0.007455113838933156	0.015345038286317418	0.016553395110026053	-0.0028946827398768963	-0.0019662082187579455	-0.005799524541082575	-0.000420919463945233	-0.012347569881229892	-0.009265907725053112	-0.008910293432860632	-0.014524121089650482	-0.0028531638092650566	-0.0056405946766985475	-0.023713373454033574	0.011639476882137446	-0.019263678704499035	0.00044819097134623636	0.009519377443869452	-0.0013851024973113048	0.003548103581133358	0.002745481857605414	0.011144397379550463	-0.004969407562819398	-0.01057631527812639	0.005511755849425598	-0.0029802633087004805	-0.0024620864941491977	0.008557939092694767	-0.002942277471757034	-0.007155854127529114	-0.007179351549904469	-0.0034320150102820314	0.005077499800815299	0.003123632020953456	0.0007588387865013631	0.003437617580529757	0.0040660849080666394	-0.0009826592647516562	-0.0003029956265538987	-0.0	0.0	0.0	0.0	0.0	0.0	0.0	0.0	0.0
ec1085	0.03634422461752183	0.024332969496217126	0.013841681501697949	-0.012613539994947489	-0.0057263301938142155	-0.007291925383316652	-0.003308783186863652	0.00765227903102614	0.041968550580843964	-0.001996268164358764	0.007345956393804848	-0.003816742979868905	0.0011335483309472263	0.003184299534897212	0.005506297018231165	0.01821990230944755	-0.0035456259801647026	-0.010480464009158627	-0.012001902074893616	-0.0037726464341170693	0.011307679609262418	0.003549424813778068	-0.009126719778771749	-0.01714882134339797	0.013160236384416052	-0.02110814975457474	-0.012309415983598547	-0.017817740921471734	0.0028609076635744027	-0.02203380080394862	0.0057788047718175875	0.003760754190658437	0.0070074863883679206	0.022779423735201854	-0.004400552465780552	0.0034435095846970937	-0.012676825241766875	0.010633336226561029	-0.014935269966523942	0.01247910126204339	-0.016130845303908348	0.0013653560688840244	-0.004741876978285061	-0.007456401596626763	-0.011404646070810723	-0.00020628043235410785	0.016375897342430647	-0.004092564816850529	0.003733972540624651	-0.007826573958755221	-0.006260390453963157	0.0005196367363838544	-0.009524736160038141	-0.002312771671721348	0.0016143257334100113	-0.0023900232306183706	-0.0014702989504658684	-0.0024150723111046354	-0.00031284411389345223	-0.0	0.0	0.0	0.0	0.0	0.0	0.0	0.0	0.0
ec1086	0.0605976845445851	-0.002935855121940577	0.03783783725964915	-0.06025697555426742	-0.01782656543961062	-0.02586245633346437	0.00021696881503666462	-0.031257303017317044	-0.022419817199654076	-0.0004783434145093466	0.012890743671745261	-0.02002975793420467	0.007193599135342585	0.017072440472493254	0.0026057342154720796	-0.011053884930652251	0.017156989136300177	-0.01525054283855451	0.000561790163875791	0.017006795002830387	-0.01823270752212483	0.0004530289811980435	-9.841921038677105e-05	0.0034625387995127765	-0.024378569375888205	0.006542446993522096	-0.010418429352614538	-0.009313299187647877	-0.012492733502270455	0.004873364271132942	0.003434878144611012	0.020213424812918546	0.0023964321660025893	-0.006682270802731769	0.003847433049304194	0.003699560243838648	-0.011236434585837687	0.0013321247274657054	0.0013880700518111996	-0.011384469208242922	-0.0075483669733047145	0.00010229534684236669	0.002314343559689462	-0.006124580903888646	-0.0037940554103799897	0.004376570098610204	0.011869394909318754	0.01347431275035418	-0.005803578328137787	-0.005134233330120995	0.0134351783594295	-0.000672168696161965	0.008891058179598017	0.0029351174682092657	-0.0010199730734460454	0.006179460350603563	0.0007189412604523465	-0.004879794053820405	0.0002643422042011982	-0.0	0.0	0.0	0.0	0.0	0.0	0.0	0.0	0.0
ec1087	-0.07434943179104678	0.025136594545988978	-0.01843287028969562	0.06138398992396782	-0.06465025703571749	-0.044934540551096594	0.021679620449113757	0.007269657610063758	-0.009379917814283335	0.0462379359668837	0.03706391449158065	-0.0070328655274238365	-0.03725220059537927	-0.007670956234950605	-0.001388859751049152	0.03524712208262367	0.010490963254653185	-0.015656926877068968	-0.025421262165871168	-0.011102742788074665	-0.04011095994353221	0.004674592252475028	0.01988028172420591	-0.03446937182163742	-0.0035468327952281704	-0.014485887455417363	-0.0022661941528275818	-0.007231211546088913	0.008525307892536454	0.0016103509549336798	-0.002757986690161241	-0.013682462248237472	0.0031716072402845404	0.00987484919105878	0.004047577858896041	0.003067473487913645	-0.00011283881650904532	-2.2235276718149086e-05	0.008237422196232191	-0.00732870405354316	-0.0012978841987181008	0.004193133972426434	0.009846559154615717	-0.0031754764375628397	7.128067586051027e-05	0.004995997934088886	-0.004165319471441051	0.008290176947736413	-0.0016133606788824907	0.003800452284209946	0.00014866034524139792	-0.003380539529886661	-1.3308466625176372e-05	-0.0007047601514860946	0.0015215348792735385	6.0216895938937436e-06	-0.000268978424904368	0.0002766199567223497	0.00014315645322105197	-0.0	0.0	0.0	0.0	0.0	0.0	0.0	0.0	0.0
ec1089	0.038452501658521196	-0.024340106727672544	0.03711582325414791	-0.04761550513939165	0.01705187035976018	-0.03280873592876738	-0.04066042099916542	-0.009472918519402799	-0.0012546114494786538	-0.027196660209740455	0.043011234468496175	0.02913281411601883	0.01501490643946253	0.033038454898337254	-0.019542398701326402	0.01403674641787733	-0.0037875542563423023	-0.0050111548468735325	0.008173996412426686	-0.017062216706805633	-0.024105202233672195	-0.00643592888327899	0.012707815881381668	-0.00271539258284423	0.00352283981929369	-0.009096729634998637	-0.006249216351864023	0.005296842720020219	-0.000518931642946115	0.0020050106742991536	-0.0001954153184689497	0.024243491652562826	-0.010063304130181768	0.0024592257396374175	-0.0162668296727004	-0.005780389860958282	0.011069227464580807	-0.00596018278225138	-0.0135719852597984	-0.006629637683430891	0.012517617507587321	0.0062591006689834685	9.553279914118336e-06	0.007725927742524598	-0.006610707679986095	0.008621586263314433	-0.004543067321423615	-0.0053427084590909925	0.011113535506776202	0.006406516173853841	-0.0031405290400216444	-0.0031403215517812806	-0.002552508296973875	0.0028622712784755525	-0.005771600191585196	0.0015049568818153742	-0.0037671545928923463	-0.003764926209403229	-0.0002401763260648741	-0.0	0.0	0.0	0.0	0.0	0.0	0.0	0.0	0.0
ec1091	0.029806342346437566	0.005088855054757283	0.03115061465641376	0.06227909273216335	-0.0037156936101045896	0.018070694792665553	0.01014025883308621	0.018501030309551646	0.017056811886704194	-0.00923162617208364	-0.006842021364332278	0.006940061602061561	5.125078265655525e-05	-0.02866869104365178	0.01720968658956251	-0.007637152411147252	-0.006821044852131717	-0.015423133725660574	0.013512279284197728	-0.008066697222521608	-0.008615980078724548	0.0005633248541656572	-0.010996455532642297	-0.005419570885843777	-0.002529799303090219	0.015258981291235376	-0.014902920143356995	0.0018971432573870969	0.0023150394749990415	0.00444682756947976	-0.018616869782225574	0.010959293227645509	0.021066092001478468	0.006097101193532453	-0.00625155135349432	-0.01578765202056978	0.002898054258792974	-0.018971344477077948	-0.004219470808039492	-0.010097325369258931	-0.0025168714207828733	0.015165585672979945	-0.00023953797139789735	0.006091384701209196	-0.01020944154280621	-0.006037280169314927	-0.0013370014573448564	-0.006108244828307368	-0.014547243709348297	-0.00752168006592656	0.002323591064064152	-0.0020817012435304376	0.0009093411819038022	0.006929069236591787	-0.006861939933975753	-0.007411789311361514	0.0030177570275359117	-0.000548165746747824	0.0017599468039864044	-0.0	0.0	0.0	0.0	0.0	0.0	0.0	0.0	0.0
ec1093	0.05496892541168517	-0.02669435728534917	0.013309878768392121	-0.04629780819327498	0.014210112547267605	0.019837025578428258	0.0054569938643243224	-0.00774971714289485	-0.010957584436615115	0.01669258513232645	0.0010656345663038569	-0.017435163159936883	0.007129006455327225	-0.022637149843159565	0.01123357415707885	0.004276400783068246	-0.013683835024576254	0.0017881415105468008	0.0036382176900256044	-0.013356277801097383	-0.008663179462016144	0.0031467118303235213	-0.003693579679464536	8.079724801626752e-05	-0.002033053535487932	-0.0033016973306286453	0.008129040355722568	-0.008456607348905082	0.005136539906205423	0.00885063641745129	-0.001364581049405694	0.01669250456183919	0.0037918397621090434	0.012847381413751469	-0.006828879312997787	0.01955345726667665	0.0063978375388963095	-0.0009366434745472795	-0.013603253890271404	0.004671283744485759	0.013263936235818787	0.005721665552171275	-0.00947680577913994	0.0037800579496424735	0.004117287328825371	-0.00960412518383853	0.006551433723778177	0.005725569684910734	-0.009395931370395844	0.003808822950363652	-0.0051106684116737355	0.0002585642541052376	0.012310528406832949	0.0010090948995637018	0.013812143458692899	-0.0018404032128114696	-0.004852236834913941	0.003291003416075349	-0.0001169536877255989	-0.0	0.0	0.0	0.0	0.0	0.0	0.0	0.0	0.0
ec1094	0.0038787688992102023	0.051881781978012305	-0.045284422391327184	0.006000341892899285	0.03900744753821069	0.023722769931670842	-0.014031368238969586	-0.009586559883694518	0.029144428847263388	-0.003604943976921047	0.020275955216930108	0.006197719073951439	0.009936359729498787	-0.011539683893035826	-0.011942687724107783	0.027303377840878384	-0.026036136890792642	0.0018546702574480456	-0.020885234446277302	0.0144268844122726	0.010689227458793717	-0.020995819411889546	-0.011066896554364105	0.002558101805697534	-0.0235839460096771	0.015574835109887778	0.0004284282168482916	-0.009912887411653326	0.016949618086325915	0.014593370743175087	0.0033750668297793133	-0.01957748411174638	0.014818483987429503	0.00394221191084159	-0.0010061015627847658	-0.00784456739498001	0.005144723801842834	-0.006926214301681133	-0.00379698200112489	-0.013826954655036968	0.004072198091729604	0.0010056567939771416	-0.025827812285990293	0.0013700773093130532	0.0018158857548980017	0.002512070901151706	0.0011784282167000505	0.012533839279853829	0.007429416654017745	-0.0021338680808448583	0.002753958829171786	0.004348053472161131	-0.006468813198098686	0.0032633487038814966	-0.0009141311999431139	0.00540859778740536	-0.0023828590806117605	0.003132151755923978	-5.6236579986707215e-05	-0.0	0.0	0.0	0.0	0.0	0.0	0.0	0.0	0.0
ec1095	-0.00247257851910949	0.07775328940728982	-0.039890850428703974	0.02900444839384482	-0.053426830202643834	-0.0036972235189880955	0.03843470273543381	0.028052127972257028	-0.02251790483222186	0.05864775764149144	-0.005487617524477459	0.010798246129661323	0.0009420520096712783	0.014345856302734055	-0.025546463706188086	-0.030131676179456626	0.004595971366266624	-0.028043061848115777	-0.0042092527750414764	-0.00041822381072834824	-0.015073993097251536	-0.019815476599485227	0.0060400822176597604	0.0363042083784198	0.013517889677812193	-0.004807710327892723	-0.007997932892967583	0.011959674845289802	-0.009060691521021317	-0.0024128186772045387	0.007303389122924846	-0.004030989242337954	-0.0005527520017171359	0.0034547103299870574	0.00546322334054687	0.010789271388315102	0.01954778383823471	0.01233195202677678	-0.012035127248917156	0.004008422329688639	-0.00552114212362139	0.0019636658057893726	-0.021145478076735984	0.005078663964293113	0.00042935076263612423	-0.004652596601942723	0.0006775646060265403	-0.00032828145410488806	-0.002063264971018691	-0.002669194552944819	0.006923091965492301	-0.004259218396608262	-0.002571619307532221	0.0025656738768956217	-0.00033581752657293876	0.00024686801598887274	0.0012143571516985727	-0.0009798289116760691	1.9749727621590404e-06	-0.0	0.0	0.0	0.0	0.0	0.0	0.0	0.0	0.0
ec1097	0.01786862242799612	0.019288217325702874	-0.039589915914880584	-0.008241139165903983	-0.014848071186456875	-0.006992480322545405	-0.020382291773898702	-0.015388036087662732	0.057446249201531116	-0.004421259319211324	-0.023708218369290393	0.029272272423566847	-0.02548424706577259	-0.014652956038147674	-0.03157866816541599	-0.0028450849964225737	-0.007569943289122044	-0.009691104624161872	0.030698757041313335	-0.008523456411603398	0.014689062409638092	-0.00010630238206068533	-0.03249691517787793	-0.006528598697072577	-0.0005410840411813071	-0.004244051600049602	-0.014840193759946612	0.0023468943935572788	0.002287081237952984	0.018255297340742913	-0.01513726585592718	-0.0015148933750915518	-0.021933334055136297	0.014434868954054814	-0.0037280680072671966	0.0028153991877354874	0.014824823968706451	0.002554616987940074	-0.0031811118827990248	-0.004678733834465291	-0.018951469672826224	-0.017334126275004264	0.00882660277830158	0.002386332954984926	0.004642501920027243	0.0025903826654755033	-0.006476468466396962	0.001130893004681643	-0.0030201474593695736	0.004133151970769755	0.0022699296427821244	-0.004997338863367614	0.0019523689653088332	0.003173891923134833	0.003775427857769761	0.00332520257540608	-0.002110563905720744	-0.002726657347828222	6.463708710713422e-05	-0.0	0.0	0.0	0.0	0.0	0.0	0.0	0.0	0.0
ec1100	-0.03765672919579514	-0.0440881840416908	-0.05861531714407427	-0.032522267091371945	-0.022574033515975676	-0.035935640071748265	-0.004934873657268548	-0.02071384249062386	-0.020810907513096763	-0.015537058757378052	0.003157722168355677	0.02454732546981131	0.002275634725437164	0.004197349308932987	-0.009129025030565499	-0.026918218453791984	0.01887033949443644	-0.0013817648852303686	-0.019301255174446787	0.024566631332616606	-0.009321919052186732	-0.008948032904121812	0.011367935159974365	-0.010801646401753651	0.007402107410747837	0.019604846754180456	0.01850779771483736	-0.009183821868400199	0.003730125529408045	-0.025205709309154188	-0.02357956926578051	-0.0044649903925673695	-0.005325997073140878	0.01350215373610631	-0.009950624694990584	-0.013655231367155402	0.007500657924571748	-0.0053592337635703854	0.009650334074660228	0.0029201234333967076	0.0052854648045389755	-0.0036661763003419255	-0.0066789057242526715	0.005366877803764236	0.008203924913447708	-0.0020940251356961377	0.004641004215589447	-0.008697798794484325	-0.0032856861838638	0.005180602881935964	0.0031317494477101204	-0.00419772364058722	0.0024011002384158155	-0.0026435845907445852	-0.0011699723939386675	-0.0026516083600413745	-0.006548991624308058	0.0032843948789807445	0.0004981151274582846	-0.0	0.0	0.0	0.0	0.0	0.0	0.0	0.0	0.0
ec1101	0.008829208708279144	-0.00746711069478137	-0.01875401908946382	-0.05951675937909855	-6.44385433273153e-05	-0.06041639061112194	0.02136842626775614	0.01924897746663597	0.02088397135407497	0.024497255920857906	0.029431351841979033	0.02980915947982224	0.01594335646926209	0.002575588938284524	0.03179135168408499	-0.015698223812737753	-0.0390605017093217	-0.02710579424346143	-0.005466241908688278	-0.022613025781886877	0.007525975481105811	-0.022298013093423254	0.0012335424840455003	0.024151991696909948	-0.01057595974647412	0.01382090162738616	-0.003999802260418349	-0.008608534439494924	0.00046588277174283303	-0.0041964095459784715	-0.0053206547788979775	-0.017306276774360783	0.0005687975812810836	-0.012898354176377766	0.00028695031183465457	0.0019005655492753347	-0.013020728081922985	-0.0028520524556700975	-0.0019464407742710577	0.006885240247710849	0.005113248247087549	-0.010789238421131537	0.01273226068441601	-0.008292912537248941	0.006091479528644624	0.005101229584155949	-0.0030450269708784472	1.0015153439309996e-05	0.001820387646567453	-0.0014721685349040018	-0.005578231079210171	0.0036087451574174146	0.003314934431985192	0.0026379474765730417	0.001432808144314269	-0.002506937430741134	-0.0020947948060442544	-0.0018157213545564503	0.0012335863550406642	-0.0	0.0	0.0	0.0	0.0	0.0	0.0	0.0	0.0
ec1102	0.04731137144932337	0.003381958752807109	0.04215318677094081	0.010945944100148	0.002498955384726725	-0.022852003553259774	0.00898775440064934	-0.02752286968633157	-0.036824007587410654	0.01484980291982392	0.02400169307458206	-0.003277021417398562	0.03581471602318473	-0.029630051334198198	0.015625728099866523	-0.017593339676495814	-0.012016223330764767	0.021832628513184054	-0.032483019028501946	0.014254346396118483	0.0014471743472359753	0.018383605871096175	-0.03612233180430094	-0.005100238771848871	0.006704517483495872	-0.017939908814146574	-0.03216207693427744	0.0005177353831221172	0.0109622452746417	-0.007766636932117149	0.0028319252217206127	-0.0008057541777474579	-0.003185580048156291	-0.008341265957417488	0.009855381155193077	-0.01029395274359998	-0.0007435555371130965	0.011465961232576018	-0.0004013966769988571	0.004721728258489447	4.612939844140772e-05	0.007050956761435585	-0.0002444648515971218	0.00826153837826624	0.012602456815918484	0.010834338248438852	-0.0064211997395146846	-0.010158959526032319	-0.003095745379543335	0.0018521014061986844	0.003023082953423232	-0.0012414891833732928	-0.0030524324202463064	0.008611404918639145	-0.00020960700709572814	0.0004868797040612461	-0.001480290482398354	0.0007895554593041852	-0.00103492499502916	-0.0	0.0	0.0	0.0	0.0	0.0	0.0	0.0	0.0
ec1105	-0.0395607286236687	0.04394588984783442	-0.09130826294481835	0.008647685520756428	0.05860582947787901	-0.0035436058115350675	-0.050888989428694756	-0.019511056829817658	-0.027910192029396746	-0.0067278554980632205	0.054937637137392845	0.011730168899783278	-0.04652828542629098	-0.0403994140011347	0.01611689116042849	-0.0032221635025149976	-0.00391052235602223	-0.032072785458106164	0.029073349787191716	0.0018043229902874808	-0.002758511518841455	0.01894702613658337	0.0010913097017403808	0.018625793089869398	0.016452567973330348	-0.01960231621574795	0.009407611537257015	0.0164550280116938	-0.00802731596948309	-0.00044390402935395846	-7.911335262293839e-05	0.0008255359331807222	-0.011354502949944088	-0.003273922265056946	-0.0017768397492917503	-0.0007296199481798647	-0.012820666202185676	0.006768663202740175	0.0006310241885760365	0.006113896932319775	0.005147469921945292	0.0032198340406966856	0.0019042232470060023	-0.002582500175057452	0.0007224671586357963	-0.00033562843432230076	0.0028009269532494187	0.0007880001780029605	-0.003348770358211442	-0.006009488290147647	0.0037119703081039297	0.004737242234202345	-0.0029454072552202006	0.002028720875957409	-0.0005690304876186553	0.0016745054687185327	5.543083380836126e-05	0.004107192001673713	0.0007505336950132275	-0.0	0.0	0.0	0.0	0.0	0.0	0.0	0.0	0.0
ec1106	0.018848566515834757	-0.09578363248058745	0.00264370515934536	0.03589273687509809	0.0030725856609276334	0.0035000323295529493	0.057989163140605524	-0.0073970491847078915	-0.03201494566910319	-0.030603353486089585	-0.016051847673911577	-0.03751753034224558	-0.03335597232518838	0.009316219862680095	-0.0011339587865778467	-0.0017536209701460976	-0.0018600857730685931	-0.02799941164004797	-0.0005290469909209779	-0.012155417611841052	0.009218171316154164	0.0025524293540406307	-0.018830645582672806	-0.009053260400107456	-0.003641231111844768	0.0007667726515101804	0.015197283211139088	0.019457185307619626	0.010800421864776538	-0.007595339294244075	-0.013641824199849457	0.004796724904039698	0.004162704322012204	-0.009682913113094296	-0.009942489485305402	-0.010696187109663578	0.014526629344989245	0.0050241905683271245	0.0009561576690530625	0.00537496987531694	0.0009715191527053592	-0.005544957703069469	-0.003437835497437564	0.0020338202986441723	0.011736789313185704	0.011343840781320357	0.006524002222990378	0.005826289192464162	0.011916855291495233	-0.008091676217171108	0.0006138846223735357	0.0002756833546509345	-0.0026737007239750763	-0.0008780045035473198	0.006380493659524721	-0.005701754425288839	0.001443778624676531	-0.003415224554702777	0.000284009382803554	-0.0	0.0	0.0	0.0	0.0	0.0	0.0	0.0	0.0
ec1108	0.025843187544475846	-0.008333598608850355	-0.01081122604310615	-0.021223738232406194	-0.006065789803846034	0.02448310684788419	0.015628474716680132	-0.005803106398500744	0.009891553108244024	0.012343809470977319	0.007388321536347957	0.010420949992039217	-0.003615840625754745	-0.00414074868904762	-0.02228184728508787	0.006863915683603414	0.019305691799193735	0.00859530624450892	-0.017019724837880834	0.0013211188060431552	0.011381236532086312	-0.016217782823246752	-0.0018620476414871227	0.012029347361446755	0.007790218873728381	0.0008703187935403994	-0.020840530186756266	0.006749666264494977	0.018319119335545326	-0.005110324791875786	-0.020462429241730563	0.013942190620745932	-0.004259704951809498	-0.012295062167408837	0.0034456692401292574	0.011284146542938099	-0.0153458455707871	-0.0063884806444651256	-0.008316804637889093	0.005671749903496923	0.0237671750368897	-0.004288385255469758	0.006080694936490397	0.003031755242341089	-0.01036384863600276	-0.006008089111451683	-0.011731458543428736	0.01006032853697963	0.003271900891375269	-0.0028218288630246233	0.0059131616283077644	-0.0056682934081648435	-0.009388355405623825	-0.008150094203123761	0.0038373091503855826	-0.004223031454048072	0.003412075558555239	-4.4469174485783614e-05	5.8222872717867915e-05	-0.0	0.0	0.0	0.0	0.0	0.0	0.0	0.0	0.0
ec1109	0.04720403298344848	0.01634611695499741	-0.0024299523278520966	-0.04005135243216661	-0.015259554905631035	0.037755766840449484	0.014820569906719568	0.015135912301558575	0.019821121259232737	0.007832944399236567	-0.02521496957922199	-0.02237244358641889	-0.003748930358592771	-0.0020186713811403798	0.009270816569540334	0.0013983151635325402	0.012243275113531819	0.008586007638034649	0.005481627344672839	0.024655157960324497	0.000974244778982188	-0.010137336907244537	0.00846002134413396	0.009143071712937252	0.005494989872818578	-0.018632554452696168	0.002797684725905266	0.023996545783343474	-0.003224884833564937	0.00417046569798719	-0.027534540635663286	0.00025950585977159955	0.0064014977217006904	0.0013856914701481401	0.009234707525409967	-0.0026139414744632146	-0.008487569826609613	-0.004410215272199809	0.008994434306600197	-0.006004684723949923	0.003751988785182033	0.01424669612091588	-0.0044784242980293815	-0.01618522919568511	0.005367270779080011	0.006820655333019111	-0.003464328847589185	-0.008985947491511393	0.003954490586617924	0.008853460347484417	-0.0004142132181757551	0.010179780655617173	-0.0018437575161427665	0.0051773258483481365	0.005408517318848925	0.0037563394241551286	-0.003557873510586001	-0.00591038469862433	0.000460748474287996	-0.0	0.0	0.0	0.0	0.0	0.0	0.0	0.0	0.0
ec1110	0.028130534542584525	0.005638429168501536	0.01526363256087596	-0.004045930949943937	0.00967268801326526	-0.03355577284515436	0.01767526589858718	-0.028508159089544967	-0.014907437091520745	-0.006604008095123793	-0.0026868197297352956	0.02399949403508235	0.017824444322340538	-0.0011158621750637235	0.006294769431084113	-0.005348151928738175	0.0028284543814665157	0.02295474612934191	-0.0018536962437118074	0.03934727889813884	-0.0002832514953940367	-0.020118299882171748	-0.010908738240757738	0.004511927904234604	-0.006807837395040204	-0.016729469474304603	0.021361908763228535	-0.0019300618214705696	-0.0065020596162117935	0.018162250832444785	-0.014805525821325551	-0.012646665408144941	-0.013943651789865612	0.0030074604800165287	-0.021629986931353384	0.0026635914355275314	-0.0020148983568600894	0.01290403667679423	0.012689778133571403	0.0011893232855845356	-0.01068681498352641	0.01180880635048958	-0.00011798028680480292	-0.00416035448474614	-0.02243055094395173	-0.0009730948377008195	-0.004019951802804274	0.0013089005352564043	0.00342602764374502	-0.012423236408755289	0.0002650312551388745	-0.003334824981044714	0.0015555925632926692	-0.0028135061559698845	0.0023986256394593394	-0.0032214319559331567	0.0006530651656523019	0.0015884532020118754	8.30623491185957e-07	-0.0	0.0	0.0	0.0	0.0	0.0	0.0	0.0	0.0
ec1111	0.013160500954312305	0.04848826380664749	0.02705317305172252	0.05601051362861505	-0.03300251869568476	0.002915374180084354	0.015336531268249846	0.0007563910254321823	-0.0007384287428743757	0.025201546189013706	0.00048057089119624927	0.00023966427196334304	0.005426339652587959	0.008354788257246717	-0.0028935505084309496	0.01037922236625961	0.009993251174235078	-0.00785799516554706	0.03106181499771863	-0.00744441996263847	0.014003874830153808	-0.02121262079201116	-0.014071952793676021	0.0019604337918494117	0.011535987395865328	-0.001959256798876204	0.020381938119747672	-0.016073678179533552	0.030688688564890508	0.003150840150292385	0.006472563042776336	-0.001988107698283596	-0.01819487490451499	-0.017032831510614473	-0.009319735996217517	-0.013476281390849816	-0.016371019333910174	-0.0014474870909698364	-0.0018675833347871942	-0.0002943635296708762	0.00383734608367607	0.01943230592296092	0.0018711730268705185	0.011844587299005935	0.0037732567177536694	0.0034126985668241094	0.01230447802508527	0.005243796500522398	-0.00715432719022381	0.00542155452632628	-0.003231428717419254	0.002682455991005736	0.0025666874108143264	-0.003943373607631587	-0.0015503557627245	0.003021507989473442	-0.0010675469273444128	-0.0025500642887294465	-0.0007243105562530155	-0.0	0.0	0.0	0.0	0.0	0.0	0.0	0.0	0.0
ec1113	0.005566312600046869	-0.1696181103889586	-0.028138307785083475	0.02728303227443774	-0.049669508050213425	0.04419410479479034	-0.036690023156325406	-0.02537711881995885	-0.017676603312215065	-0.014817432523959981	0.011037240587095728	-0.007659964968691138	0.032817354373774706	0.017705767455978728	0.016169103869735895	0.01393239453124559	-0.0032262390539495867	-0.04089240070637284	0.02338632293987434	0.045351368504121	-0.008569375091708594	-0.003970789728151147	-0.012437739691778017	0.001253404656275803	0.02440925093290339	0.0036743896106333487	-0.004599713608246885	-0.006155677499530983	-0.015593228977446381	0.0010628922367060987	0.011617816583020354	-0.014893439053625274	0.002920898966377165	0.00015525628723286924	0.014359905291966592	-0.0011386796054739883	0.0025653895326752676	-0.006169561025697777	-0.002948033620974034	-0.00959582736037459	0.004631563421409378	-0.007248221070902412	0.003747271156231708	0.0014941552667585515	-0.00853794646040586	6.941145626100431e-05	0.0008944543555559736	0.00356745000871128	0.0009193440534444436	0.006206043346199957	-0.007304696446552595	-0.001879153486665857	-0.005413638786719153	0.0025323767715702585	0.004658462081706077	-0.0020136159801710063	0.001258372698335279	0.0004014677621590743	-2.591386037824654e-05	-0.0	0.0	0.0	0.0	0.0	0.0	0.0	0.0	0.0
ec1114	0.0011707052782931287	0.04099659146874776	-0.03575442781263689	-0.017276981687308908	-0.013188242127914243	-0.01527053474887182	0.014299040629157359	0.022678320092990863	-0.006718293955969156	-0.030521272948271724	-0.004580627995975677	-0.005496647782859232	0.0272581763615995	0.029607604213253272	-0.0356991465679717	-0.01724296424884377	-0.004234827471560624	0.011991138979425003	0.02066718693294106	-3.748179089269281e-05	-0.014312983351644116	0.008815240235788245	-0.004543544952845878	0.00023381098009527508	-0.017660510661764696	-0.014526804235594248	0.011559370481197859	0.0003728875315892186	0.022611236399165638	0.004802024821477297	-0.0037717117309749794	-0.00302510536678934	0.01097006325242279	0.005761835895158234	0.014201893868946323	0.009901515250937298	-0.010630639065399626	0.00013492043986895952	-0.0049710845047291445	0.00529655400620884	-0.0002206267354725014	-0.006207825649388723	0.006870935987794553	-0.013194598729580164	-0.0024807069611951175	0.0049549131857098035	0.004853088065238041	0.0032817460703569155	-0.0021059579183212228	0.005428254549881082	-3.136478888431194e-05	-0.00010198475405460159	0.0003861392737542141	0.011060265976338066	-0.002241458122934293	-0.00967830169071989	0.00038453658776219687	0.005240221747171792	-0.0004734408835224355	-0.0	0.0	0.0	0.0	0.0	0.0	0.0	0.0	0.0
ec1115	0.017503707750439298	0.12224950348838749	-0.03780754650600754	0.025980502365179972	-0.009261420523581233	0.04256261201602902	-0.014168028150389929	0.029757169706996163	-0.021664605356506616	0.010682505338576932	0.008557343717390142	-0.006041068110261316	0.024844371419525703	-0.0015721196884732555	-0.008270289320796716	-0.05599345724879651	0.006064115730380151	0.00736616216871386	0.008552304020409225	-0.008645705571519856	-0.0037772619670131983	0.01566080607947213	-0.0012737944325914197	-0.0009466683722151216	-0.013625544057907106	-0.017514853377242443	0.013008722314978367	-0.016271414759907312	-0.018912012319676492	0.007536274562044566	0.00018745242418290975	-4.9017754611469796e-05	0.013445198286623505	0.008496875073154171	-0.011022687631331383	-0.008156822969433224	0.0030357904047877914	-0.016174701495991796	0.001568686245021873	0.007001173907031285	0.009679039557641107	-0.001645384318794177	0.009579594745129219	0.0013630714766928677	0.0030252135431471563	-0.0014058292835032694	0.004735382762517895	0.0002450674986864195	0.00866028148087511	-0.0043589503572939465	-0.0047436311860249375	-0.0026782323708161196	-0.009128914564755189	-0.002767877612642155	-0.00018795695581748546	0.004280704304959563	-0.00030912540751203865	-0.0027525401814595153	6.3471785684069995e-06	-0.0	0.0	0.0	0.0	0.0	0.0	0.0	0.0	0.0
ec1116	-0.08873071531082372	0.03239617793563364	-0.11754970227728352	-0.035079752899926264	-0.02216004831465547	-0.04961913521649972	-0.017283374083774634	0.04052751287342866	-0.028890272100870997	-0.05975991144274963	-0.010648666705599627	-0.03291188668118828	-0.007916115561304568	-0.03117483273063128	0.014370462163233535	0.01705356697398761	0.03521676281555655	0.005403364527664082	0.0012047831768435846	0.005758339744726381	0.011601636306448285	-0.007438330072432857	-0.0155111073065046	0.004545486278473503	-0.021095293725329377	0.002393070428936656	-0.009342484430092871	-0.01842985300234296	0.0073654787421948585	-0.0021855460467566615	0.0021976324509612264	-0.00010959590881783709	0.0010086845596235326	0.0013015667055715368	0.008300234444523252	0.00651866501035887	0.0035194930910333678	-0.004395020638133108	-0.003589234065190019	-0.00496140008489809	0.0028519557119397834	-0.0018203417726177207	0.0044811897224930055	0.00672858845855508	0.0019868048218494895	0.003888866392995925	0.0006892679571551755	-0.0025125325639046283	0.0037806641374722462	-0.004680730845770994	0.0012674488273087493	-0.0025764542581597724	-0.00030805096440565487	-0.002615092487850922	-0.0006487006700061598	0.0028897748540925162	0.0014046125367041808	-0.0009704242126973521	0.00040554961234740683	-0.0	0.0	0.0	0.0	0.0	0.0	0.0	0.0	0.0
ec1117	0.060772927919747075	0.012700522605809512	0.019219115438431616	-0.04263509457670936	-0.026529210303678195	0.02321990550803947	0.024067621714187963	0.021324988933842586	0.01851399563897626	-0.004923424600945748	0.009325142689718234	-0.0334035789306837	-0.010056762482628807	-0.0002973176685816892	0.022821882510057585	-0.0017343413265032274	0.003119422351014619	-0.0034550117366617837	0.019026194887334928	-0.0037190237196729407	0.004745556550764323	-0.0030809093206019176	-0.008738526546727205	-0.012296098438612022	-0.00366116536875774	-0.027148714676890617	-0.016751918904576082	0.0026486306360196522	-0.007955102188006272	-0.005032797631492851	0.004945596531174786	-0.006130952135225921	-0.002788729852944922	-0.01248507620901144	-0.02065344668359523	0.0004994724260732192	0.010956956592278163	-0.0006308592794155724	0.005043763906551425	-0.004639677790843963	0.012945160423194936	-0.0032896924542132307	-0.010570726304704266	-0.016782582949194328	0.001506531500583413	-0.0006501576366686587	-0.004804396927927308	-0.0017282723263454141	0.00017301537354732303	0.003691896373254432	-0.002396579216818126	-0.012748792394707779	0.0056759525821575155	-0.003600487918488226	-0.004949703632572874	0.004343339860943789	0.0022026069696486866	0.006236884246114312	-0.00020378198109771394	-0.0	0.0	0.0	0.0	0.0	0.0	0.0	0.0	0.0
ec1118	0.013909108514253088	0.03312140390659286	0.020984914280885114	-0.0044569428463523825	-0.03464747526988	-0.07198496001870798	-0.03221732592959732	-0.07492014993193528	0.01202833624696554	-0.015753180672328893	-0.01645676612927213	-0.02012068251111018	-0.015752003354376327	0.014342688872151158	0.01151550628350467	-0.01908886321900416	0.019593125366108997	-0.0001236759479621844	-0.02650830540748266	-0.015609435436505763	0.018775685254760154	0.007258823511502806	-0.010614566652537958	0.028544477033301197	0.006622665211615375	-0.006995729435881545	0.014883001298074208	0.008843640353030232	0.016679370393001432	0.003223222604760948	0.013848713098843939	-0.0031495146583497232	0.011857773265406367	0.0019346021381645801	0.007287333364509516	-0.008458072195860636	0.0088994774147829	0.0036266698507510823	-0.011124872291755553	-0.01262432882869127	0.0014186369797899603	0.004941390879609017	0.004692542400911107	-0.00551096824361797	-0.0049182211386581565	-0.016951293755357377	-0.0026119797844336707	-0.004706513646968446	0.0036395224419235946	0.006353588705816171	-0.0056927481768173785	0.002009445382042973	0.0018745431258517492	-0.0014112691954505383	-0.001064525119461889	0.0013519992396341803	0.0027744701981987003	0.00040559824930828237	0.0006938531907767356	-0.0	0.0	0.0	0.0	0.0	0.0	0.0	0.0	0.0
ec1119	-0.1270375780190633	0.08363435146352441	0.029456782377803033	0.008842195051052344	0.028006278011793593	0.03952707372303688	-0.02356736882879388	-0.052141501135191025	-0.051308123115227915	0.01481185472787963	-0.023846863697006216	-0.011982111869860108	0.0024340575183212274	0.024693591796996525	-0.010626622183955001	0.010984266421057353	-0.0164030462197141	0.020910932717212075	0.007320873203298023	-0.03546970458837593	-0.023170046573524415	-0.013561536999175106	-0.022229765048410278	-0.013397289189051836	0.006115450089917515	-0.004548567546988734	0.0026483904574127735	0.004546772588171526	-0.0018015938180437918	-0.002805130699503638	-3.6216508165982086e-05	-0.010323352295480112	-0.0010033299112247387	-0.0020877450042798107	-8.123479396280884e-05	-0.0029253154052262995	-0.001752338179367103	-0.0006891588016599434	0.005495084396218978	-0.005430353920550905	-0.0012919846803993034	-0.0002912447998438709	0.006206644690878202	-0.0026075148762702157	-0.0008046232563199113	-0.003554167751903346	-0.009744293140280446	0.0061561543506791945	0.0031536071463094074	0.0010240957569147484	0.000804713030738928	7.702973131376199e-05	-0.0012350898428184769	0.0036212102229462887	0.0014374440390199708	-0.00137845414615705	-0.00027685716499728833	0.0007006805191758311	0.0010418358513451386	-0.0	0.0	0.0	0.0	0.0	0.0	0.0	0.0	0.0
ec1121	0.022610246300312307	-0.010458008783486853	-0.01867323242002826	-0.03850620347009692	-0.004543045555662915	-0.007922960559994805	0.005442839349597491	-0.03023103921122467	0.030169140187733163	0.001222426727758241	0.021134308870934867	0.0027855364330702814	-0.018734425911656683	-0.011721018432665873	-0.022475387409888983	-0.019947817733947142	-0.01672304967228386	-0.006749355137871925	0.016376830607082223	0.0030602988667016626	-0.006652339538586955	0.004210332747887659	-0.017309698721648416	-0.01885878401241806	-0.011919099848120524	0.025346949585939332	0.008034385676400113	0.006372961510509569	0.002212554305225009	0.00017702719647156334	0.014153606466348096	0.01270447756056493	0.013460654338014636	-0.0021633907058919103	0.016641805839750393	-0.00020073590648915052	0.014129947371969665	0.011077564958877278	0.014796602356306629	0.02377374567777186	0.006904761375122041	0.011519085537567827	-0.004387208641926005	-0.004163225740701564	-0.01400459623920831	0.011118079773958095	-0.0048730618698777884	0.0004018449652617456	-0.0027700372102754797	0.00747514916861251	0.000614496708645792	0.005055393407268995	-0.0013040847185590125	-0.007468564686229585	-0.0030683385516581856	0.0006293663060063159	0.003181843822371131	-0.0002892062170699225	-0.00028399236271658864	-0.0	0.0	0.0	0.0	0.0	0.0	0.0	0.0	0.0
ec1122	0.036665930995448195	0.09916662470157855	-0.03214507182625412	0.0024745344553757237	0.0010946515341801416	0.015067184409957452	-0.005512145250167496	-0.023912562609973712	0.009378249161460725	-0.014204743537231116	0.0026175113294261863	0.002256566240368741	0.004205022710366742	0.02870266373586114	-0.0025248757680255574	0.04522049419316809	0.027048677005235246	-0.023306682431294024	-0.00307188926200196	-0.0016602742823865332	0.0157330295431116	0.023721815706143498	-0.014148325047453423	0.0019346032446799666	-0.011338447939905396	0.025370516181612617	-0.008892048766032556	0.005507419769137088	-0.02160130881250753	-0.01536354162322483	-0.013938604432051065	-0.002923185500559659	0.002257682493815261	-0.0020854518511281483	-0.010240732356769757	0.009888165171730301	-0.0012910430887351446	0.0038640324123816205	0.0015399817774024718	0.009169546363778982	0.0006075365417989606	0.016192114334899112	0.0041425083193328905	-0.00410550658264109	0.008537807331083464	-0.013011835181737048	-0.00294891284425895	0.0009627530456048249	0.0005756956929678812	0.000147354311077686	-0.0010600121929914908	-0.0007657613859323079	0.0017306626257754217	0.004816175586119707	-0.002127278472149224	-0.0030690078525144318	-0.0024521292179507993	0.000557265370441857	-0.0014339738495470142	-0.0	0.0	0.0	0.0	0.0	0.0	0.0	0.0	0.0
ec1123	0.02782550495941859	0.012677463515462842	0.06568783906733809	0.06657996110841156	0.023077902939871147	0.0004951171166310318	-0.0023121470223031724	-0.01828976590701145	0.008331497343781446	-0.02031732773908586	0.02573563201606527	-0.01468190344696253	0.007308633815226039	-0.003856578176212035	0.011979400302847474	0.01138258352493237	0.0005320117236469824	-0.0027957935422354818	0.005785476101557451	-0.009092535229894933	-0.011945010983949513	-0.006268979434253009	0.010249434336340369	0.007920059623634705	-0.008608329701407898	-0.01262674218743358	0.00693076290521081	-0.010394812784799328	0.007687048730670669	-0.000673363231970074	-0.0037309373348083305	-0.004220503321416558	-0.012431715649733725	0.00024368544256984473	0.019888465421394774	0.0018887144964322311	0.018705846207740746	-0.0051285293751344675	0.006758709249511754	0.003968964768310846	0.008773726392496852	-0.01456986108791376	-0.00939700796833322	-0.0041789749335120075	-0.0029363783239509376	-0.00370436467240932	-0.004965839678865442	-0.006506447805896436	-0.00036053291223299384	-0.01704682019721213	-0.006758994167312313	0.004034889076736286	0.009124431704138751	4.0265503142883715e-05	-0.002888305427374004	-0.0034832297416185964	-0.0009061548657048188	-0.0047875463830734065	-0.0013510031220419728	-0.0	0.0	0.0	0.0	0.0	0.0	0.0	0.0	0.0
ec1124	-0.19072625579615	-0.04483978085149352	0.004949660489965976	-0.02925324605420695	-0.057873282937563074	0.01878526264882319	-0.048862249840801154	0.0330757987732469	0.0171648559200446	-0.026992546025662627	-0.04065332957464589	0.002961653193841334	0.013137954172429144	-0.0010242759929322957	0.012542555725824458	-0.01080820343938116	-0.01777048474715866	0.011843247609586768	0.008320095082266015	-0.0078239016646485	-0.021780393203865444	-0.010495313528818558	-0.02200615383173348	0.001290277535128403	-0.003612168943116316	-0.00530958287633005	0.0025065186204521104	0.0019543663309637502	0.003516113080884631	-0.016085190842931356	0.009970831014290808	0.006942906503243482	-0.014371291859885938	0.005490286015275301	0.006603955346989685	0.0015861344993228807	-0.006661444022588146	0.0018038319104070719	0.0021643474524493576	0.006935361040195406	0.0026044312745108224	0.006738487129899827	-0.0064338619744858825	0.0018366217931327276	0.005223683103212544	-0.003967716143215264	-0.0016737682162315084	0.002230690070866477	-0.00463769642816092	-0.004393113851270834	0.000763526160362297	0.0018001585357528974	-5.870887677848158e-05	-0.0052558394187737145	-0.0012562513654146398	0.00036898888797746884	-0.0010256113738031656	-7.90723569958302e-05	0.00021091924663318494	-0.0	0.0	0.0	0.0	0.0	0.0	0.0	0.0	0.0
ec1125	0.05860883628104417	0.05578213823002758	-0.0009560659565787395	-0.02094406922810892	0.0037898903475906786	0.06106569908546805	-0.00812175451872051	-0.015003634086928005	0.028046799820850312	0.02564681581669867	-0.008148183126824806	-0.03535026005842484	-0.027192167614990277	0.027329939062504183	0.01803966827828305	-0.018044692782195434	-0.009012737911663274	-0.005239824206463117	0.0023186945445025165	0.01696170793369433	-0.0046598181423125945	0.005142612627795252	0.0157519173051803	-0.021859225316996793	0.006502293239848763	0.006395220567439677	0.0003827487254055226	-0.022772622931404793	0.018625325329217346	-0.0026762465723161972	-0.01677164558472425	0.0021816211367663616	-0.005150519845185388	-0.015983908533261478	0.012498674881108507	0.0008502883772830033	-0.002128988481735527	0.01146720904319936	-0.011569665338493615	0.0024910994314291932	-0.005183935200857473	-0.007793802475981541	0.003739114168532195	0.011160045307523672	-0.007709093156573643	-0.0022182134713542	0.000186133285018343	-0.011140047538918717	0.0092934063785005	-0.0030870878321811682	0.003615222327812685	0.00036274379725155	0.0039997132021109705	0.0013120343800419533	-0.003361700130179833	0.003421388499498593	-0.0019446482286270658	0.0039595375998688976	0.001386686963754844	-0.0	0.0	0.0	0.0	0.0	0.0	0.0	0.0	0.0
ec1126	0.01612526107930976	0.028633323230129903	0.03311334336956846	0.049989996825082865	0.017275852479075565	-0.013851919466409537	-0.03557841997391147	-0.025595687195636666	0.006021041081081129	0.008752101825697016	-0.0016535524527182752	0.013991746438642491	0.0018745821018828883	-0.012803117350885466	-0.007773077951519507	-0.00677440846544363	0.019076894350181343	0.002254632876593947	0.02320117144311312	0.02218435043573431	0.007490079253632134	-0.03913715225249999	0.028283167917164464	-0.013500477564099968	-0.022766820851189255	-0.017158604861468554	-0.024511078684700125	0.009757354130298448	0.00274786681117186	-0.01126960020048531	0.0017251188752190735	0.013260174706720444	-0.0032516735179474038	0.004300816037554778	0.0037148940920490726	0.0042291549376183065	0.0007283716438041386	0.0025691119432061107	0.0036424060304583185	-0.004376903506150592	-0.00433213660140331	-0.003102256815799577	-0.0024502243420356762	-0.0008323215625859781	0.01720458652020825	-0.005422749933488054	0.005515967754441359	0.0014801332901026112	0.002510448486977125	0.00561911995613228	-0.004319789493394051	0.010491895412225413	-0.0015005889288547882	-0.0034532756240646676	-0.00257810174290426	-0.005645067722417031	0.003666608360375131	0.002426254500995403	0.0004142765673807718	-0.0	0.0	0.0	0.0	0.0	0.0	0.0	0.0	0.0
ec1127	-0.2495929111748734	0.07902440289231645	0.04023078841858928	-0.01181858294676281	0.014717949358847748	0.04423679499576237	0.021317650856061722	-0.018867683505037793	-0.015947950330389638	0.0028833991684519052	0.0047630881661305325	0.01988060028024085	-0.011268385358745622	0.005949605218809601	-0.01661908665846637	-0.008060374190500885	0.0019595608789003374	-0.027473576865389846	-0.005848027747008629	0.02125143330452343	0.02210780586765787	0.03046897392014274	0.011152937834116878	0.004306532314469323	-0.012009568949666524	0.003471002220428178	0.008590565198118443	-0.012503196542720703	0.00628917637746427	0.0034473166897390655	0.002294233762118828	0.008211586274352955	-0.003410947355166771	-0.0010875981653498403	5.823661223117826e-05	0.0018067886298930096	0.002522315779318778	-6.598085557546703e-05	-0.0016593776429431441	-0.004105954333463202	-0.0013869637989462804	-0.0025346690312219185	-0.001876789452644483	-0.0018273621783215697	0.0008949140030405491	0.0014267662697531839	-0.0009624645899791263	-0.002310234877142433	-0.0002757861651678759	0.003617121521208231	-0.00423632449935377	0.0019741910275427998	-0.00021511357456409098	0.0013588419972959981	0.0004593788512128463	-0.0003032756920062899	0.0006673028856072791	-0.0010992904575916485	-0.00046656538686653404	-0.0	0.0	0.0	0.0	0.0	0.0	0.0	0.0	0.0
ec1129	-0.03539299655852824	-0.126583427077749	-0.037398828642667616	0.0779662438588487	0.022978080775652356	0.008722715931550341	-0.03319434983697554	0.056640561819671996	0.008981596581174174	0.03503665229276729	0.07515122466828525	-0.013179638119843783	-0.00022891585429750196	0.03891531553464706	0.006513300857222357	-0.03611984834345943	0.020726846962641075	0.030692043476349167	5.9314649743057685e-05	-0.0038782542301584694	0.03869135825858863	0.006302857194079593	-0.013525744093323962	-0.010824069994938224	-0.006226998887237892	0.008355977458144172	0.0025024704084288386	0.004145659756883415	0.003442305223041297	-0.004496704346713835	-0.0003014921416867097	0.0020765273736353083	-0.004113783710892197	0.009619767161282025	0.001341906042909692	0.005437852129305237	0.0013639218695713966	0.0002898643692917789	-0.0011084666944325616	-0.007380819384440221	-0.005868378878463036	0.004202219990417324	0.00033201994838483125	-0.0031979082011430304	-0.0021444445321223094	-0.004127582868753518	-0.008748716898770954	0.003326078669420732	-0.0009105552207954045	0.0011833432550418048	0.0032445661671340487	0.0021464155967292156	0.00545204522394968	4.225094493463038e-05	0.0035935724550636454	4.7169727005992254e-05	-0.00032363682578123346	-0.0011748170934249718	8.497916531714446e-06	-0.0	0.0	0.0	0.0	0.0	0.0	0.0	0.0	0.0
ec1130	0.03255857939000918	-0.020619449957430935	-0.004649590120226215	-0.01811335537901538	-0.0039893458804144445	0.013431360567165561	0.044282827645263846	-0.03316361731276027	-0.015924683885213935	0.0007408808452467812	0.012515832502869364	-0.00848931856110542	-0.012890377862833504	-0.010676255964769572	-0.0321219046420175	0.017946978260943682	-0.018279805205033067	0.03934345086742843	0.024589566731189172	0.014533749600706644	0.017922800621233203	0.018115323273812076	0.01339496429377688	0.0033835596996364043	-0.002130098504653189	-0.0004862176132808661	-0.0005102263951511773	-0.0003286517434589813	-0.0004927851132328423	-0.025492401381574322	0.01845399959903639	-0.02084286290474716	-0.0006688646585095982	0.004514896493600908	-0.00443761503637611	-0.008011356912404344	-0.005319975411809799	-0.00010402041850905776	-0.008575115868547945	-0.0015295128041594502	0.005457976691718229	-0.00739992067640898	-0.004391156236580096	-0.008417213640027942	0.0005186230941279165	-0.005205114484255503	-0.0016270299249977617	0.0003500029938510216	-0.011062545685181141	0.0005755037249252392	0.003468769605179546	-0.0044790246243262945	-6.053189413212893e-05	-0.0029404357602581407	-0.004703096825270995	-0.001373076037434939	-0.0031584108554340747	-0.006534650313759683	0.0016108015540421692	-0.0	0.0	0.0	0.0	0.0	0.0	0.0	0.0	0.0
ec1131	-0.0023497888568889433	0.1372162787941597	-0.07378834939915656	0.04110728139963447	0.0005773661659156204	0.03815314251051623	0.006164631417813439	0.023528255803854755	-0.03325028159973877	-0.026555811219708736	0.01176308883837686	0.025779042418690345	0.047782183470557585	-0.018464786925871803	0.02587060120108628	0.019580483585825294	0.013346335326287853	0.016415292473198864	0.000321573128049437	-0.007951008258813914	-0.004755228284378734	-0.01174974061928064	0.006007015626910235	-0.011665760891049598	0.011311346571968268	0.02415536461231318	0.006799263089902404	0.02903346301488248	0.0028088057640000812	-0.0038662470244551464	0.0016567381202969153	0.0040606825215318484	0.003043816727048404	-0.007916957140418932	0.003015987873147802	-0.0027471273488155284	0.0021217722351944395	0.015663653813646122	-0.015851242446761272	-0.0019755686376810456	-0.008182190186170129	-0.01047753478070844	0.0003486085940996057	-0.006303108533541564	-0.008372004695309649	0.008049703013313477	0.0027793062934916954	-0.004315723457996092	0.0013899965813922747	0.0059943431929746814	-0.0022130104862510525	-0.0024048450756341965	0.008989857629540673	-0.0044736528632298165	0.0013951597834486803	0.0011956556236330856	0.0010866636926277786	-0.0014543724975841904	0.00014308445373545793	-0.0	0.0	0.0	0.0	0.0	0.0	0.0	0.0	0.0
ec1132	-0.012360369785470565	-0.050085900901621315	-0.04366800976289385	0.0468749913729406	0.020475033752949106	0.00278278857324541	-0.0010229617251653854	0.005406723028346432	0.041248206724173175	-0.010029949091601022	-0.015536566647494492	-0.0006179300935390174	-0.027305608824594634	-0.023933952218629918	-0.016079016374670074	-0.01815439148365767	0.030235068994584488	0.012141276176090876	-0.01525410434533421	0.014266757485240382	-0.01994805383073378	0.00038481807904711216	-0.000767779863094523	0.00685421407402102	0.025492264298621097	0.00029155727876172915	-0.00532583533104879	0.0038163529373206146	0.012379360289268691	0.017066621431192416	0.017457317782993753	-0.002516136006622197	0.010552199177742456	-0.01986383935003404	-0.019175768381454697	0.00023586547730625773	-0.006722608958075987	-0.009724208324843404	0.0009106046825037334	0.00843098072573406	-0.0002867250743859449	-0.011809060470499426	0.002116478192430359	-0.004870244439271592	-0.0027225215963471456	-0.0006966228307231404	0.006317341703399509	0.0030655834140064014	0.0006134273548182907	0.004349701720505125	-0.0013245486439408263	-0.00044981743610410946	0.005133234587210381	0.005915312860870672	-0.0048230666869461016	-0.002402772414865394	-0.003737835562268519	-0.0010569348537499297	-0.0012936004994215892	-0.0	0.0	0.0	0.0	0.0	0.0	0.0	0.0	0.0
ec1133	0.047292751973924116	-0.009517999155422174	-0.0008363970062809095	-0.04274889644088226	0.0021578945306763857	0.022702793867730615	-0.004973594680090655	-0.007321812351802175	0.009240904560255336	0.025162039192163494	0.005099358193802654	0.0019217640132556675	0.008660214278433805	-0.007826864641409142	0.007884205648423157	0.004057386578203212	-0.008386193617499146	-0.0030617510215954244	-0.014604176451603794	0.008597529065416092	0.0016397131956373968	-0.02370623990895084	-0.006020326684552895	-0.013464177538372323	0.016486607607378374	0.00963629150007284	0.030695670187259147	0.020604246959959133	0.012885706666331598	-0.01461164873241089	0.008722043099072789	0.01889395240920018	0.007967785034943418	0.01347433308854165	-0.0014481658691723367	0.01006434495289742	-0.0037652790160605607	0.0006743282207808928	0.015033540018840016	-0.0037550512104373166	-0.0002504910765844945	-0.011492794323250103	0.010713687435585659	-0.0009457060266559287	0.01100068080434676	-0.009827186075370375	-0.0009546260592579157	0.003715887730296673	-0.0028421787974892442	-0.011807512183674896	-0.0017157707345623334	-0.005737099423358932	-0.003771213611496739	0.008672737636587893	-0.00635939005507878	0.006748785948165365	0.0023395353851474623	-0.001150569213164572	-0.0007886416756437091	-0.0	0.0	0.0	0.0	0.0	0.0	0.0	0.0	0.0
ec1134	0.043468357374732716	-0.008045010814988091	0.06751849177311771	0.09361757820356581	-0.007462246876891469	0.0011302803860986019	-0.013057917134182391	-0.018283356505624876	0.011253077691987254	-0.017310747356474084	-0.029204413862576297	0.010246007000246166	0.016564539139370178	-0.010254522822382704	0.009391594360323403	-0.012131328905155041	-0.004965243434626578	-0.018045580747083116	0.0012905265996978838	-0.003335183496266283	0.013315315386670096	-0.015182342355277316	0.009243140648710273	-0.008039743507764815	-0.025607729725733813	-0.001333905179720209	0.008126695388246289	-0.013830101293568079	-0.01743672496685198	-0.00841221080885035	0.013500291814368539	-0.0009713388117005722	0.011201626365390096	-0.014781939758451278	-0.013184857374326791	0.0021028758361323176	-0.0010793869713275706	0.014753520249074482	-0.003399061268864704	0.0032160002439965605	0.006647117454947425	-0.007856432598669322	0.011442318923615323	0.0010208056011342225	0.0006856888503722815	-0.0018034697813940096	-0.006793778251561198	-0.0022689898360693603	-0.002871083771676923	0.004244353897162843	0.014265844665279033	-9.960558995531114e-05	-0.004000509941889688	0.00043874674518507673	0.004323122258039275	0.00044817616831069936	-0.0035530735052366367	0.0006951228922038499	-0.0005640771600084324	-0.0	0.0	0.0	0.0	0.0	0.0	0.0	0.0	0.0
ec1137	0.009057438673319389	-0.05770430641753527	0.00457825935163682	0.02530369931968778	0.026707686653832337	-0.012598093107977737	0.02004085099580701	-0.0034743403457186983	-6.409695884769775e-05	-0.056188805486835414	-0.00019148434860396488	0.0069187939557775885	-0.005706671163381333	0.01659327299905499	0.021552500680704825	-0.00791275130704599	-0.016618214413560487	-0.009932823120392705	9.094391629421399e-05	0.0015725109465466289	-0.01987003298700428	0.0036428978198970933	0.022149842840323435	-0.014333779077190401	-0.008273435499650606	-0.00015627946130618777	0.010430365984227108	0.013010099429981159	0.01729265592782137	0.016566872926414476	-0.001588035594781812	-0.014798545792812538	-0.002018946566846537	0.005828721427717785	-0.00027051975568754297	0.014927272500212906	-0.008969205982243414	-0.010586126856942943	-0.01837987803915028	0.008601642072371355	-0.0070982735015073075	0.009088925791819831	-0.003264784855990601	-0.0033004075646397737	0.008856862712024221	-0.006860909696126455	-0.008225631702747026	-0.010537148865138835	-0.007378395001075661	0.0023213662284189236	0.0077815964876629135	-0.003863042327510954	-0.007524583529007126	-0.003981092709336653	0.002366842857747441	0.0066886565337856895	0.003305940452666284	-0.0015066872672193548	-0.0008232083361452362	-0.0	0.0	0.0	0.0	0.0	0.0	0.0	0.0	0.0
ec1138	0.04404043633475516	-0.002959806003935896	0.046147431405333075	0.0718162411128227	-0.007310260005105013	0.012860785077214599	0.01357047884541471	-0.03297500189738504	0.0029868657951181406	-0.01677886994216068	-0.0040200309567909685	-0.024836100932388944	0.0168107103142869	-0.010626725962921989	0.02353946015742092	-0.018049360027342583	-0.014541087450179508	0.0013338022872852312	-0.009881293359374259	-0.00777721394045894	-0.0006963994778018437	0.018071277871172294	0.004350679045108673	0.02471243541792523	0.0038787040868967534	0.018909241103864095	-0.005619207748368973	-0.0035867061592246684	-0.004096908641472479	0.003566543411329565	-0.01658218854679405	0.001791502571987034	-0.019531165168946152	0.018303604054084727	0.0012443021951529085	0.013117234721831636	-0.013651820210390877	-0.00397556127174829	0.007299497702967889	0.006513016926741831	-0.007973720111416517	-0.0019320067047897966	-0.007002996171332162	-0.0008166154303991437	0.005598036576214394	0.007344032896838872	0.0014685152599781873	0.014422766341916419	0.007649168777231261	0.011034710936955001	-0.00485648293835375	-0.006575708413141356	0.00015973155259301603	-0.0047237010598250445	-0.009994815756241284	0.00039365226004858773	0.0013640939142870992	0.0006348289871877024	0.00032611698117645377	-0.0	0.0	0.0	0.0	0.0	0.0	0.0	0.0	0.0
ec1140	-0.2103275357101776	-0.06428363939082074	0.11080290796245817	-0.026520549802929817	0.022172395584389833	0.029654189942894392	0.018707865453031384	0.0073922320472743904	-0.016568693913329244	-0.015970446145090352	0.013773327324183189	0.012186115574460133	0.004029615072585013	-0.02287672991757037	-0.016639315173210663	0.005450447167474619	0.009753979357441798	0.006024517035786828	-0.01420218639440605	0.007351012590761737	-0.004406951651306034	0.008372267888089502	0.0017324956663530755	0.01020381198522817	0.0007002012552095405	-0.004630570949190302	-0.003341595780470852	-0.006746800592481731	0.00027040433765819624	0.0028883624317346383	-0.006378000948434089	0.010549400008823184	-0.0034011300778299435	-0.0074048405374082076	0.004552180947921573	-0.0011227789219665784	-0.0002953300358993915	6.142272686463727e-05	-0.005692321204136645	-0.00038985376369098	-0.005163879307134199	-0.0057173802330105486	-0.00040293428601177007	-0.001891324060792374	-0.0017516155987738946	-0.0047702230606320156	0.0016757289299806548	8.093516812215492e-05	0.0003719457992945146	-0.0009557101392716816	0.0028611772396870965	-0.0013219909371702556	0.0007446647905307639	0.0015724021208354986	0.0014855523498550466	0.0017186512304790827	0.0009076874851168934	0.00014906059545832518	3.26949339482403e-05	-0.0	0.0	0.0	0.0	0.0	0.0	0.0	0.0	0.0
ec1141	0.021255825808147024	0.027353956985369687	-0.048628595216576115	-0.03759186654458377	0.03339932189094316	0.03513656383633833	0.01050863485001366	-0.01838631969724989	-0.025308645178710017	0.017148624117638334	0.005340780190251818	0.015958413287427066	-0.0037813690027635356	0.008622544007793604	0.0014902927889693907	-0.003940308774160381	-0.015664855854115887	-0.010424039641904097	-0.022349544531194865	0.0094534838049291	-0.00041748112103774426	-0.011092725829657736	-0.0036554622008582076	0.001635215387052308	-0.011013446979707164	-0.0016801621379013952	-0.018077176285511445	-0.007658198240926375	0.008664769442930357	0.001352589207504631	0.01178636111526564	0.00380880051125068	0.001703175172587334	-0.009268337228845236	-0.006856289478020483	-0.0019039140449496677	0.005655039926442414	-0.020266131771154855	0.01417794534279852	0.004087263750694484	-0.01675273813054328	0.0018061556464486481	0.0072069349503145076	-0.0022473410910318903	0.0014802902821041356	-0.004346126472725709	0.0026771128408888366	-0.009165969278889961	-0.005126438067670681	0.00586647222414678	-0.010476887524814455	-0.005110675010603496	0.002602359941598857	-0.007348215281572152	0.0064916659054866715	-0.0012245673525593732	0.004214644493441648	-0.001807307214897344	-2.8851172196687836e-05	-0.0	0.0	0.0	0.0	0.0	0.0	0.0	0.0	0.0
ec1142	0.06905539217338359	-0.00746811307641678	0.0720515637890337	-0.005594933568263573	0.020480751384632012	-0.02061221308932745	-0.02338054856613081	0.028280611167786407	-0.020941077159281587	-0.0023566902601221285	-0.02246597979618214	0.002132206863694001	0.00018011005627758153	-0.008016397829383244	-0.010526585920956951	0.0056137849991861055	0.005178785893338757	-0.001499581707534118	-0.012530958001132535	0.018376433900042087	0.005681925358897162	0.0010521504259746956	0.006058445369681482	-0.009301606325117813	0.008569598656887617	-0.005730475519932818	0.0020024922590763713	0.009116882810360334	-0.004622152436333723	-0.016698677155262187	0.012195247619781377	-0.008143227492291965	-0.0003549852043516765	0.0005185677610885695	-0.004844603666319408	-8.623617874885485e-05	0.011415922704893921	-0.021281256476707627	-0.015006606787832812	0.02588438875065626	-0.011276309490589602	0.0068178919909297935	0.004947595617972073	0.0032104500781056926	-0.001765145246254764	0.0037242649767742363	-0.007483625859760674	0.01568920167492469	0.007855845111447688	-0.0005939116966019435	-0.0003503725856008452	0.006424203867098544	0.008055584346260643	0.0036938639246459587	0.0004376553610859856	0.004049347105823564	0.0009502772497885932	0.0017189428313813058	0.0015144900273692762	-0.0	0.0	0.0	0.0	0.0	0.0	0.0	0.0	0.0
ec1145	0.02546732553452416	0.016371938685246907	-0.017966680733351226	-0.005427467397824709	-0.005741638916864009	-0.025031986611468816	0.034555969549709	-0.010430916301417662	-0.016297409581096663	-0.005462982227709789	-0.020283911496293095	0.06352764282264364	-0.04699554560029931	0.012916467954189978	0.04481439429456637	-0.015981876270600246	-0.027070694139747744	0.03817436954325111	0.026580672513405457	0.0029368423735354945	0.0030055918566616272	0.015938795103992195	0.004526844274093262	-0.004723067457251753	0.008081378200268068	-0.0014435270425787571	-0.008103355547474843	-5.959191865535124e-05	-0.0037065773975028466	-0.017105364792126196	-0.0006020588204842482	0.0023234556626591093	0.011218888657471114	-0.00396431658712332	0.008687927367097073	0.006614514168403896	0.003835958411562889	-0.009174052055096053	-0.0005208162794079207	-0.016897845437651004	0.0008522254086442257	0.001785474656669436	-0.0018064065293070585	0.0077921696440128975	-0.00284341287011893	-0.0013640296314865305	0.008324655266568799	0.009359901466041591	0.009711753303078594	-0.00048597171239921565	0.002249767291662486	4.92282331669924e-05	0.0007759834490714547	0.0009986468246369808	0.0020923852347611055	-0.0006350563690206968	0.0009416760286238218	0.00022767698940039989	-0.001753795525369666	-0.0	0.0	0.0	0.0	0.0	0.0	0.0	0.0	0.0
ec1149	0.03742104415217171	0.038356137910840485	-0.031801075558091654	-0.034546353564331715	0.03310109014773681	0.028423977947091415	-0.01499645877745441	0.00838631150403255	-0.0020625649280843436	-0.0003232096789390068	-0.03501307550511879	0.008342386523862199	-0.019475931110190668	0.003118215729696947	0.033501643539619756	-0.004187918570831352	0.011891854706755196	-0.012129112864517422	-0.041593338881014165	-0.01797331806228712	0.02791830870325184	-0.008717475117534863	0.007707777858798764	-0.01841371042779503	0.0009654665716740172	-0.013290363417078045	0.011462712916087048	-0.002856594138878203	-0.014581758423114655	0.007753271792643562	0.01591824375718733	-0.000965493424830152	-0.02431914731918208	0.010206173325274093	0.012379347455933404	-0.002063918035904983	-0.00021126603098024066	-0.007487642946466061	0.004160580140015378	-0.0010117187790020235	0.010466928919206541	-0.001751929392161053	-0.007567010374772144	0.0005429245252846239	-0.010803110186145999	0.008364913043640409	0.0015492624795894578	0.0029220543516493046	-0.007968540977437865	0.008385299976064095	0.00786670546888346	-0.0012240029458860564	-0.0017894346716869375	0.005476817922298644	-0.002244502871142495	-0.007351068903917015	0.00016729619441005277	-0.0025528743982136753	-3.0578036376605054e-05	-0.0	0.0	0.0	0.0	0.0	0.0	0.0	0.0	0.0
ec1150	0.08598310282939005	0.020941850813206327	0.11702900735643254	0.0028006454094023792	0.019976339056079685	-0.04052948839389298	-0.09822401451524053	0.0706384522089892	-0.04758614750358524	0.03921332112332805	-0.033416589537925284	-0.007925649383856006	-0.022687757971460113	-0.01425853039107208	-0.020028093346802476	0.002421791003782494	-0.02237576636252461	-0.01325150856237337	-0.0031203482353482775	0.014970067034473542	0.0014857310624856238	0.017925226015018985	-0.005985837377653902	-0.0004865292740944193	-0.009808047410741868	0.01800797154080827	0.0033891590980707873	0.014416176922949216	0.00904806066533548	-0.001542606928826883	-0.011337405775661757	-0.00985093177881086	0.0011823817151483081	-0.0031031910956215527	-0.0008729498547120227	0.003842572055753402	-0.005719575723113202	0.005004891902526006	0.00101047895804907	-0.011218107088790678	0.006010174706436134	-0.006156372856435636	-0.002938924340525316	-0.004976419316543796	-0.00656640455935521	0.0005671530623234679	0.005915026640340001	-0.005301310842973532	-0.0013082054163969575	0.0026249674737184926	-0.00405666443318178	-0.005920746015437961	-0.001492288816890974	-0.005019223897393133	9.332963779193947e-05	-0.0008989167052453819	-0.0001842390755286992	-0.001180242631796247	-0.0007986658589513113	-0.0	0.0	0.0	0.0	0.0	0.0	0.0	0.0	0.0

Biplot	0	0

Site constraints	0	0
