Eigvals	68
4.071675670342258	3.6511509522046284	2.336524342519134	2.235430290824737	1.3038563803779961	0.9763417371917246	0.8556070431265684	0.7201971654182167	0.6328630256482484	0.5734840363813213	0.566736538941897	0.5359353758081753	0.5184473186820229	0.5119391217130759	0.49876772109775047	0.4924840996055183	0.48535827908882234	0.4635204626671734	0.44750280778014795	0.36959402386889273	0.3454436893486261	0.3192695270635587	0.26921800540807495	0.26145693421619454	0.2379597905042574	0.22022909328603144	0.20419213499212754	0.18031645856147546	0.15935543381336667	0.15128509398390946	0.12701574488069203	0.1234678239629736	0.113999394780498	0.10439655553886171	0.0947715025031575	0.08222956309894364	0.06722224830134732	0.06524890767619237	0.047152190327877874	0.041293683512609924	0.03434390740283083	0.031137796006148633	0.028360876228944315	0.018524131274777866	0.015669642014487534	0.011887197828714308	0.008567735351048517	0.004240310650502982	0.0008699360084659657	0.0	0.0	0.0	0.0	0.0	0.0	0.0	0.0	0.0	0.0	0.0	0.0	0.0	0.0	0.0	0.0	0.0	0.0	0.0

Proportion explained	68
0.15894712556198673	0.14253098621606422	0.09121154485711024	0.0872651084930153	0.05089900094850096	0.03811372153808522	0.033400568003523534	0.028114535279646618	0.02470524839047295	0.02238725441774556	0.022123850500153273	0.020921457004096804	0.020238770897216367	0.019984708618056884	0.019470533021341104	0.01922523755697376	0.018947064937123552	0.018094576077548035	0.017469290468214965	0.014427943793939444	0.013485180527867683	0.01246341253944273	0.010509537491120439	0.010206566415546623	0.00928930193912152	0.008597143824079407	0.007971104662330745	0.0070390632998169125	0.006220801998502237	0.005905757917868769	0.0049583486467141905	0.00481984747981128	0.004450225799699607	0.004075357117056317	0.00369962126841043	0.003210018122513292	0.002624173437766755	0.0025471395958014628	0.0018406930520421113	0.0016119929065086937	0.0013406925807005975	0.001215534726295331	0.0011071313434527685	0.0007231316190297999	0.0006117001348928102	0.00046404381852496767	0.0003344610467244089	0.0001655301757692977	3.3959931773473094e-05	0.0	0.0	0.0	0.0	0.0	0.0	0.0	0.0	0.0	0.0	0.0	0.0	0.0	0.0	0.0	0.0	0.0	0.0	0.0

Species	0	0

Site	68	68
ec1441	0.13814034363807493	-0.20167565746896057	-0.1700858031402813	0.2052584391499799	0.19553604739895475	-0.05289038393378163	0.08736881288661486	0.25853984413286796	0.11091586591360823	0.09838019917334899	-0.18641593948215796	0.12658047937432465	0.2844386105683753	-0.20593408503100147	-0.014779808277070833	0.035113361940428564	0.2680350787346302	-0.1907262855986028	0.12489014624646647	0.12681023799963037	0.005470766575435153	-0.09591931695505859	-0.02818492731488225	0.07110169386436074	-0.07652776175736274	0.03175318971273517	-0.02701534281058424	0.007935085958742014	-0.048741112583034235	-0.007518130860946476	-0.008639975852078381	-0.006806898618444619	0.0006858786118855831	-0.02797844904709195	-0.0038418310950306045	0.008831019635092495	-0.01305262490413189	-0.006161240991753426	-0.008379507683063779	0.01062272834821555	-0.0028142201375318115	-0.006483880716685505	0.0032737747632737182	-0.001690644232727159	0.003671996811634174	-0.00042162886589684675	0.004054994809669327	0.0016983564638083201	0.000847534486391144	0.0	0.0	0.0	0.0	0.0	0.0	0.0	0.0	0.0	0.0	0.0	0.0	0.0	0.0	0.0	0.0	0.0	0.0	0.0
ec1442	0.21072053716048983	-0.6037566179933145	0.016882878126307257	-0.30697832126001634	-0.005418455632915656	-0.05517131450743601	-0.011889379238890526	0.002893414235323275	-0.0421547948757383	-0.03768380241377295	-0.03020660524333647	0.028302640766488092	0.00034580207805042987	-0.027163152553343627	-0.007132133166340463	-0.0013281965837935094	0.0028420325835317338	0.07584000752830536	-0.010985066349339427	-0.0268317465196017	0.00655917361988145	-0.029913218735887245	0.0054624612761089595	-0.011350828796522472	0.012660331936504773	-0.00750587468134378	0.018490990745947195	-0.018951934625202636	0.008225952653222098	-0.003916617118079534	-0.05882412096783027	-0.04365105969261846	-0.0011090196106999409	0.06912806396199696	-0.03139540674050336	0.025874092666552582	0.01752076507951213	0.03674385205446863	-0.0030264598532114984	0.010817335344896706	-0.016819539398529464	0.02755613153761206	-0.008083166771433841	0.017273777885857152	0.016277820363784907	0.009106659520263198	0.06011757991081092	0.00012888726453542872	-0.008124916687274882	0.0	0.0	0.0	0.0	0.0	0.0	0.0	0.0	0.0	0.0	0.0	0.0	0.0	0.0	0.0	0.0	0.0	0.0	0.0
ec1444	-0.34999535642069474	-0.009027338135020765	0.12922536140800542	0.0632973286071127	-0.08039267221121896	0.10373970166488157	0.0280641557872149	-0.013307411267028245	0.023674480222584508	0.0570504423728188	0.051663773156636235	0.056493525961108855	-0.04329217965439853	-0.022570260351083435	-0.020351425708645832	0.057216581652203835	0.021828326918382573	-0.10913313646129384	-0.02347918814492481	0.04727111989366862	0.02125780644345219	0.12112589181032837	-0.13156746085821583	0.01764183230304743	0.004350890294211339	-0.17310074383651322	0.023729268160666957	-0.03171228468512421	-0.04272890168055498	0.015284989144433422	-0.07503907135273342	-0.0696382000117696	-0.01167185018743353	0.032114975276757246	0.02035491169586369	0.020200715305444532	-0.031111968348154467	0.031061363702219652	0.05082978190270937	0.030675602031239313	0.04886564211705414	-0.0068275117040100955	-0.025459295767959078	-0.03735194112360407	0.0016908940120512026	-0.006442715413477765	0.004908220024207965	-0.008831738770147635	0.0021595384677623114	0.0	0.0	0.0	0.0	0.0	0.0	0.0	0.0	0.0	0.0	0.0	0.0	0.0	0.0	0.0	0.0	0.0	0.0	0.0
ec1445	0.08705289448476394	-0.5499372315562286	0.062096945652368174	-0.331090371766453	-0.03380085337344066	-0.03013428375353996	-0.0019415867958075682	-0.044345837548664974	-0.0175493889836485	-0.048305531949474165	-0.01145114368345309	0.006585232786998188	0.02731600559767722	-0.01182814400199248	0.006625505350987583	-0.010340853981154538	-0.002081138337180647	0.0403465216484523	0.001868875932811405	-0.005926823150719037	0.02206361090682153	0.0011000638017181707	0.05510334870109109	0.022393760776300658	0.034175767500037944	0.007268506202667782	0.0026132517764862503	0.013851344004701576	-0.019330410552195035	-0.02761038875822647	-0.05679098659347558	-0.045594933218029106	0.0050286975679063265	0.02744467572692098	-0.061777469925244265	0.03585919744966965	0.007152225543175834	0.021835441438244646	-0.04660345652767986	0.01176667433428054	0.012818670383459364	-0.046078641796848625	-0.026789879098679508	0.02147219063333166	-0.04050705239941947	0.003487474349113348	4.523948149944523e-05	-0.003520385719500623	0.006317526584207146	0.0	0.0	0.0	0.0	0.0	0.0	0.0	0.0	0.0	0.0	0.0	0.0	0.0	0.0	0.0	0.0	0.0	0.0	0.0
ec1446	0.2115872520254592	-0.6053943059275962	0.011967724083542896	-0.29564018282686366	0.004267544299598328	-0.06211545915684616	0.0017639706182742566	-0.009201834744468342	-0.03273671249904068	-0.010791462104219633	-0.04727190548585918	0.013206578056965866	0.002118231106249754	-0.03992505742827444	-0.0048113603783862	-0.002296597564547618	-0.0028389052952307735	0.07066194750871091	-0.014886225894292157	-0.016777048895511428	-0.014158067058458772	-0.022438828965568907	0.00842679140834658	-0.01681233562838527	-0.0015244124951432345	-0.01659097809318127	0.018226053471811658	-0.01307600643087158	0.015805752662536792	0.00703605720521073	-0.03876637395641213	-0.037555003115307954	-0.003482145304663435	0.05631805834695428	-0.0155217475431819	0.024388346527296427	0.008626719106564734	0.025954961606788503	-0.028102331569309073	0.05189090032792343	-0.0009887021172110826	0.009213521346622297	0.019200525359088234	-0.015272143898016035	0.03478683667499528	0.02029975323469122	-0.06003808835235865	0.004306115806942926	0.0008818060687396305	0.0	0.0	0.0	0.0	0.0	0.0	0.0	0.0	0.0	0.0	0.0	0.0	0.0	0.0	0.0	0.0	0.0	0.0	0.0
ec1449	0.10142245092495887	-0.19903347359305432	-0.12270213413585614	0.2004499611213279	0.15205496812702138	-0.033043962945613015	0.08624609467525104	0.21227932608827263	-0.07303298980928158	0.043608639849071276	0.22563508785305716	0.16794676424495675	0.03521177731079375	0.026070466506783605	0.058829524253032485	-0.5028485689855868	-0.10467383700805759	-0.12865979075043926	-0.19370587982185872	-0.04815570993754905	0.039924983118744095	0.050183655568520676	0.006504757211813165	-0.04359155500662852	0.015311225018341363	-0.009293379830292228	-0.0037956519608222574	0.0038451846827262117	-0.006304746514456716	-0.00069911664612326	0.008098479126234438	0.012286273292647915	-0.0061818074233876375	-0.005275767574831909	0.002319227036204235	0.011977668971936514	-0.00850971000548563	-0.0031549184429764243	-0.0042313012612527285	0.005701473529457851	0.00044152350870701367	-0.0037327646123959447	0.0025569878299586857	0.0012147729792750144	-0.0003183819253610683	0.00023883018461348006	0.0005464786118285428	0.0007537516771160171	-0.00012507913844647737	0.0	0.0	0.0	0.0	0.0	0.0	0.0	0.0	0.0	0.0	0.0	0.0	0.0	0.0	0.0	0.0	0.0	0.0	0.0
ec1450	0.21211292423094452	-0.6104803776482731	0.02387045864560945	-0.31986185607225	-0.013530151433833907	-0.04976327050974375	-0.013901802645643035	-0.00042112697957794927	-0.03729601765398799	-0.02923290476923495	-0.02307467054245558	0.028503289893677387	0.0051729954530192485	-0.01920248857540354	-0.004708348591446655	5.0411939420766934e-05	0.0037295111570659232	0.057592273802827915	-0.0061938451744061596	-0.02197678029785555	0.006640955937485735	-0.014742317917060242	-0.005895479006502134	-0.005746599851492688	-2.4740789549660153e-05	-0.010040943261351118	0.004288068419642591	-0.010884036373612746	0.004713109542939474	0.0023005263089066557	0.01939880006459333	0.020536099984343737	-0.01275576981077546	-0.02496142434964572	0.03385598092071182	-0.020537895417013653	-0.009583646909667277	-0.02919707780252164	0.05749098493050727	-0.04807302900331858	-0.002568739714315909	0.018268893354718596	0.0051748529420681914	-0.02580152027325055	-0.024819065674023207	-0.051538109960237055	-0.00037143527492528136	-0.006764916965141666	0.007027620779036692	0.0	0.0	0.0	0.0	0.0	0.0	0.0	0.0	0.0	0.0	0.0	0.0	0.0	0.0	0.0	0.0	0.0	0.0	0.0
ec1452	-0.205326607774186	0.13582744668123656	0.17112700513779547	-0.020735310350075788	0.09499912065781072	-0.21792542510797955	-0.11919252276612419	-0.03672288418718979	0.03644430878539717	0.05711742294500377	0.09969012651231117	0.1396719874053631	-0.029536747677340144	0.028177805778312515	-0.014877494109011336	0.06988738218317528	-0.004577223288972137	-0.0044246987998798355	-0.065735494679042	0.1883450201020231	0.02139670939716759	0.03079812711941068	-0.020257368485684164	0.03556114128103777	0.03678071865625582	0.02627341280421226	0.009590368348624664	0.010186395731359248	0.04412468908340384	0.04777523776860953	-0.060491230146564885	-0.017718452279905518	-0.05827558856537823	0.02935435338249405	0.03950968112096254	-0.03041555709704043	-0.0004908424225538234	-0.009394943330472551	-0.005486782211379969	-0.0060010956311399915	-0.05016338021687913	-0.012754948085480307	-0.012980605879127525	0.006367475369806512	0.009454425665859216	-0.00578561335590033	-0.0010265325761141355	0.0018677732652031425	0.0038743971465315815	0.0	0.0	0.0	0.0	0.0	0.0	0.0	0.0	0.0	0.0	0.0	0.0	0.0	0.0	0.0	0.0	0.0	0.0	0.0
ec1453	0.07591855003582254	0.3207618693339303	0.23778937036163275	-0.10604889303797947	0.08310654418845273	-0.0365319629341146	0.045052962765252266	-0.03340504415027281	-0.04117650516686763	-0.03941596660970055	-0.030248218653621373	0.000180500618268175	-0.05346177199346317	-0.084526215494889	-0.03701766520172504	-0.034188456780971814	0.01513836430396605	0.005070704648227326	0.031148151006569237	-0.04868726256687715	0.031716672746861144	-0.03394173184877529	-0.017642195248234488	0.058430051875459736	-0.006530151690009571	0.020065316047518128	0.003839072357626088	0.07506543370152177	0.03969845150180846	0.026871126721283268	-0.0036497705867986666	0.04182602531254109	-0.029204989307641083	-0.011318371010396086	-0.02161879923348477	0.05631288013374254	0.017316433051220412	-0.007177310879539626	0.00045580202817789567	0.021210282841353605	-0.0008333765498696974	0.0077824322954181836	0.0429852491237589	-0.0042362666146343484	-0.0031521680265833105	-0.0177014420726047	0.003224914694037047	0.0013042649206277085	-0.002083802010551454	0.0	0.0	0.0	0.0	0.0	0.0	0.0	0.0	0.0	0.0	0.0	0.0	0.0	0.0	0.0	0.0	0.0	0.0	0.0
ec1454	0.041007199708034306	0.17566495936315593	-0.4070676311495275	-0.16072685848702914	0.03967586105558626	0.0034143609836797687	-0.20277195336752266	-0.09086194177058299	0.11354747787771621	-0.10877851883018277	0.0553038862159653	0.002962445743329987	-0.052427950275999904	-0.032227230875363194	0.0035314210864286822	-0.07366611608169929	-0.04509881673329449	-0.016010430713451342	0.08108128720655224	0.0823391583192244	-0.01772285210777444	-0.016442947287705675	-0.004553956946453061	0.07906989394318534	0.025153165145903215	0.0358449809723221	-0.038068643128099225	0.03247372414341135	-0.03571167310963116	-0.020924269006940374	0.0167404414528865	0.03683856147041728	0.005006842024284788	0.018660258837164812	-0.015609926883071962	-0.0022108222083869022	-0.04168708738871843	0.010393171090735476	-0.05163593573269826	-0.01138006795596468	0.051818159078736735	0.003947662856896514	0.02144998389231461	-0.0065156712224584	-0.014716833720202337	0.009003277929424427	0.0046204134440674905	-0.010014293805109162	0.0015571764888342894	0.0	0.0	0.0	0.0	0.0	0.0	0.0	0.0	0.0	0.0	0.0	0.0	0.0	0.0	0.0	0.0	0.0	0.0	0.0
ec1455	-3.920436267106736e-06	0.273741604599734	-0.16943305074625895	-0.16195380973802104	0.014803697773875526	-0.12932011345794073	-0.06731872057334527	-0.05025189705071626	0.007272247383922799	-0.04428212731918625	-0.006697663296418198	0.08173894417682474	0.10026966839360348	0.10801514294955	0.06877537787012816	0.049553835657592346	-0.04743406866803263	-0.09160610277354408	0.013635149011636167	-0.11724355698688776	-0.10651573403344396	-0.09160269403582572	0.09280233615795795	-0.022686211099743468	0.031939508888491064	-0.05962668680904204	-0.04957593810420202	0.011682757520934412	0.04385574025867526	0.09246458358948542	-0.007505484301577988	-0.05826334337031586	-0.0470864007234772	-0.03284911759118606	0.0005324317842101228	0.023313787835785988	-0.007977498175855021	0.020306846011272594	-0.0015670141353119362	-0.0036861333155579165	0.00676530490851458	0.02161704138965606	-0.002170815535463459	0.006299205288303773	0.014893531084569152	-0.012836975583295987	0.003253492139406306	-0.004059795680003568	0.0053714256971004026	0.0	0.0	0.0	0.0	0.0	0.0	0.0	0.0	0.0	0.0	0.0	0.0	0.0	0.0	0.0	0.0	0.0	0.0	0.0
ec1457	-0.3940706952459201	-0.12840982790786828	0.08841439315935287	0.22718709040221938	-0.20647244032741977	-0.07616535974675502	-0.06764129563266741	0.05940260563113964	0.05977798121619107	-0.07622221840435	-0.08241122653717403	-0.06448340739448494	-0.005912928898723178	-0.02043495903118704	0.013614119633622496	-0.06360587353784133	-0.005832478591743859	0.025317238051069422	0.028422478760342818	-0.07256385419561154	-0.0022013452816238848	-0.019972656581330708	-0.04600854313156704	-0.021915348476385627	0.026587303520772033	0.012003565137572477	-0.009102423092845984	0.011632217694814064	-0.031936893484601256	0.008486191883450907	0.008913009541160623	-0.06341347418986046	-0.1257961008583172	-0.06249515934058561	-0.05991866772385267	-0.05261068958390292	0.03546363832288655	-0.03122409878294722	-0.04108394829971853	-0.030402023434945205	0.005113855063972171	0.02408639582502743	-0.00475239414063708	-0.0010977135565454095	-0.014251907031714162	0.009392230743140922	-0.006647902093512299	0.001110182911423251	-0.005665178470419682	0.0	0.0	0.0	0.0	0.0	0.0	0.0	0.0	0.0	0.0	0.0	0.0	0.0	0.0	0.0	0.0	0.0	0.0	0.0
ec1460	0.09123478461010953	0.03170987050580655	-0.4397845586659016	-0.021057381034456837	0.11769677737796533	0.06572083562292048	-0.02690207591074607	0.07574348334505977	0.21575779173986523	0.054503741617949124	-0.16313687443594185	0.06925275047598088	0.08658849324261879	0.008229485837987896	-0.014855673527239089	0.08042145366002833	0.09208127641169074	-0.013141202556610544	-0.03808750631851066	-0.09438972121829087	0.06145168817461823	0.13439758827005147	0.01571511509625217	-0.19569236560796535	0.18139281011843458	-0.042179251723944954	0.057660589598409695	0.013762044494193255	0.1079752546029765	0.018755551669577996	0.03656624138003652	0.028654006035142468	0.005228148122561273	0.04706907521764791	-0.003653370883678169	0.007550082665832721	0.011130903329688765	0.0013436522128540919	0.003145883714765206	-0.032315139979386	0.0023397250985680734	0.004932433345393518	-0.014830536394432294	0.016633339455276782	-0.015402693938490376	-0.0020157823040366936	-0.009531660634823743	-0.0016698306957677017	-0.0025776175372289904	0.0	0.0	0.0	0.0	0.0	0.0	0.0	0.0	0.0	0.0	0.0	0.0	0.0	0.0	0.0	0.0	0.0	0.0	0.0
ec1461	-0.22908041047829902	0.09840441032968056	0.20655107227291186	0.04906222767198855	0.010864087098258497	-0.14543314878604813	-0.07953439392726695	0.043243249783168805	0.12206621515498513	-0.09137448023195899	0.06885168294563324	-0.07111410924106129	-0.05439386229396659	-0.1788975765300405	-0.11958048669228308	-0.008231472065784905	0.04141274671324685	0.06695123556881373	-0.08816065178605385	0.0904978282852418	0.036537266778625496	-0.03734328392203775	0.07516267527585803	-0.07946058788540232	0.01854525030269364	-0.054211619344362104	0.030462681063183335	-0.05383208322984988	-0.04749104789671606	-0.003616518310869996	0.028257834322045493	-0.025314625924418136	-0.03560636248454344	-0.0041010257727606475	0.030403864140605547	0.038163592343977384	0.0484001981423048	-0.04100865903728631	-0.004379067166405094	0.021965338818319604	0.0014635364643649643	-0.016735398726925338	0.014298205666111959	-0.024809682078394946	-0.018546211025211957	0.01724820270750012	0.005855941580912265	-0.001947872658210675	-0.001673080349357308	0.0	0.0	0.0	0.0	0.0	0.0	0.0	0.0	0.0	0.0	0.0	0.0	0.0	0.0	0.0	0.0	0.0	0.0	0.0
ec1462	-0.2350529219139916	0.056838704037543424	0.054736587635958824	0.06767409540259871	-0.23058080433677983	-0.36022234070649917	-0.09369279691007401	0.043177400464666206	0.00987965047827844	-0.047181771568422105	-0.055734339890333724	-0.030215123188382244	0.05413395782250547	0.10291245086141822	0.06761069513645457	-0.03512018006292693	-0.05339209445132166	-0.06930231719719901	0.07256820895870782	-0.02787054689466466	-0.024946687658217184	-0.02810541552667989	-0.08360197701647183	-0.018926567809960788	0.012952643493558942	0.07760298832659604	0.00844462335846721	0.07346518447327383	-0.015079871027594872	0.009374065904066834	-0.02750769383854939	-0.0026149915346319057	-0.020251330376273368	-0.03524425559199038	-0.006791615861504547	-0.018103758819781855	-0.015113853185814888	0.0065170309055985415	-0.014456058402709934	0.009076094767276142	0.01182713229993846	0.01444550074563584	-0.014897245155403157	-0.006258268664013941	0.0010215040324372776	-0.0004490360439237656	-0.0018747619629110948	-0.011380010806698385	-0.0017484049962740852	0.0	0.0	0.0	0.0	0.0	0.0	0.0	0.0	0.0	0.0	0.0	0.0	0.0	0.0	0.0	0.0	0.0	0.0	0.0
ec1463	-0.24830291376160127	0.1717211826778194	-0.007546823044557859	-0.12648683819514683	0.1911210215531394	-0.062273316393094476	0.16021111200114518	-0.02151670224281295	-0.23246074768621283	-0.04089696474587371	-0.02561241582015309	0.034115290780989196	0.012303233352112867	-0.08758978178054595	-0.0242552650827784	-0.011856489417963691	0.011549256646542747	0.09717135245476965	0.03557163198599685	-0.02951366628304757	-0.029709504532929115	-0.07799509837836027	0.0190021683626841	-0.03124408145331135	0.05798827535086491	0.12601391778165988	-0.06412229580748655	-0.015807846301641497	0.020728158942343866	-0.04078793699069601	-0.012081853793122651	-0.035911644109845244	-0.002086106587222853	0.020670097338473314	0.04919775432205513	0.057552689386060764	-0.033304315359604944	-0.0029011280093591873	0.028157727295292784	-0.03989584419860531	0.01315134753001529	-0.020770090515010813	-0.027779449463978312	-0.03252367674916122	-0.010707938553655726	0.006931470432173386	-0.007414402096360815	-0.006315664224692286	-0.006396460085435832	0.0	0.0	0.0	0.0	0.0	0.0	0.0	0.0	0.0	0.0	0.0	0.0	0.0	0.0	0.0	0.0	0.0	0.0	0.0
ec1468	0.3892228373173628	0.11534293195691978	0.10283488998513426	0.1274199844821836	-0.022924990776314286	-0.01626661090144428	-0.1046427092441884	-0.024214545936747767	-0.07091271505134018	0.03241631983610387	0.051605247998348716	0.00311069013486045	-0.04273593838187116	-0.11718351793346053	-0.08409633958500327	0.04976220564743008	0.05933654427615528	-0.08787074330031872	-0.07537925034036759	-0.2689248683804051	0.031595347759286505	-0.09446293096051638	-0.037140831633963055	0.2048475227178377	0.11810695725315382	-0.05166593597695782	0.13558313211628556	0.1042632768947226	-0.0193602720699159	-0.006221495423007699	0.042666515598288546	-0.07927098932293701	0.046299611217228774	0.011422036619764795	0.030506178074737902	-0.013550954513802553	-0.01783322867507954	-0.013038632992647325	0.0004865867521745225	-0.00868597199672931	-0.004798767920828805	0.00511857942781635	0.00921332479489596	0.0004870875845859559	0.002583746556318543	0.0030924113095595236	-0.0005251901037659957	0.009013907210644016	-4.2942958590956494e-05	0.0	0.0	0.0	0.0	0.0	0.0	0.0	0.0	0.0	0.0	0.0	0.0	0.0	0.0	0.0	0.0	0.0	0.0	0.0
ec1469	-0.17227485199039122	-0.21800909716577416	-0.02016819251170758	0.2975835002454902	-0.02713270260720495	0.13530792706056335	0.09032236447706952	-0.35921330724522615	0.06956447294776225	-0.019992415251889835	0.035251415590751206	0.15242389126005074	-0.023030986195583827	0.006937765165075241	0.059964078929867874	0.013112345905468547	-0.0032129715285874024	-0.11017120714633806	0.05613510578921395	-0.0004304618687064023	0.13416886585066326	0.02502409100210523	0.08681819426430054	0.0805066499635728	0.028310389930036508	-0.01778126942080193	-0.05166718544442919	-0.07476799405155686	0.004487986087114604	-0.11085534552546711	-0.06243519424100741	0.0035784242092968487	0.03452679113702359	-0.06449051143130323	-0.042189450485043516	0.027511616874111296	0.002007446956678938	-0.013398071540511584	-0.001127415921059285	-0.019653886792180608	-0.03072040532727908	0.06388669356370184	-0.017627670398480424	-0.006037968481313916	-0.011972321428928833	0.0060934192685409465	-0.008637031344432547	0.0042818629727858675	-0.001385708464908471	0.0	0.0	0.0	0.0	0.0	0.0	0.0	0.0	0.0	0.0	0.0	0.0	0.0	0.0	0.0	0.0	0.0	0.0	0.0
ec1470	-0.34716466243288313	0.1430508858645158	-0.016363788032420418	-0.08016522423119853	-0.028918456569319087	0.026760212637727897	0.07641619331619864	-0.0008040752746331021	-0.12333063075106566	0.05089239782469717	-0.015427903849533714	-0.006855904781848881	0.0020067667152492375	-0.03857218844272693	-0.009703238046377245	0.024553070197285073	0.027322181467055607	0.013864047160537109	-0.06591517182414357	0.023297529209102316	-0.01575382118034525	-0.0053272616810097016	-0.033882898917357435	-0.01431305174118329	-0.027729545100450337	-0.09573595326454257	0.01851240732913126	-0.03257334539589428	0.0069576848626225355	0.011509361296458444	-0.043010816634032716	-0.010626477910110774	-0.04300433543631149	0.051140463353542095	-0.017869526570272215	-0.03102492292585284	-0.08318657639309117	-0.05859144406321534	-0.03649911806612316	-0.010676636642106246	-0.07015639871796049	0.003578810625714219	0.03309247437603036	0.02669655330180626	-0.016398207226259405	-0.014671018913202074	-0.006404212123974779	-0.009381174324006238	-0.0009742153973464576	0.0	0.0	0.0	0.0	0.0	0.0	0.0	0.0	0.0	0.0	0.0	0.0	0.0	0.0	0.0	0.0	0.0	0.0	0.0
ec1471	0.12026706285987296	-0.20493292233466387	-0.14118095174976006	0.2164726427717899	0.1674301873130053	-0.036825683683455304	0.055883645425197234	0.12848776994661254	-0.126929482342571	-0.17372692584480384	-0.08226739840846475	-0.014633489778941968	-0.16566721891785446	0.35741669410941973	-0.4636736276852679	0.039643922380918774	0.05649620573823754	-0.10296826996555125	0.034698145377573215	0.037009659871707616	0.008959275477773707	0.015058005485848236	0.03289228359507898	0.016129206284096347	-0.02181414142423616	-0.030781756307732572	-0.023427855770535307	0.010891674905122613	-0.01389908385492497	0.0024872966674965753	0.0028974761043499223	0.009557103357066683	0.0021097989262184595	-0.008867347099294522	-0.001779431622543797	0.007512090737513701	-0.009154109441141969	-0.00010608038537835663	-0.010438677110683822	0.0008311860472655919	-0.0013258934664349667	0.003584381207843131	-0.0025012348870798997	-0.0008808702962074055	-0.003383751928608389	0.0004367713058118919	-0.0016577102119394627	-0.0009950589215439501	-0.0008611177476523745	0.0	0.0	0.0	0.0	0.0	0.0	0.0	0.0	0.0	0.0	0.0	0.0	0.0	0.0	0.0	0.0	0.0	0.0	0.0
ec1479	0.1277913075723799	-0.19799116286148674	-0.12855914614497327	0.1949030021826796	0.1709856669479517	-0.059743842788796846	0.060275930392168275	0.21612961696202437	-0.10483196337415185	-0.19723757224531327	0.145428767672455	-0.08048440170283734	-0.32164278590740897	0.026792761307114617	0.401213372112632	0.19186637984125587	0.20188904965056134	-0.0778452891484565	0.015028356328926277	-0.011115767501445857	0.02188820376002992	0.03549008149222038	0.023465671704891413	-0.028312311280923343	-0.0032728757491159097	-0.0036217785603158584	-0.007783324333235723	0.01176664496064289	-0.0008553619396032465	-0.0037991130313800745	0.010972087042568485	0.010951268071142618	-0.007121231690223971	-0.005425901038028143	0.0033882314346941923	0.007023263269150059	-0.00714832566754345	-0.006323441816246029	-0.007927042733344209	0.0047251422696038044	-0.00011406395903661284	-0.004703850749404222	0.001742357495177878	0.0008304012564903935	0.0005074113536525574	0.001261585962972299	0.0006315111325550963	7.572072787928346e-05	0.00034540341495741005	0.0	0.0	0.0	0.0	0.0	0.0	0.0	0.0	0.0	0.0	0.0	0.0	0.0	0.0	0.0	0.0	0.0	0.0	0.0
ec1489	0.07884161753985267	-0.16958118268943004	0.14113039814917733	-0.2885761494328044	-0.20514218439981743	0.1214227436205061	0.08144045336055326	-0.01648132943365476	-0.0015004878229494239	0.04572073013714728	0.03255678575939529	-0.03327411102234532	0.0023750904015569507	0.06155499376882388	0.03344213529554619	-0.015634909818272282	-0.027485827106292025	-0.12150950578980466	0.05684735375900305	0.16009052038065763	-0.007556657184680543	0.04872685638596759	0.01991448261518326	-0.046675295235823665	-0.02953957781465402	0.01377244366917661	-0.02456196186641439	0.08997196992435173	-0.03411727685947208	0.012134819343171805	0.058934401026685714	-0.025299097587529427	0.02183927107743485	0.049891301803461456	-0.04739421609903384	-0.025948001708603445	-0.03194320760188677	-0.020225842443687393	-0.00996557095549017	-0.04853922486170961	0.007482342631873995	0.009970433861334036	0.022304153732609036	-0.023934455413449098	0.03391878262002338	-0.002052407700686752	0.0031063838406254255	0.00560727128521008	-0.0015849323984671294	0.0	0.0	0.0	0.0	0.0	0.0	0.0	0.0	0.0	0.0	0.0	0.0	0.0	0.0	0.0	0.0	0.0	0.0	0.0
ec1490	-0.03066092617013675	0.187651467472187	-0.03215129224791623	-0.11108476263647275	-0.09257886794392373	0.007358871150102763	0.15703825399591484	-0.051086071352129565	-0.24962270858427496	0.076903920177621	0.09592864641958218	-0.1135186528452439	0.06961600769649838	-0.007572527272727648	-0.014164659715429687	0.015003484381339638	0.03142995445834939	-0.15939085352494367	0.0502002999623477	0.059942877241192294	0.0006196222446516925	-0.029657833344133598	-0.08020837052086267	0.05923794934337286	0.06631076287017694	0.047422431301382115	0.1146055429459237	-0.05388177386349462	0.04944401553566073	-0.07643766358722663	0.022124535899774568	0.09823951026004546	-0.05984471031382592	0.038046180078133866	-0.035477326098758255	-0.016101686256846215	0.052120192339909	0.041492344505487284	-0.006463883373020343	0.010094520888519401	-0.005047334518545413	-0.013099087776464416	-0.03096957618414584	0.0010509154659913175	-0.0027263705312682994	-0.0064620865046815515	-0.004882023347041804	-0.0032849157018036918	-0.0022944865169268157	0.0	0.0	0.0	0.0	0.0	0.0	0.0	0.0	0.0	0.0	0.0	0.0	0.0	0.0	0.0	0.0	0.0	0.0	0.0
ec1492	0.3082521852400879	0.19666339418047768	0.08436496795516485	0.04400817850849046	-0.016074970668708298	-0.18681056307485536	-0.18850114617354727	-0.10132562102161569	-0.07102164438714785	-0.04561255186641892	0.12061869901394892	-0.0007851070941080293	0.030597284012686035	-0.12339921106018652	-0.0877960676001392	0.0435863602267926	0.06068806165359598	-0.09027343865841986	-0.08442555788963481	0.04024771438103613	0.042607048663397644	0.0008678894299518964	0.10428008336852718	-0.13977805700454896	-0.13063772107684024	-0.006276160671398199	0.08004191721952221	0.06605967494168245	0.051506123528845656	-0.052689690541409415	-0.040097517493530625	0.006691618403315903	0.023262078932207265	-0.04562261870002834	-0.0366694176591622	-0.06067510037281088	0.024591093094582957	0.021259870522335196	0.043680784234550976	-0.0001234731387474544	0.004678775094170704	0.01716807374672196	-0.003945364479992501	0.010540917625050914	0.010749839852627287	0.010322870168519542	-0.003308784966203148	-0.011435226706067924	-0.0008985742803054204	0.0	0.0	0.0	0.0	0.0	0.0	0.0	0.0	0.0	0.0	0.0	0.0	0.0	0.0	0.0	0.0	0.0	0.0	0.0
ec1493	-0.3859827179450629	0.02832821760179085	0.19006135970480337	0.03437252521428801	0.07157584667635866	0.09196274519405549	-0.034457938558520564	0.053563080719003335	0.04178859670701593	0.012525436311813026	0.013741482497753216	0.08074196038152255	-0.04561513645487099	-0.026779522208245504	-0.012213656265292113	0.013830795785415318	-0.011957676049441908	0.04295455472046515	-0.011152030188587193	0.010423102413627292	-0.03791412421309109	-0.05945408927022128	-0.03135405265907407	0.029041227552853245	-0.03306166136073551	-0.0331109779893475	-0.023650131200189356	0.07755624727686627	-0.005643621682261998	-0.019259444896080398	0.0500599620406462	0.0644056265395492	-0.01721278355398204	0.07106591843110027	0.04640000249577232	0.059164131935997503	0.04574714235032919	-0.023089861355962072	-0.009056236666413748	-0.010119918108803425	0.01973464532612038	0.06251999820950246	-0.025852297539466357	0.004444790319019527	-0.013067019070772939	0.02413016957719226	0.002416744559555527	-0.0010442950131349254	0.009810194493995776	0.0	0.0	0.0	0.0	0.0	0.0	0.0	0.0	0.0	0.0	0.0	0.0	0.0	0.0	0.0	0.0	0.0	0.0	0.0
ec1495	0.0229092220261037	-0.07636130892286137	-0.005174966521137335	0.10683857215849665	0.1410614568557785	-0.03457492166711999	0.15935536896398478	-0.02605867982096074	0.16290897592335657	-0.2691403950878485	0.20066907539789527	-0.2722354574641832	0.3234769610321403	0.052464084658992924	-0.01603436002244583	0.06126223467338082	0.009887080817883582	0.06579725872890829	-0.1516111578942432	-0.00972973161064052	-0.10859549310976187	0.12701693245737058	-0.10761339550998662	0.09106428671806512	-0.022868571809262415	0.007471418704722581	-0.056649562943055405	0.024229585718182144	0.0717629634607398	-0.049602507273093795	-0.03466459239482638	-0.017574217543349143	0.008319371466948021	0.003940365100441572	0.014159042880181565	0.015027469665889831	0.006097318655801932	-0.016794891871464043	0.009427677280094962	-0.014404921291155743	0.0027616737600237038	0.005247945692235276	0.008034678981867317	0.005843399916583102	0.0062846482688533765	0.00022994243501713014	-0.0006651432252349568	0.0036885386475471143	9.407583433973755e-05	0.0	0.0	0.0	0.0	0.0	0.0	0.0	0.0	0.0	0.0	0.0	0.0	0.0	0.0	0.0	0.0	0.0	0.0	0.0
ec1497	-0.2640596740830881	-0.37174058620294453	0.15180222092717835	-0.09152052175112016	-0.12861759388910934	0.18310931104287786	-0.06307977926050089	-0.02610274741910707	0.06315039758366095	-0.02823473585816008	0.058627811522838816	0.09196757990554562	-0.005560467085343025	-0.026054103840563607	-0.01713705600581751	0.0648181901693635	-0.011066751163428697	-0.06242560164802032	-0.05511181706228268	0.007548524454456974	-0.08948153442740582	-0.023503177157424723	-0.006458932520186818	-0.009924999476549099	-0.019731916195906918	-0.01810636235060657	-0.021198125292643536	0.05349753969287103	-0.027722400058881595	-0.01906600855607505	0.083959570631132	0.03650163833889869	-0.025099795572242217	0.003195415587564317	0.06326375086752402	0.0057183525291315505	-0.014113086798527755	0.013443343221847232	0.020070596098841525	-0.02766906622149737	-0.0017458825934334593	-0.01017420089709556	0.017680233248182943	0.01878178081290577	0.01736121213277673	0.0037205467701005913	-0.004071208952391659	-0.000736203517283871	-0.00499392039921557	0.0	0.0	0.0	0.0	0.0	0.0	0.0	0.0	0.0	0.0	0.0	0.0	0.0	0.0	0.0	0.0	0.0	0.0	0.0
ec1498	0.1038131736645892	-0.2221874748689172	-0.14527872711319045	0.2773498229558525	0.15511545613477037	-0.13203857795146398	0.14354156124941994	-0.22481165526821228	0.025369685794236336	0.2764106768704977	-0.13557065811672772	-0.14430178108185057	-0.1523790434633215	-0.040434968110637404	0.03284515986062837	-0.09225770567269265	0.033397641566884934	0.04469288715819957	-0.04513520532748104	0.0845730710904118	-0.3445540080892878	0.07083426930639432	0.07774175667055609	0.02724709696074462	-0.000421871479122348	-0.05809442750927297	0.058006609142916256	0.07182507073895877	-0.001163890746108015	0.01238097881759815	-0.015569118983211644	0.008719719528719562	0.014841667784213277	-0.03571132518017603	0.008371168143913001	0.006247953124053941	0.0038362763294963313	0.001044145351077381	-0.009781526355519512	-0.001585710904659362	0.008622259826105197	0.0025718158004258123	-0.0028590770843357357	-0.00156179373691802	-0.008310405654418221	-0.00027075606871885725	0.0027415634871524146	-0.003094123612579881	-0.0019492952023929901	0.0	0.0	0.0	0.0	0.0	0.0	0.0	0.0	0.0	0.0	0.0	0.0	0.0	0.0	0.0	0.0	0.0	0.0	0.0
ec1499	0.44859836452277496	0.21762219552008968	0.17027191310881226	0.07833006282610643	-0.07767951148397063	0.003617567183271479	-0.03221301629895402	-0.0010413674423605478	0.05539228979082894	-0.0015882180531739387	0.03738542933282058	0.012375437969868697	-0.006426982003043153	0.007291243699282984	-0.015586752516073067	0.00700550103173718	-0.008424079548000703	0.019067293166947892	0.03162716600664854	0.057727146957482704	-0.02032306890709742	0.016747469112477244	-0.06063236603663525	-0.09147921758695186	0.04975347029773367	0.015455961633650669	0.05737899558993272	-0.05354186468298493	0.006747579805751186	-0.061262507663805116	0.027246018519288748	-0.007167875264571903	0.010767466722477298	-0.0508650472772643	0.04307630054644295	0.07195773262919436	0.017916765434765426	0.08303571984963178	-0.07694917205415248	-0.037953561198510954	-0.042199360672270515	-0.006139916658641569	0.04365233061401562	-0.040831134412322716	-0.0020681190039869976	-0.011165120123696916	0.007422126110412709	0.0028037201167625744	0.0029595251656473268	0.0	0.0	0.0	0.0	0.0	0.0	0.0	0.0	0.0	0.0	0.0	0.0	0.0	0.0	0.0	0.0	0.0	0.0	0.0
ec1500	-0.08815517283421705	0.2846881552791796	0.01664758176226467	-0.20871803583246423	0.19364413734413863	-0.10733936978212663	-0.019018087613750408	-0.015418991339514966	0.07632599360683133	0.007672517477443421	-0.08424477162551523	0.0798470830243088	-0.008582963885260756	0.11013480541089607	0.05839194397140862	0.01296753162785734	-0.03636054810659954	-0.007854905790206186	0.008641687234245432	-0.07914231480619092	-0.032956739855864586	0.04036883254897082	-0.036373473470150644	-0.00946577415499961	-0.010483925845616561	0.0902097900852527	-0.02372148087832306	-0.040997018700243776	-0.034469656478617425	0.0457404674648296	-0.0009867290284922938	-0.010660235944967055	0.029284666758224377	-0.014301539295788198	0.017074784528097676	0.027522195434943525	0.015924193826025067	-0.01839228873221611	0.030933078913912646	0.04454556035675952	-0.019448469310106662	0.016176004144463654	0.012748422042392151	-0.016700902458332154	-0.00014075545041637328	0.011806850424293617	0.0029039927016234505	0.0022244334025535006	-0.0032632556407651593	0.0	0.0	0.0	0.0	0.0	0.0	0.0	0.0	0.0	0.0	0.0	0.0	0.0	0.0	0.0	0.0	0.0	0.0	0.0
ec1501	-0.2598342707670701	0.06256206878017002	-0.25805747852539135	-0.037394316877187195	-0.0331006450010191	0.1418628248816528	0.12337189355289584	-0.14793546513286654	-0.14206110614102696	-0.008311097297612976	-0.01996674259996112	0.027231637593650375	0.05763960866447483	0.029905453441035238	-0.008438121637640648	0.05992458292013795	0.0026613453644069975	-0.05503947588411764	-0.0702812462931668	-0.036091155415909966	-0.07703407310680287	-0.062338163951348106	0.05008467218642119	-0.09948228675701416	0.07351918668058158	0.07161701490877992	-0.04755032011053814	0.03208658503309401	-0.022792328191732207	-0.07693473607439638	0.035156901782560306	-0.013670546991315006	-0.0299155684750929	-0.04809028541984442	-0.01048980647540686	-0.01255722021543351	0.016122707285430606	-0.013754299064434282	0.01261205682250461	0.06264793306040614	0.00961965521108534	-0.02564866028385936	0.02024962025716798	0.008445783808673248	0.012582220685932127	0.002651522420798371	0.01381155984493273	0.009535527053150248	0.009721425569868788	0.0	0.0	0.0	0.0	0.0	0.0	0.0	0.0	0.0	0.0	0.0	0.0	0.0	0.0	0.0	0.0	0.0	0.0	0.0
ec1502	0.37773104405288344	0.10258477388209579	0.11926435966331585	0.12643956135824766	0.013404416664800904	-0.12225981242248737	-0.209130087467343	-0.09607253212345171	-0.04237849631260686	0.1500270923192327	0.11754991938656706	-0.043393007906673546	-0.07938443215226212	-0.08988594988903882	-0.08759621253551933	0.011985159871392688	0.0866630469835927	-0.06311351828180678	-0.0019830842039789106	-0.0014357552946604882	-0.059774904897272545	0.08902803830542572	-0.0672839190240407	-0.02830349355257548	0.013093745629297522	0.09796644300016683	-0.19318864530173707	-0.11388866757987132	-0.03516251613149427	0.01734991038081111	0.08078105090670662	-0.06798071162400336	-0.022394833845471838	0.06137011204140842	-0.023090084782733528	0.0068939198458886864	-0.001992873263554808	0.01840227386611678	0.002154264166869976	0.006687808788662364	0.010677960160503935	0.024935681816348077	-0.013012716295684186	0.03444949064323424	-0.004958064102529902	-0.02044770534468347	-0.005878468738155333	0.011935699401083666	0.0004865415401340922	0.0	0.0	0.0	0.0	0.0	0.0	0.0	0.0	0.0	0.0	0.0	0.0	0.0	0.0	0.0	0.0	0.0	0.0	0.0
ec1503	-0.25400777498397736	0.07851224413670695	0.17556024912672558	-0.012789376739051667	0.2633768753995669	-0.06989362039160893	0.1306587804480556	-0.01744774457149669	-0.007128800457841353	-0.14903914917225233	-0.025599043730012035	0.0637357040262012	0.029545024846305612	-0.059228035831808884	-0.015497591207434904	-0.012653567594877554	2.3804578443675414e-07	0.1530107065644246	0.009768122340102306	-0.018136282559931438	-0.014560378827950955	0.055629707600170226	0.002801627927445823	-0.02605135583339806	-0.06178245307676333	0.05360525563577426	0.1582345586723826	-0.04277716591835129	-0.10487439297971182	0.040954172587422254	0.055348643782135706	0.04844759040995669	0.024439878271446266	0.019058803807067464	-0.07520221179889804	-0.0664730447722516	-0.053464887343464974	0.05220899769626772	0.006485830547640823	-0.01860467375875917	0.015487936224085615	0.026518693075593316	-0.00564675279721031	0.005553753746727662	-0.007578167552226252	-0.00013954668126172522	0.0002976026819459024	0.018419077405137187	0.005331345887891938	0.0	0.0	0.0	0.0	0.0	0.0	0.0	0.0	0.0	0.0	0.0	0.0	0.0	0.0	0.0	0.0	0.0	0.0	0.0
ec1505	-0.0891226080533171	0.006174968774980245	-0.2912712965509562	0.02985552536378462	-0.07699337127762484	-0.0639009735317778	-0.03923844408535949	0.11144376659357244	-0.019596584878295357	0.12885099182449128	0.010244928639142248	0.22336666295510113	-0.010683668129311975	0.11383172205743546	0.03350169076067008	0.1533695304857361	-0.02001865573251863	0.2126037788264988	-0.28416248302361624	0.13597983020806262	0.03944300381106192	-0.005576416787430767	0.026548252403801424	0.18616220372140896	-0.0011352722747796752	0.08576303742507478	0.02089401841964307	-0.026787216977382906	0.04124362538948873	-0.005355226473426721	0.060106505611448764	-0.025727888684887422	0.014596401178275868	-0.036995394165771134	-0.03717986904270525	-0.017701402722344325	0.024471998796344412	0.00855852820055486	-0.0036868968105847424	-0.004053368099745295	0.017446840501204427	-0.0016286074274971952	0.005012614372585904	-0.00656087364323965	0.004192817068341528	-0.0025706371622301184	-0.0007920932189867621	-0.007299834454034703	-0.002246707624878385	0.0	0.0	0.0	0.0	0.0	0.0	0.0	0.0	0.0	0.0	0.0	0.0	0.0	0.0	0.0	0.0	0.0	0.0	0.0
ec1507	-0.14896109460575613	0.22953852845537132	0.12683325153790845	-0.08859219238092898	0.02283257249463583	-0.09537073472520445	-0.11680548718176771	0.019028152535033604	-0.03695402577667773	0.08770564077814921	-0.05587111706704701	-0.007314712266819363	0.024684788907741055	0.067714211067759	0.044559785155298674	0.019896634161764015	-0.0036327411724316654	0.01745095486844561	-0.03538622292280818	0.029398945207993143	0.05237048118832726	-0.01967080845523823	0.019708990750408977	0.008412681999937577	0.016429868795621125	-0.11453377787529269	-0.08529200428190746	-0.0009865396049207396	0.03470560734570916	-0.09638742373457553	-0.006980928274930045	0.02564390520639492	0.01992506391049236	-0.02676755252896179	0.0024960560809298643	0.005070099897092502	-0.10379896334814546	0.04364448574506443	0.018304342134727612	-0.008558251068814996	0.017871465760155476	-0.03148247897954598	0.03060897944104511	0.015803046218913826	-0.014112801096378235	0.0235640120482455	0.0019414890849311392	0.015940434011519	-0.003233429583535815	0.0	0.0	0.0	0.0	0.0	0.0	0.0	0.0	0.0	0.0	0.0	0.0	0.0	0.0	0.0	0.0	0.0	0.0	0.0
ec1508	0.43269965898305063	0.14561342353425183	0.11869973366586221	0.10542992262633666	-0.12404287889530237	0.16481844788233638	0.15171801669597432	0.10056382346013884	0.06963005056235122	-0.0324892965343967	-0.07223631808359605	0.035022204037518295	0.01012264578490699	0.06055528309162822	0.05267691458566264	-0.03404753766863915	-0.049507513943490476	0.09966015643342373	0.057966668316835404	0.041716107821880045	-0.011776380904304514	-0.03225925695603574	0.07406260223869145	-0.016557564560493458	-0.08415149686129403	-0.03115499899759985	0.016084014457896145	-0.005306846846884439	0.10161192243907935	-0.08001575337523326	0.052384339360961436	-0.0820433731980946	-0.05164377810221283	0.019087418981060415	0.08045075950199725	-0.07185982587571656	-0.015603674526752005	0.030600495776647817	-0.011364878701404619	0.05449401720669929	0.016303629107556356	0.03525272400847846	-0.021468150522525303	-0.008555552393239376	-0.014703551062156699	-0.011608184681668778	0.0008814567407727305	0.010478511298308195	-0.0035946751579395	0.0	0.0	0.0	0.0	0.0	0.0	0.0	0.0	0.0	0.0	0.0	0.0	0.0	0.0	0.0	0.0	0.0	0.0	0.0
ec1509	-0.21835675098372326	-0.2121409695277034	0.03316485157651304	0.29806040218054214	0.010890074350954753	0.3508355561038805	-0.25008003552428487	-0.0791581856294609	-0.13129374095162005	-0.04168612229784783	-0.06405763773608207	0.054993505836829465	0.06269377397311073	0.03392541296695058	0.022591288943213175	0.03445987606162666	-0.03246879185534895	-0.04974868849133635	-0.0018067710253722093	0.01566928174586939	-0.027677793198839687	0.06912270989292883	-0.014905073974354822	-0.035624697029521715	-0.03553910466139782	0.06450397274123991	0.10096487265905615	-0.0198326906940686	0.039246716994124915	0.018877245556901012	-0.013442861837209382	-0.021441654819895947	-0.03648706724089431	-0.00019933475050045715	0.023437755767005856	0.01439801396525116	0.016119404169711454	-0.0437661600256962	-0.031736769650501026	-0.0014222221826383536	0.014940496190227432	-0.02826953044758901	0.014288375078851636	0.007414794656345465	0.011144733305571992	0.0012943069409074492	0.00907583192305106	0.0030915025429227062	0.003219934400782411	0.0	0.0	0.0	0.0	0.0	0.0	0.0	0.0	0.0	0.0	0.0	0.0	0.0	0.0	0.0	0.0	0.0	0.0	0.0
ec1510	0.10861188794122688	-0.07349147072763432	0.05316312319316127	0.21314872535761883	0.16518397974586455	0.20176236148262805	-0.4232205866345385	0.02900344959982525	-0.24284591028287286	0.07030715123161418	-0.11498332206584841	-0.2188883557901698	0.13173588223369212	0.04675419273527771	0.08274038211234931	-0.0490873547524043	-0.005776758008691963	0.06594078332127831	-0.018111502963084922	0.03524232690375595	0.054533561228646506	0.011198879995685071	-0.013640071223131035	0.004393630198147479	-0.021575419803388528	0.027131255246106704	0.020020989647815464	-0.031045573121639834	0.03162580321250542	0.0657346963881592	-0.018084382372725163	0.022321683319025374	0.036980025169270486	-0.009707766388987531	0.00921455402253046	0.02213583255557215	-0.03625629727924846	0.0009495843940800596	-0.0017460443160034797	0.005756101114783953	0.006382561940510286	0.030712666366021053	-0.017878052573076505	-0.017330832057006383	-0.0016831736342503292	0.006055726228595624	-0.00044550265681295474	-0.0023964775444044427	-0.0008429385240999904	0.0	0.0	0.0	0.0	0.0	0.0	0.0	0.0	0.0	0.0	0.0	0.0	0.0	0.0	0.0	0.0	0.0	0.0	0.0
ec1511	0.35386579220066516	0.18797062795689565	-0.04499589244115342	0.04538770013032905	-0.062204029990689774	0.0769382988426758	-0.015171148001936963	0.030883871065970556	0.031695447735746826	0.11147305051564635	-0.006235885231380154	-0.016544758035877696	0.039703323149346555	0.008597624183688516	-0.01983258429441659	0.06724425627567128	0.056186089969197404	0.07349163392329565	-0.11527915737230854	-0.23971882143556733	0.0016901393149082533	0.03056548417138519	0.12647001931634075	0.01381182590377984	-0.17083016489698574	-0.013848136155447076	-0.05573522612948963	-0.07335226299294076	-0.10223551237581845	-0.05107698693294742	-0.054456116771119605	0.08951961472481576	-0.09082794432620153	0.040478411887453304	0.00565932986071868	-0.0029782300196309424	-0.00017184520553425916	-0.009440261929150592	-0.023891260300250163	-0.012076508079771344	0.006044039341957897	-0.01737359343063872	0.005653172447657222	-0.014519169788068421	0.008807816836192577	-0.003876655232677147	0.0017245029577165338	-0.010267180233943256	0.00034856767357941364	0.0	0.0	0.0	0.0	0.0	0.0	0.0	0.0	0.0	0.0	0.0	0.0	0.0	0.0	0.0	0.0	0.0	0.0	0.0
ec1513	-0.24126908808289801	0.07148006601563738	-0.15985805006377535	0.02996331145469331	-0.35051751260886377	-0.03136940487284438	0.022773437280216743	0.10643905861131023	0.011114322610033643	0.07569756723203863	-0.03049288659493715	-0.07101039531588384	-0.029188148714407676	0.03726653322931951	0.008051452444084879	-0.03443784295075789	0.009640930602720033	0.03993094279281408	0.04651272303502872	-0.02822638903054468	0.08275131644903694	0.04982791639873188	-0.004203691404040253	-0.02779577350337698	-0.06073452170471655	0.07573269364744827	0.033292299644826134	0.06583828800338018	-0.010428652643794663	-0.05552301649830065	-0.06386673336008065	-0.07142243191929007	0.03882443457316829	0.0075273120805616	-0.0069190456666807865	0.03807510553455967	-0.00956284386807354	-0.008457036304639088	0.007599780603350944	0.00844360173373341	0.03047544974598772	0.010017564900781494	0.02991348224920976	0.011076060358929456	-0.010863529596686761	-0.022906484144888238	-0.0019778788521028546	0.0018597979937815207	0.002500264111499398	0.0	0.0	0.0	0.0	0.0	0.0	0.0	0.0	0.0	0.0	0.0	0.0	0.0	0.0	0.0	0.0	0.0	0.0	0.0
ec1514	0.3289443813475535	0.19087474129447227	0.13328556941817457	0.03126338418253114	-0.053691569714040155	-0.10083193421258853	-0.04597970212281072	-0.0449231689867423	0.03415196624041621	-0.031536306179079786	-0.06384496059490419	0.11026909044458856	0.08104779579826213	0.21774812522167739	0.14323754566085944	0.03839463432788889	-0.11273470682396579	-0.15162154116797683	0.014191801011270868	-0.009577563754462785	-0.12635422999346035	-0.06696587524362044	-0.01066830665130349	0.00398131426727242	-0.06777298256906714	-0.021836137280412837	0.04972461136673507	-0.05155497337352341	-0.046886767685511525	0.008434059168164565	-0.021409755930522197	-0.0035505052206339567	0.043436223660723	0.08985862935491996	-0.014572821750660044	-0.00793860802202926	0.04928841796376254	-0.051446048123476994	0.018331282575924195	-0.018484721038563606	-0.013434329461243937	-0.03232803633845203	-0.00835365773995776	-0.01571642515725449	-0.027408126341767498	0.006446409258553018	-0.0031652150279198577	0.013898201630212386	-0.0023920566912051123	0.0	0.0	0.0	0.0	0.0	0.0	0.0	0.0	0.0	0.0	0.0	0.0	0.0	0.0	0.0	0.0	0.0	0.0	0.0
ec1515	0.4380174134463036	0.21825468998054748	0.13499497507342081	0.0757466685365953	-0.13381657492726426	0.09956852084665402	0.06324942759955463	0.026014285688526467	-0.003795391899793709	-0.06688264210837624	-0.06192284718039613	0.033367475261181764	-0.04976492703013339	-0.028645258166763846	0.0092179847904386	-0.025906053519450755	-0.03566114549850874	0.0655279007328657	-0.020781343401935375	0.10743612654415664	-0.0015527616636515113	-0.07783030028217808	-0.027637606236299763	-0.008296131242032977	0.0013016463753798746	-0.003291307259510601	0.02126990356412499	0.03078849272121213	0.03231899369799238	0.015445311437294289	-0.018331248687540908	0.06889294791023792	-0.030992088768372908	0.0026675491288560725	-0.07407247778143604	0.10935423408740366	0.001511037225700165	-0.059175430955999475	0.05137746762121309	0.006060683967105839	0.028362257032071053	0.0062217390035514955	0.010210526454661244	0.02851880411952705	-0.0017108885369106928	-0.016936041357243473	-0.00887385020271888	0.00515074325524496	-0.004699998176911508	0.0	0.0	0.0	0.0	0.0	0.0	0.0	0.0	0.0	0.0	0.0	0.0	0.0	0.0	0.0	0.0	0.0	0.0	0.0
ec1516	0.265005779625952	-0.4302237642383422	0.10864220601367396	-0.35319469436148593	-0.059452137740516574	-0.03365097643644522	-0.05218456887217769	-0.01318833900345451	-0.012496679212378271	0.07780081601853533	-0.018349746419185364	-0.013716727641563106	-0.010712159563795683	0.03880728794047513	0.01292868873780721	-0.010591901589430859	0.018165262348420284	-0.04221677981984518	0.0368817523973461	-0.014389847950297966	0.045927904452882855	0.07388974063678747	-0.07294011194493988	0.016647408651243204	-0.05668709941095551	0.006377021342501969	-0.032200772893518796	-0.01603745422247117	0.0043966796792004785	0.005413554088589514	0.028127266417773213	0.04152176816452259	0.04426762048091064	-0.08013727488001508	0.05214134737897587	-0.03267881948748135	0.05914450978441741	-0.011917651570695647	0.030814892956117855	-0.014406187032702305	-0.0007279220179781885	-0.006041400591184602	0.031761483616594706	0.019116513428582255	-0.022323007563335343	0.026232766892891342	-0.0024204482310526626	-0.002948302589596922	2.322729245639907e-05	0.0	0.0	0.0	0.0	0.0	0.0	0.0	0.0	0.0	0.0	0.0	0.0	0.0	0.0	0.0	0.0	0.0	0.0	0.0
ec1517	0.4727833382603734	0.14220884325615163	0.18530217646412298	0.15244857512035878	-0.09131348626890369	0.10110594413871044	0.05468713220642427	0.03275587423670318	0.033818364431063584	-0.08178873352689112	-0.03434281775366012	0.045112157005269285	-0.022810323619103536	-0.02560607721627241	-0.005734060059491608	-0.005328278288861509	-0.014604898532699308	0.10126675031642052	-0.02319753286855867	0.01922547890703785	-0.06827302281153491	-0.05668679306133481	-0.11126791505534972	-0.07080913801481184	0.05808845492552939	-0.05543121144446682	-0.0038247081865924125	-0.0966330678329748	-0.049299757636838096	-0.03090446252432343	0.054677631944168525	-0.053089440539046684	0.08825285963956916	-0.057534479004361254	-0.0663764301003108	-0.00881395983174804	-0.02374137430438752	-0.054742125256817625	0.0018949514205870268	0.006613677545436643	-0.0019804679622069253	-0.01772766578999324	-0.027067485685910844	0.010728426574132461	0.02257870105367969	0.007640693853568648	0.0010372516693016134	-0.021169616086976834	0.0029425017122177706	0.0	0.0	0.0	0.0	0.0	0.0	0.0	0.0	0.0	0.0	0.0	0.0	0.0	0.0	0.0	0.0	0.0	0.0	0.0
ec1518	0.3234796875174473	0.15277175626335032	0.184741153813627	0.10859299634811864	-0.13254124363177106	0.08622719745832386	0.055821685610986875	-0.06615955192606843	0.07002487671453111	-0.06244143489052863	0.031160466032929064	-0.02200604628305537	0.046199385520111685	-0.03010845165826727	0.0010267655517604056	-0.0424562741006997	0.011695141136718922	-0.028793418310907717	0.093760749356789	0.04545900650370459	0.0732221245593012	0.12520011365276637	0.215251585349242	0.08505210118907379	0.06347728114461763	0.07878452137351631	-0.02135955545989302	0.0604204529074596	-0.0026380394869226233	0.07286178017309529	0.05012571318186771	-0.019251616867287862	-0.023952312652181687	0.05941992392475839	0.009515172649769263	-0.013165814872637604	-0.018383649242776516	-0.004472883112357748	0.02128920812908394	-0.008163465720471646	-0.0036479431741399697	-0.03417882851967378	-0.01786960452040393	-0.00615092182601244	-0.0017307522805944519	0.013906923201201545	-0.00037383062360770526	-0.01376798479019286	-0.00025137489026064825	0.0	0.0	0.0	0.0	0.0	0.0	0.0	0.0	0.0	0.0	0.0	0.0	0.0	0.0	0.0	0.0	0.0	0.0	0.0
ec1521	0.012287542891817738	0.13257720652169933	-0.5735450359494205	-0.15382526012654613	0.0030210999494454977	0.06294070414032658	0.01004274901606188	-0.019986690029856907	-0.14350717659341922	-0.06572243090805542	0.01943129713903902	-0.0007165118596140488	-0.0059124282861946365	-0.06853944962109526	-0.0008225960836705643	-0.06042542598544599	-0.018818663479122	0.03518421065156112	0.0909039186701193	0.010310367582403702	-0.053852645773098874	-0.08917025297331083	-0.04891040308463865	0.0008450288441368292	-0.0043260520392071665	-0.03482794776754626	-0.018377928068714786	-0.05830758762716158	-0.02377951377611063	-0.02413762437427528	-0.001982078887910312	-0.01652913352583921	0.004880407381588541	0.025919488988248054	0.055217346621346655	-0.053376109567079735	0.026438986374206074	-0.0006121206811116012	0.024399886592924178	-0.029132030362214543	0.002304825334044013	0.026331252890069844	0.010377973777924104	-0.0023843659576343467	0.012819331972454958	0.006375760677137317	-0.0031961415266456767	-0.010020606810905193	-0.0016040211644643462	0.0	0.0	0.0	0.0	0.0	0.0	0.0	0.0	0.0	0.0	0.0	0.0	0.0	0.0	0.0	0.0	0.0	0.0	0.0
ec1524	0.47190423598816966	0.1351869780272873	0.17035038481952672	0.144258185532311	-0.11341112148043744	0.13928712448474348	0.09154204475004507	0.04068657924822255	0.0023806860304039	-0.07501426986235406	-0.1142756548174251	0.047285916573347776	-0.06233240353733395	-0.02292376048188689	0.023415837130983476	-0.03577925083644907	-0.022770736451938604	0.06738175107286191	-0.04006396979494569	0.054113151763053736	0.0001780386919395868	-0.05030811471016535	-0.07304977964585208	0.025911818298428656	0.09752854185688839	-0.004754821915249499	-0.08411604818394816	0.03013621434570531	-0.01821060903770695	0.08618653346615796	-0.12811408249201833	0.06826278554977183	-0.061966508552236	-0.027414293183137494	0.035499515026896605	-0.050679932382846585	0.013309618777131105	0.06652607483235817	0.01108794172955424	-0.014989203172987943	-0.0058858620169684895	0.003814344957279879	-0.0015786483539311413	0.017351823626729528	0.0074008228349268235	0.014204604176634276	-7.690294746478826e-05	0.0032581559151541326	0.004464367304196948	0.0	0.0	0.0	0.0	0.0	0.0	0.0	0.0	0.0	0.0	0.0	0.0	0.0	0.0	0.0	0.0	0.0	0.0	0.0
ec1525	0.05909654058402284	0.11974382473999587	-0.4644022368944565	-0.13957100713611595	0.027894525486045645	0.14782208193736635	-0.11576934916147905	-0.017322528255435607	0.17629294089350805	-0.05704403294544266	0.056712400698024946	-0.05361148476433258	-0.08212878810102268	0.005024368897410774	0.006244115547753182	-0.09679880730313556	-0.045314494625164736	0.057349850970234255	0.15112083363436413	0.004635481755118084	0.003239094339846494	0.016629719445570706	-0.05313751439073592	0.11962409368025355	-0.045625011034310194	-0.01979932805988612	0.05417663685088681	-0.03143125753994262	-0.04133068635186825	-0.0011880789384455413	0.0040799683267521295	-0.005290914283564656	-0.012453801676781463	-0.017279116985617717	0.011954986970218398	0.0051302964316653765	0.006454887011266598	0.011739247591869877	0.00046701638265586864	0.016393897307499173	-0.024607527569795413	-0.03347162591991689	-0.015480922424530988	0.02394326582521302	0.0010910782159413417	-0.009298926692200232	-0.005126023320098268	0.001362981963362083	-0.00229473148857396	0.0	0.0	0.0	0.0	0.0	0.0	0.0	0.0	0.0	0.0	0.0	0.0	0.0	0.0	0.0	0.0	0.0	0.0	0.0
ec1526	-0.2955338937219289	-0.030275335434672538	0.20411964975565924	0.051202377974428795	0.27822731911585513	0.09732337417221813	-0.136142792467274	0.08899459832329214	-0.030175709425188654	0.01324020639211401	-0.09317271162053434	-0.14414085969112178	0.033861752582703006	0.03674422747169813	0.055231770492051135	-0.07841974856922194	-0.0175034323094115	0.08879818571350077	0.016263970164631023	0.03327118311042235	0.04736904643534774	-0.08210771118837722	0.08032104533669739	0.026480749574273325	0.08539356076504198	-0.09216107981851707	-0.10706253376454816	0.06740210456146063	-0.04380203927390287	-0.06526203351626786	0.01793554442335547	-0.02913497388648535	0.015540926919851983	0.010497387613375634	-0.05809039271845283	-0.05397789899986788	0.0732631307618901	0.005655518463828768	0.021839620160683547	-0.012556606930104165	-0.030295056386370325	-0.02413749364744485	-0.00023928671281651663	-0.01265910312334689	0.008582907354883866	-0.021279478762425502	-0.002697291127484999	0.005281275904356986	0.00023944705349644976	0.0	0.0	0.0	0.0	0.0	0.0	0.0	0.0	0.0	0.0	0.0	0.0	0.0	0.0	0.0	0.0	0.0	0.0	0.0
ec1529	-0.17461602619906186	0.022232638292224945	0.0025108568657974746	-0.15518154682268503	-0.027368800447447328	0.17534011377071088	0.07466338578212196	0.12612490967394482	0.20098341446922635	0.12742761177812623	0.08907746129828464	-0.1820946534637544	-0.09553586812841264	0.04280882015978354	-0.045559748030372375	-0.024057459742577336	0.027461886084078284	-0.08296272345167022	-0.032408475479896136	-0.049573481034242285	-0.02581628611940607	-0.12870951666414604	0.0784215616536546	0.021292845848790935	-0.018168377484203403	0.08788182464670082	0.04007166766739907	-0.09175419222293613	0.06769061110571949	0.07224972463562757	-0.043857398205847636	-0.03053256353582828	-0.004887063647962647	-0.04635415926595896	-0.060806861322683606	0.028040025410832347	-0.02739012740018003	0.02093267086043542	0.03373056250318227	-0.04329518284084064	-0.011251632414191961	0.002977309153509766	-0.005716680078372049	-0.013818777091189293	0.015295458806945201	0.013095468660940954	0.00177555126627882	0.005362280341401559	0.003949612201217265	0.0	0.0	0.0	0.0	0.0	0.0	0.0	0.0	0.0	0.0	0.0	0.0	0.0	0.0	0.0	0.0	0.0	0.0	0.0
ec1533	-0.09444313921430865	0.2503645345300736	0.13417433733454992	-0.14788402303088408	0.06567225052112766	0.055288313920656036	0.14894401020614897	0.03910110440374689	-0.08351448308884582	0.05979323984998645	-0.017761281809731765	-0.0400956547229292	-0.0262165753417961	-0.009168612671208469	0.003478234409096335	-0.06737200488193935	0.004025784539529283	0.033886147397070326	0.10706003979751517	-0.017845621673401597	0.03966826483342134	0.044311766636545236	-0.010621319096979167	0.02753463537811578	-0.13565791000272118	-0.00913192389122106	-0.012395372223301008	0.015853441128412457	0.10351788750548672	0.035947006602947515	0.05711445106380911	-0.06958478805511482	0.01824497910502226	-0.01976207477232738	0.008685921701746814	0.01436958820650589	0.01098923841895991	-0.008543033110131415	6.091043341541774e-05	0.013588091453715765	-0.04601088505754533	-0.0019942931504974685	-0.002609317993675513	0.018280176717188984	-0.017072867439782913	0.01637596940400055	0.002224950286676548	-0.009190909333422698	0.0060735759880000744	0.0	0.0	0.0	0.0	0.0	0.0	0.0	0.0	0.0	0.0	0.0	0.0	0.0	0.0	0.0	0.0	0.0	0.0	0.0
ec1534	-0.1585506681002473	0.14384778025275108	0.2360285199648848	-0.04840352109421733	0.17840140037063607	-0.10506240166014214	-0.048851171763368235	0.024945818576455035	0.08388010865715587	0.0373975342981145	0.03200631839661519	-0.05704868877648957	0.09249539128990887	0.1570992302872965	0.07063802430362406	-0.007965899592759474	-0.0478828882723162	0.00288479731860231	0.1139336085961626	0.044589586151112214	0.02573294683028626	-0.01678837226326288	0.10037567637110117	0.007957002564670683	0.06856816162594827	-0.03411909640380746	0.09713418249961864	-0.048411578758104416	-0.09345786114790278	-0.058669701376808416	0.018406344422018703	0.008566630855444724	-0.01205140043945531	-0.002644112481545837	0.04118716567240653	0.04119459629918055	-0.0037049742536565938	0.03365986358222089	0.02368061952623826	0.016906504095912628	0.004139075761501656	0.02146486473819092	0.015135926026915476	0.04010389697309928	0.02025090693900637	-0.010786055263613935	-0.004939935589156589	-0.01699394582526309	0.000416272017202117	0.0	0.0	0.0	0.0	0.0	0.0	0.0	0.0	0.0	0.0	0.0	0.0	0.0	0.0	0.0	0.0	0.0	0.0	0.0
eti145	-0.08872475622366145	0.28958990415534736	0.03322845597715999	-0.19565937754838603	0.034360369274172	0.029282612405138207	0.060806373858119794	0.02304064417954002	0.006333496312187926	0.08271809281717397	-0.03838062983054069	-0.025440458094461795	-0.04644799607701746	-0.0018417328469770276	-0.01433286397015421	-0.0029920136411972238	0.038465241821684516	0.02026514006675086	-0.02689459169423506	-0.012755284350182777	0.09899288222937909	0.1265861524617806	-0.007183656639375926	-0.0018205304319562218	-0.010464057438982302	0.008502552260369334	-0.012953502077895087	0.04261948975421742	-0.06459390754666644	0.010125244939435365	-0.05418833137414484	0.006316507949022236	0.0625777254158238	-0.04207659088282299	0.03169129265984521	-0.004092832888822756	0.06922416835869659	-0.0008573365734888399	-0.02137024964181086	-0.0006046410679437495	0.017754614747270244	-0.0084932931839084	-0.031726239439586766	0.0025807859505685127	0.01983161896794937	-0.025764186959468638	-0.00149427248484089	0.0084533745329203	-0.001005510447608084	0.0	0.0	0.0	0.0	0.0	0.0	0.0	0.0	0.0	0.0	0.0	0.0	0.0	0.0	0.0	0.0	0.0	0.0	0.0
eti146	0.15209251307926547	0.290588225081173	-0.12284501006550295	-0.13236328845080828	-0.14884533276384493	0.09893013729175387	0.127065621118964	-0.029387411353773544	-0.08772479495703084	-0.048528136673337045	-0.05301486022174914	-0.06431158561279783	0.0697810143726961	-0.01020317192916698	0.010066681824979093	0.030395637670270245	0.022783197148437826	-0.016080647520876398	-0.12458791468707944	0.04140267204848822	0.031156543139458526	0.07907318988986006	0.02567386761863142	-0.029884676977863445	0.0816835805093884	0.053929014192222645	-0.014992836982806412	0.043862018838146416	-0.12106387472420338	0.04845206858121242	-0.03403134084886779	0.0017513848324522763	0.06113436775028722	-0.002742123168743687	0.029798906751639025	-0.021858593949588105	-0.025056707015753736	-0.015822974941061593	-0.009248014543073575	0.029957790845672908	-0.03207424532646815	0.029671161970648393	0.013300345356032075	-0.007195707514548656	-0.02127345181981196	0.009659422817939358	0.0008728259921516819	-0.0016501527379246207	-0.0009534659897602506	0.0	0.0	0.0	0.0	0.0	0.0	0.0	0.0	0.0	0.0	0.0	0.0	0.0	0.0	0.0	0.0	0.0	0.0	0.0
eti147	-0.32028058300547896	0.12041499683795064	-0.1466149803542059	-0.09395230604977205	-0.1915356902701448	0.03804629017509806	0.10539742433066301	0.07011987656638356	-0.08240119453514003	0.060420175842248215	0.028905875972819375	-0.08741368907312319	0.02678406244360261	-0.003101505626055534	-0.015678689071701134	0.02416124746879346	0.03002809382087016	-0.003006751602452302	-0.038842629452465895	0.03476273663354803	0.01964116273928923	0.0020914863500460165	0.017702839886212074	-0.030093608636053364	-0.0002577490540206331	-0.05520010850306977	0.041952535524613865	-0.06096773669407819	-0.07073769111368045	0.06023449901553628	0.0199413065999362	-0.048904281379915246	-0.029122758213023323	-0.02797071811326461	0.03327158942712324	0.019303086052244692	0.03482616011978038	0.01654846127417094	0.015492086434153358	-0.03480606894769706	0.020009644345816084	-0.003672447650650708	-0.004527339702762535	0.02079300924937615	-0.008591687331608746	0.01657637432244056	-0.004365013927145003	0.013049513668465957	-0.003048877951162027	0.0	0.0	0.0	0.0	0.0	0.0	0.0	0.0	0.0	0.0	0.0	0.0	0.0	0.0	0.0	0.0	0.0	0.0	0.0
eti149	0.12499711310526714	-0.19397577603366895	-0.14676366533380925	0.20002929774018866	0.17158673916546244	-0.06956697131428238	0.10014281742827687	0.15876835018734753	-0.002108262894222709	0.07388114232045616	-0.03710590188595751	-0.09241523271795335	-0.03705545166494413	-0.20480602014235386	-0.03715400464169508	0.23056284588843334	-0.5358111541160167	-0.11413251066821792	0.020765186935148772	-0.006561252148966918	0.06287501869242218	0.03163754391483664	0.00798762516497749	-0.01033631666123082	-0.012599032659483691	0.010828873613302545	-0.023880882909781034	0.002340495967645971	-0.009634251653196282	-0.0019747394724234993	0.0044676716382916985	0.006858194007798641	-0.0004605034009070153	-0.01046426190200008	-0.0027447920795891593	-0.0004810669545244457	-0.008237111051425619	-0.0005045230734654783	-0.004269158701869338	0.0010378272161774781	-0.002272185913763838	-0.0018285919060323657	-0.0006310489591042362	0.0034174484925464234	-0.0008587049449262408	-0.0003216098749411423	0.0014115318868095192	-0.0001908660903730506	0.00034922809036413006	0.0	0.0	0.0	0.0	0.0	0.0	0.0	0.0	0.0	0.0	0.0	0.0	0.0	0.0	0.0	0.0	0.0	0.0	0.0
eti151	0.08811932391579014	-0.20750435640508597	-0.13635389708811682	0.28563364716512896	0.17104938953443347	-0.05640399746555098	0.18519849510421013	-0.36625264873872704	0.11132057212987502	0.09516023554539753	0.02441790098651434	-0.10148456411019663	0.011420680146927632	0.11795105520727514	0.044922322599294864	0.0029241502117465573	0.02395632807106069	0.03942018780920778	-0.07109472139082997	0.005645322222736634	0.25384813674827533	-0.20551316745349338	-0.113374550989376	-0.08533372867901019	-0.07381158794920648	-0.0016444150308137276	-0.007017542449708168	0.04102910981394252	-0.01878840668996014	0.08860208917202973	0.05223674139950352	-0.009076351498539024	-0.012338192371104128	0.034641833948963315	0.022332399484938596	-0.005822429215580927	-0.004698625899252986	0.012705772268248901	-0.012524580705789346	0.005306908690449412	0.014978139008380197	-0.021290767672875476	0.006014559149134098	-0.0010120779957887727	0.00011660088912677835	-0.0037865592141478727	0.0026815768445437598	-0.0046096573403805975	-0.0011606943399390809	0.0	0.0	0.0	0.0	0.0	0.0	0.0	0.0	0.0	0.0	0.0	0.0	0.0	0.0	0.0	0.0	0.0	0.0	0.0
eti152	0.08584892391577523	-0.12650238357685614	-0.015889346947047443	0.23332195664792596	-0.005968643241722834	0.03891994441139322	0.015089763789563265	0.08199328580477364	-0.05274223054790273	0.212883308568117	0.39270116242529907	0.12037624155032609	0.10753129455331564	0.07338526111717598	-0.064235791608183	0.11254524576728771	0.011504733058924806	0.23607527934145814	0.2908191465524692	-0.0550186141411408	-0.04923560960939312	-0.009813965566571424	-0.007428631910716326	-0.06887278336883147	0.04838347828240627	-0.019532986254190098	-0.01029140491776342	0.0688616022946733	-0.010449856878926442	0.03890593194184731	-0.04800879953271792	0.030456007877796242	0.016485109649759497	-0.022095875769231513	-0.023321285279384138	-0.017041975265883386	-0.0017279789942392034	-0.026869287270497155	-0.0009644031085114023	0.008766679979367004	0.0008314749521309908	-0.004822321677207297	0.004286280242857727	-0.008763767672038287	-0.00792980814436486	0.008116064783489424	0.0009764662009440931	0.0048353502011069345	-0.001665394901569091	0.0	0.0	0.0	0.0	0.0	0.0	0.0	0.0	0.0	0.0	0.0	0.0	0.0	0.0	0.0	0.0	0.0	0.0	0.0
eti153	0.08985686557467851	0.19112383427719537	-0.4513734477495341	-0.13426015142094286	0.029727722631338698	-0.021143509434449852	-0.20578147202866118	-0.09175786902350337	0.05507283451542887	-0.12864376969849692	0.05510013600371387	0.028195249966896326	-0.06385695983635484	-0.11510880390875722	-0.045475417746462486	-0.0450232488885155	-0.013862250526060806	0.03416563570484343	0.01100854766610429	0.07893465568063353	0.005071873637601827	-0.030266630014032937	0.012893815240994975	-0.04656023472909656	-0.060867080219506244	-0.024941034055066542	0.01563833736867824	0.042797670186600745	0.016906567470822084	-0.0019870978525979555	-0.03551521720926796	-0.005003454492582011	-0.006602485323325398	-0.013637365023624759	0.006612504228090869	0.002689954906218509	-0.012946879560210399	-0.022730340808325172	0.02436488326211164	0.008956077982816073	-0.02401910971942848	-0.015897449421342212	-0.023361912800937756	-0.013295425748701574	0.0038462259356968845	-0.0036119903759321533	0.0009898695387530446	0.017846102231300443	0.0009106626070952584	0.0	0.0	0.0	0.0	0.0	0.0	0.0	0.0	0.0	0.0	0.0	0.0	0.0	0.0	0.0	0.0	0.0	0.0	0.0
eti154	0.023041131728134	0.31269301137230376	0.2159742369623182	-0.12389034329282833	0.08914297768562177	-0.07037267487898795	0.042573771064617856	-0.022553136126457454	-0.025080529728986105	-0.002571797789002246	-0.0628772713246848	0.05942016944510146	-0.03991575019799114	-0.009681153923770265	0.007460620828004645	-0.01852566284685513	-0.005736802496258706	-0.008163354212815424	0.010052634052669011	-0.052127763890281564	-0.0011545338898131885	-0.012665412508926948	-0.03960182748870816	-0.020755134815233906	-0.05598675557527719	-0.014211981542012284	-0.026220941531484656	0.013880335240584098	0.07215840476928988	-0.041807202809683565	-0.03821667304754271	-0.009824747314150725	0.04887651789166264	-0.004958142454551315	0.008264278344419847	-0.024267054220192756	-0.0008086200555621298	-0.0015952417261135743	-0.04547088529925725	-0.05536944771318645	0.04537996857716118	-0.02914952698216607	-0.026813915119022775	0.012267184214160844	0.007665585646806842	0.0037524495645382652	-0.0011963995727885478	-0.0016836023323739732	0.0019691587029972797	0.0	0.0	0.0	0.0	0.0	0.0	0.0	0.0	0.0	0.0	0.0	0.0	0.0	0.0	0.0	0.0	0.0	0.0	0.0
eti156	-0.12948868670104643	-0.22612869704904442	-0.0972503545556891	0.40092738143455287	-0.2791664862511154	-0.290283623336276	0.003922410136829626	-0.020930338984556027	0.028866109152351684	0.012554423202797265	-0.164325605721343	-0.04023534697780507	-0.06485216998036805	-0.004748519470653028	-0.005815570246069841	-0.09406384889841747	0.018946281189941145	0.11094573943707456	0.09212246721832924	-0.06217564608234756	0.054362749530653315	0.07935282660343228	-0.03156480371378928	0.024083851788729984	0.03807782412077752	0.052830062566541415	0.017269906807620364	-0.048778818920201944	0.03429792756782285	-0.06672589902368073	0.011864489069796542	0.0460541970081623	-0.006855572388756699	0.052816536524578656	0.03254288408818384	-0.004717499028253652	-0.02116658776536928	-0.023435913058930283	0.05315696023393136	-0.0046406649724222366	-0.022906762305580516	-0.023334378445283133	0.007167541112154581	-0.005181275638203021	0.029758369422693068	0.012498017169324369	0.008353968778695082	0.005981873105503819	0.006174931313200015	0.0	0.0	0.0	0.0	0.0	0.0	0.0	0.0	0.0	0.0	0.0	0.0	0.0	0.0	0.0	0.0	0.0	0.0	0.0
eti160	-0.369308440375456	-0.16288433449122408	0.10227004237360603	0.20853830083143682	-0.1802093727384543	0.1254311587545225	-0.0930352855302281	0.057044556743115336	0.11953589291162596	-0.046564363235389906	0.04255824221552327	-0.022448941290038247	-0.039227562813759935	-0.040665261102204316	-0.03330413355472217	0.006773380012204842	0.008638275854747137	-0.06368286628768763	-0.050060185178044767	-0.039687450138639994	-0.09801073313671721	-0.11386656421241777	0.00030895677550370334	-0.020824125517049537	0.007641422537982956	0.057921218823974274	-0.02844552874415955	-0.027968707100460243	0.04040984650096785	0.027879140157950386	-0.012083910807604	0.046974541263259825	0.0835435274697978	0.03174968422512254	-0.008217721698928702	-0.04914339282871643	0.0041499360321971	0.07256560191602976	0.02868441192862157	0.04236773022359323	-0.005164891320057468	-0.017152165701984093	0.013826782738701726	-0.004024643838648116	-0.03737847628406375	-0.013869359439902062	-0.004503127407001635	-0.008377478818478962	-0.001389548169122403	0.0	0.0	0.0	0.0	0.0	0.0	0.0	0.0	0.0	0.0	0.0	0.0	0.0	0.0	0.0	0.0	0.0	0.0	0.0
eti161	-0.3503945671094474	0.04495321875675886	-0.10035611918839298	0.026591069051212033	-0.23306660611108598	0.021760514303238745	-0.03659829925941674	0.05824558237995849	0.023525058937294445	-0.0006538717219046968	-0.01786261928218756	0.014993717110636453	-0.004174910307178837	-0.0036103827896815347	0.00035651567325325974	0.021853419137447067	0.0007853406903870683	0.02302673124749373	-0.05915783157814642	-0.06204903499411437	-0.03481938548500514	-0.008095072257472177	-0.03803137181027583	-0.03650296567751595	-0.08577152382799529	-0.019104264346321894	-0.051131260251343846	0.10303737727503917	-0.021960261199803852	-0.011533838716486727	0.05877665442628437	0.05962779260243368	0.06479345450355943	0.01690019494534002	-0.018712977153404694	0.05617240118012401	-0.00955455471075223	0.044619333318183234	-0.020366388252011255	0.003987271446386724	-0.06027978949473095	0.002398187294213575	-0.05376322201638043	-0.0017566805235061508	0.015407040688897505	-0.0023468442245697762	-0.002295394730022451	-0.002394985118542653	-0.0022245716654035077	0.0	0.0	0.0	0.0	0.0	0.0	0.0	0.0	0.0	0.0	0.0	0.0	0.0	0.0	0.0	0.0	0.0	0.0	0.0
eti162	0.05756599746114596	-0.2627689498478103	0.19242242593689673	-0.3570029498698362	-0.038267602964381066	-0.036296798462357366	-0.026742653802477853	-0.048355285193708505	0.028685637771828497	0.004261354769399713	0.005018910885724731	-0.03108837307460779	0.03365491593523739	0.016184321755743993	-0.0006406976961651634	0.010970080471306968	0.006799486499056819	-0.026942440048417365	-0.009663171447527458	-0.03922415628068139	0.007677712622540663	0.021694838472175192	-0.00926736048648253	0.015322125969333848	0.031314649682409226	-0.017792612725841546	0.007506480234484256	-0.01718704267723803	0.005802149156710742	0.02031466875568477	0.06388759197621476	0.07755064664079385	-0.06544425548139493	-0.1127561936576936	0.022048626269308508	-0.0051168963589537965	-0.06488545256600488	-0.03797169440315098	-0.015415982886033559	0.04386218657933568	0.001675201097158371	-0.013711342805348218	-0.05055000690021234	-0.014139737401292506	0.0011718199567258526	-0.006356390518371625	0.0027376265558174883	0.006403162597957663	-0.002542668170678003	0.0	0.0	0.0	0.0	0.0	0.0	0.0	0.0	0.0	0.0	0.0	0.0	0.0	0.0	0.0	0.0	0.0	0.0	0.0
eti164	-0.2818420662888309	-0.044104594094708155	-0.04262652444342792	0.16054351436529046	-0.24080328485375976	-0.17286104277393755	0.07910740601865869	-0.04578950443649209	-0.12477525844775615	-0.13402107465777266	0.004224043459740175	0.019203667840777917	0.08796619533682387	-0.09318614318420769	0.00524418966955982	-0.018632349035817383	-0.0002864115434169101	0.007922230246998454	0.06605690516029515	-0.0012303118825179413	0.015596182887786228	0.0010181342689293583	0.12478286069146877	0.05720238071119883	-0.0020863289732272966	-0.12709706051678096	-0.047903529259461335	-0.11044581208832327	0.07026636552720555	0.1334588026431061	0.03120923889450271	0.057038583605332246	0.09271085495595187	-0.005540960968052287	0.015444637813408055	0.007008858577469087	0.027983847629264126	-0.003753732702153738	-0.04203489826366631	0.00724916125279702	0.024215499332498305	-0.004428923984930946	0.015952543929866038	0.001969429330683065	0.014636745330179212	-0.015839720101875808	0.0042940538465720875	0.0056597520824111245	-0.0006073772925162308	0.0	0.0	0.0	0.0	0.0	0.0	0.0	0.0	0.0	0.0	0.0	0.0	0.0	0.0	0.0	0.0	0.0	0.0	0.0
eti165	-0.025972778359186384	0.30069883761652894	-0.09009098715503877	-0.21993409988329574	0.06804001484221718	0.018273640418890017	0.007190346841884399	0.006696424091652666	0.04797499007743008	0.0773237568776751	-0.03293516907494271	-0.020079368390743334	-0.037828731913169655	0.010725384164594799	-0.0010537633008922292	-0.008851726044515961	0.01712071016971467	-0.03022421138257623	0.02775930180529447	-0.034187148829574625	0.03249757673345502	0.09858127095038294	-0.07790609669785682	0.0321609812197126	0.024650440425033657	-0.08608904648501794	-0.03471893205028275	-0.011131598968632932	0.06682801769299909	0.00029973300880717845	0.03819108616983743	0.04133325874096299	-0.03551872378407156	0.03116509040207176	-0.10616698209738737	-0.03721834780077145	0.025703665720139404	-0.006757874428284656	0.003789964080632316	0.030415344347387133	0.011416069813748247	0.012839104149803632	0.029986476830057257	-0.03443690878552684	0.002309413206657617	0.013065997783284489	0.010191908338768539	-0.004329148164737357	0.001382553998909926	0.0	0.0	0.0	0.0	0.0	0.0	0.0	0.0	0.0	0.0	0.0	0.0	0.0	0.0	0.0	0.0	0.0	0.0	0.0
eti166	-0.35231741764301455	-0.043575995958845315	0.2085334241323253	0.08509170141592201	0.2421518125777947	0.1520864649659258	0.031121662399167874	-0.10879706424487695	0.006260982384426858	-0.09717965824724606	-0.06453299936771496	0.18170597739406133	-0.05597177536676127	-0.06910730717738231	-0.008450734074463602	-0.006753586383908413	-0.005099918431548057	0.006783934880911008	0.06514987636577949	-0.100014928805292	-0.04091007486774789	0.11279389244055578	-0.040304218155520044	0.0017007030307371067	-0.04413654049059038	0.05900864461363226	-0.0038778038139159307	0.009912948092249794	0.014801164850116018	0.027682348046248424	-0.011987494417052411	-0.031172667433540496	-0.0169966601630552	-0.02549671568268873	-0.012005155425580026	-0.010493403755655372	0.006234603888184525	0.03461835354201499	0.012227527312904886	-0.0003519309911258928	0.0010534787313012115	-0.02434010179239324	0.028241371117159155	0.0037411119325486035	0.01127973792309851	-0.00891223372515333	-0.0038405891106704847	-0.006629870606626429	-0.007115028092826962	0.0	0.0	0.0	0.0	0.0	0.0	0.0	0.0	0.0	0.0	0.0	0.0	0.0	0.0	0.0	0.0	0.0	0.0	0.0
eti167	-0.23168643727606156	0.0015161744660076772	0.21475227676415232	-0.17813866678083132	0.10667908621972384	0.057592484758173634	0.02336075366696165	0.05725673197875418	0.15975298145675967	0.06769091412513481	0.04185278365563606	-0.05288548854762277	-0.10817042647254005	-0.010565626890656227	-0.05003614678565631	-0.02357046596366949	0.019337653198042787	-0.039258044830483715	-0.010735413170114567	0.005390599417324294	0.002488693374227707	-0.08651796876236434	0.017616334279735506	-0.019569962339319985	0.06466408266201862	0.08468604754226433	0.011168615195299936	-0.050214703520319794	0.04282139363042627	-0.0342591986483149	-0.06103662992626726	0.04438964943731853	0.06999117838312686	0.03751303483385537	0.059596779285134883	-0.06391114413134384	-0.011723520948423322	-0.08156110420248934	-0.04727445345073185	0.01925874391193125	0.01904826875275372	0.01507577468817731	0.0003979603563722761	0.009515485605145015	0.016693657849373336	-0.005843653859856474	0.0035848455937151622	0.0017280221915509269	-0.0022337834889313126	0.0	0.0	0.0	0.0	0.0	0.0	0.0	0.0	0.0	0.0	0.0	0.0	0.0	0.0	0.0	0.0	0.0	0.0	0.0

Biplot	0	0

Site constraints	0	0
