Eigvals	68
1.1633476535555536	0.6186958481759072	0.6063053700849109	0.43458101524745635	0.3875854387707745	0.3661609367239883	0.3216719015476866	0.3105599122411762	0.29385615324682296	0.2875392681886871	0.2838750152864196	0.2696183095258308	0.2599862133150232	0.25393464623643236	0.248067361633715	0.24380680171809965	0.23642582266011378	0.23136617452223257	0.22681085048921337	0.21744578200746004	0.21039290510793637	0.2026436121785952	0.19810874769437056	0.18885411905022126	0.186606182294554	0.1852037682203993	0.18147280633904161	0.17625825262067318	0.17121266755855755	0.16285345730001824	0.16147560899527727	0.16049269523073909	0.15458163381938356	0.1526078330757161	0.1480862228254565	0.14615678757537384	0.14349452115138747	0.13801509617236662	0.1369227587480077	0.13366434590785417	0.1293904214360667	0.12352413929211978	0.12176208689823073	0.11906453486997098	0.11383863131278739	0.11041284325253044	0.10976730972404534	0.10679401279661342	0.10477147815349981	0.10212898799681851	0.09932882174016629	0.09731996714605792	0.0950446664847492	0.09134474564793256	0.08775639403688677	0.08751828120968204	0.08409221984411845	0.08091862129708025	0.08003409584693127	0.07655986519751876	0.07416360742725936	0.07036219658731187	0.06784218264743833	0.06319136171460338	0.060823798725179595	0.05560587642710511	0.05383549114275596	0.0

Proportion explained	68
0.08902302523843833	0.0473445542600655	0.04639639586524703	0.03325550756068379	0.029659258083589	0.028019787732140065	0.0246153466871704	0.023765022279449835	0.022486798049585012	0.022003410116287484	0.02172300994734263	0.020632041935447914	0.019894963606839032	0.019431878640687277	0.018982895549800885	0.018656864090728024	0.018092048334272737	0.017704868128510878	0.017356280391112422	0.01663963586506489	0.016099927518801474	0.015506927225277566	0.015159905116969555	0.014451711795014198	0.01427969259686431	0.014172375456423407	0.013886870506366021	0.01348783643786662	0.013101732382939792	0.012462059295067078	0.012356622004646793	0.012281406348690245	0.011829073318576017	0.011678031871178825	0.01133202401858464	0.011184377558440867	0.010980652549558415	0.010561349698249395	0.010477760599324072	0.010228416589715524	0.009901362432726202	0.009452456053141154	0.009317618256156552	0.009111193081738732	0.008711290487838341	0.008449138399408283	0.008399740141352793	0.00817221409907028	0.008017443380249277	0.007815231713606388	0.00760095417535211	0.007447230296952486	0.007273117126587932	0.006989987534991242	0.006715395571825121	0.006697174428591577	0.006435001425978957	0.00619214767311654	0.006124461000751672	0.005858601932878426	0.0056752327437047285	0.005384336817528213	0.005191497416610587	0.004835601955767203	0.004654428581568275	0.004255136738743826	0.004119661282745197	0.0

Species	0	0

Site	68	68
ec1057	-0.19423186501729828	-0.09436529065674068	-0.046224144683714795	0.11490788922315835	-0.03271328805258781	0.012743586385796826	-0.04896369657841885	-0.04428752572194851	0.08070744284674979	0.09001702009074455	-0.0007615431885805125	0.02203992688168973	-0.04836122224278229	0.01714548147103071	-0.07685123162460719	0.05298973971393405	-0.016885930375689247	0.12401614474176578	-0.01616086123028277	-0.012794879265474813	-0.040891774917762885	0.01800666243714479	-0.012202143151260614	0.01455437308995013	-0.01179487168187851	-0.025444885388647198	-0.04749015231864918	0.002914922231177929	-0.000465545728917346	-0.05798174395168827	0.03403216539601737	-0.0353378305188759	-0.014424049405710591	-0.11869566602037504	0.07775831877514637	0.0037646590068060926	0.021461004805293293	-0.05162570227471397	-0.02514011971352444	-0.018079423172666007	-0.003099595861526525	-0.10282739582973639	0.004904966795613508	0.021060130736687468	0.07657306567295624	0.024355400846887906	-0.0572080010269808	0.057549465786801667	-0.06093538004284931	-0.05052669421531316	-0.0692774703300403	-0.019980628554986814	0.025062535165962636	-0.016889583429500872	-0.006436739349628368	0.016081634381968683	-0.022017667999700306	-0.007284233620678798	0.032404931723704136	-0.0004178259352628012	0.026632993526425897	-0.03902841433423772	0.025618163606704786	-0.023001426516844135	0.047750423255111654	-0.049202107660498116	-0.022403383216892905	0.0
ec1058	-0.1089965775794412	-0.06574306119477688	0.030235304663154824	0.03535539492183491	-0.08783369809812702	-0.05067348662081443	0.04861368806877086	-0.013689794199624182	0.15641482541320192	-0.000634155803704426	-0.01725949700239123	-0.0036687313572535607	0.053437824511909336	-0.00491982821005161	-0.01672782097221054	-0.008271780326210357	-0.029029008805133302	0.04421089732580711	-0.010612939134378043	-0.003203275327578904	-0.10313782455433923	-0.07810478024225889	0.07117156298299995	0.010979455089871483	-0.0071800021612361455	-0.021843214609258355	-0.03630870954166592	0.028258037338726102	0.12156621948892866	-0.06508069462477173	-0.0283697176890492	0.03239035370609	0.14742944449084813	0.07917156737352249	0.05067701879372723	-0.08712101417484075	-0.003522329190296017	0.02177973132768347	-0.040905166427272356	-0.02715983337411957	0.016881531196207035	0.029560767100211435	0.010280467196374123	0.021877384815118053	0.007725395468648031	-0.012599814465149708	0.04994749784814141	-0.07027667743873152	0.019783471868221176	-0.044405374762979975	0.06590673716955969	0.002724329555476307	-0.07933215377808067	-0.005093314351146096	-0.011271306796494235	0.018194716465201387	-0.041275554506869164	-0.009139209682891747	-0.008055890549393284	0.036654274470457555	-0.015218680799267465	-0.018051939390332443	-0.008389052421732874	0.022080122728709687	0.02685928362842321	-0.0059820677795083274	-0.02263613097938792	0.0
ec1059	0.06489040743740677	0.0010606857246827685	0.0711191321126892	0.04243676688713692	-0.08565471841633497	0.0864928051124964	0.08237794437541103	0.012867828726313235	-0.001697423798472082	0.007688165146244997	0.08979157081897811	-0.014656440712805831	-0.018137787953246675	-0.008226572512189018	-0.039729388583686	0.061651005941383556	-0.03281932692747875	-0.004234951295401875	-0.032514421659512384	-0.060370055926796465	0.06033418985337671	0.027055477695741532	-0.044151107237130366	-0.007673547378138859	-0.027143618963548333	-0.004005768924145155	-0.021801214916560945	0.061785580151828424	-0.01753668713283245	0.06990528214295326	0.02192220946648261	0.05141300422526351	0.04068864060417666	0.042546926402928814	-0.10139171715759183	0.026374264863371275	0.01703547020770872	0.0059849070727865505	-0.1118246459457209	0.048016147707387456	0.09476084063000582	-0.029636842755651104	0.03587304498086878	0.006165538456443769	-0.01549064450612676	-0.05873167571018071	-0.053015093923934706	-0.005903671297742886	-0.014155913830479185	0.01567420814659065	-0.014256130446083363	0.042303984249946094	0.003350258451899905	0.05411632220578157	0.03271491420518537	-0.027769777496035358	0.018149200245585414	-0.031053404050484068	0.056906244388823427	0.03991917962161765	0.003290157913548782	-0.06386180124831017	-0.030478597899237996	0.038937844845368635	0.06334142232041937	0.008324458568356808	0.04991216662936872	0.0
ec1060	0.1410555496360267	-0.1819892417536037	0.015450392987228334	-0.048860250144713104	0.06937521641539472	0.08104313298651195	0.09160044595947069	0.024700564729931013	0.0005371373852698062	0.07895734973149346	-0.018354110225953624	-0.05794650087939284	0.009709764245553783	-0.06052902939789617	0.007635425915471138	-0.10223211785926527	0.003984643858027811	-0.03362540763467022	-0.009259590094749276	-0.08934610903306264	-0.02039726262310986	0.061613354291599226	0.04374051141169012	0.0003762147691758384	-0.006690603149796268	0.10470688804602499	0.05436391142660987	-0.1054494928581032	0.007026406827617299	-0.025817780826203826	0.060970056383857246	-0.026973734248397312	0.04227341142920145	-0.02597666380260938	0.04304840219829162	-0.02279245812922667	0.043689787068327435	-0.08830712721653881	-0.045333137460342496	-0.0006987624024833035	-0.05207000709946548	-0.0447167680593872	-0.09228925910852705	-0.018368200753250217	-0.0389418268117348	-0.04947719875711243	-0.010578110670083435	-0.026057226817159076	0.045978011893894215	-0.024595125763395342	-0.01192527632639017	0.029071421654365433	-0.013726364267220147	-0.044312424788273304	0.007924986484432723	-0.011397494862312106	0.031307501601155904	0.047554450202854086	0.047507417542073896	-0.03809533784996657	-0.06821219862763137	0.006475705718146288	0.016784669598690464	0.011580996781840616	0.023260548648970168	0.02028203488560074	0.02293828714133946	0.0
ec1061	0.03179994877810662	-0.0005260059066262065	0.08842976237162385	-0.08922057436615356	-0.01589076120128771	-0.10578594500303526	-0.02516910450324267	0.04398712077642997	-0.12364249974085866	-0.14160897346881907	-0.005947159399811232	-0.028744209287352714	0.03309624051164309	0.13656245644420767	-0.017748081188091295	-0.09652168513756312	0.10415356258937321	0.05515422489225925	-0.06729927230787265	-0.011400080096727947	0.09160427229414196	-0.021722384148532198	0.004249494237616372	-0.06041567362704308	0.13818504700072537	0.0013397962087523972	-0.059939573242055795	-0.050329131507909824	0.03228129619638783	-0.007322696704884384	-0.0687304151472831	-0.09272916114357747	-0.03520996929110441	0.026135466144732434	0.060933952993111065	0.0019758675510891145	-0.038784800956808335	0.033211148797226704	-0.03434812782193566	0.014354021435396066	0.0058516399596216795	-0.0037618474320837464	-0.024594912081301094	0.00999543105589904	-0.013068630466190556	-0.02727688450619395	-0.0746065635791238	0.03926614327458721	-0.017198824478412242	-0.07968976888985457	0.017103635051410528	0.004328808185312267	-0.029926955120697356	-0.005411888964302731	0.0002676385913054183	0.015878122194537953	0.034268975569401325	-0.016739145961435883	0.008953503987337828	0.03596718109355722	-0.0330666721921267	-0.028119464546635265	-0.024251790485829185	-0.0031334103505781027	0.013782381742178546	-0.01504387091445144	-0.006693411749512722	0.0
ec1062	-0.03899419691907674	-0.03678953492425915	0.1417053352715752	-0.013517162773576487	-0.01018729869294704	-0.11985940963706555	-0.015608314448933031	0.09701776962070191	0.021261602845950432	0.051855659788493984	-0.0538846018237342	-0.012294296183966002	-0.04539720630052484	-0.00717080602758396	-0.012563391430399628	0.09705373683995949	-0.06774422717130306	-0.10763406661077873	0.07862859213210864	-0.040943077391761805	-0.013666019140849727	0.034158817327822555	0.1670695457943686	0.028938268558086185	0.06948610374628629	-0.004206293842447085	0.046511545014504566	0.0003493382844351744	-0.0011357746614880444	0.013937599142179765	-0.0965111242921216	-0.12005933059587309	-0.007322280070446248	0.020634728244587747	-0.023819055759659896	-0.0014996038157240714	-0.05291187569687854	-0.016151930885074012	-0.0024588283892902955	0.056961190744324174	0.006465654683239738	0.0009546192115782785	0.03645270151842789	0.024180905394679243	0.11357370547013372	0.04593674158475863	-0.029399318401615103	-0.017147954890679228	0.06226866756863655	0.02987851018319265	-0.007137813338715734	0.042925980183181264	0.02611619889835702	-0.0005565913205673609	-0.028155949743060814	-0.05764175364585861	0.004313865494129234	-0.022929891629906857	0.03833124196822657	-0.02025835493660594	0.0051329913611883726	0.012549733481764174	0.004621635901502296	-0.003239007869807321	0.006624116606718362	0.0019468693521549924	0.0010210202484576493	0.0
ec1065	-0.13009014250973028	0.12693808872019968	-0.1082157466090633	-0.08795054245747404	-0.020289074922054576	0.05937224203936579	-0.09678415595356776	0.026109815715330817	0.0589041869694523	0.044897250970508194	-0.12683127127461555	-0.06532208751998914	0.12332212722460782	-0.054954633903535416	-0.06912762373411958	0.044373368996966346	-0.027920846395507768	0.12165978558399114	0.04321963990760798	0.042010765111110016	0.009779837800920404	0.005652838000842075	0.11600504016854628	0.03819430631458252	-0.04857032136259832	0.0854580315259432	0.001665330911027352	0.07033302921267225	0.005328048395331387	0.07458219684190041	0.011626176921909849	-0.017692994508053235	-0.09434357712919222	0.04931167325413473	0.07095118938145535	0.06244767802347366	-0.00583728565242483	-0.011237717789504784	-0.0017367777944188294	-0.02708139088395872	0.0033692881923083457	0.04436742112404686	-0.021196162566510357	0.021341262176486707	-0.026981495479209576	-0.07720950311757348	-0.018273687328316492	0.004872661555129552	0.021967374115906674	-0.009005102618755978	-0.003562579537782581	0.02624799173731006	0.0012488671023782308	0.019340648153442302	0.047673779175613405	0.011213996463513749	0.053877685203437546	-0.03376823675163962	-0.06075489109909445	-0.02333987573402522	0.002720912349937578	-0.026053654242049428	0.02416354373337512	0.0185323601524921	0.005388424070298934	0.001347505443594759	0.007881790339122364	0.0
ec1066	-0.07505376736205867	-0.042919325852437	0.05599785463681367	-0.012231062841385169	-0.10400992179473606	-0.012361493843466851	-0.012906746573470563	0.06659542383871742	0.06285548345376551	0.028187265519259572	-0.011998546793618704	0.004905784252822342	-0.1193384715411381	0.006114300219020786	-0.024578656831600577	-0.1056002469019972	-0.005773235047864789	-0.0751526591681747	0.03539869724045618	-0.0014104368780899568	0.025451548315504842	0.042239710729970306	0.08583144445279059	-0.03750050118773628	-0.00790698871998005	-0.016286036267662653	-0.06253685682981419	0.0598272067241256	-0.06336236405921879	0.03495527188869774	0.02161535643658534	0.015129818231747989	0.00018886736463135612	0.06144050873190045	-0.03714044500163976	0.010769793084049298	0.04488733320000127	0.02393922494528126	0.10855968468393311	-0.06713053059491911	-0.06503000861312494	0.00958339332504108	-0.06355288724672266	-0.014123751223323072	0.023582740287975534	0.03974461294916016	-0.04710520665857692	0.017877804445328865	-0.061214596875352294	0.009607044697614866	0.02258069938278396	-0.07119132655551072	0.0357116983865799	-0.016978171321259453	0.019865683896318306	0.0585656213763322	-0.011854328290501316	0.024321282235378768	0.013111838352653579	0.042902896037852425	-0.023037976942402418	-0.03878356531712487	0.013550626466100214	0.08241517647386841	0.00588909948092999	0.04167737032243484	-0.002074878951363806	0.0
ec1068	0.11146464163283426	-0.022053334526423746	0.001475816993859224	0.025547783637061915	0.05918780565301343	0.07489781780911607	-0.009152071389714576	-0.01154467049207269	0.07910239559491689	0.08137051042297008	0.058718234874025936	0.08530890094400824	0.027353475443628532	-0.0008649004540995441	0.1128581094416692	-0.06704803045144926	0.009844290636841802	0.05429724134575461	-0.022251922987650313	0.06567253632850713	0.04333961832265673	-0.11488691961649843	-0.05486663698290058	0.09475638814924689	-0.059528917502666825	-0.04989419620175004	0.0008178984491951947	0.008133770371128975	0.021614441178054476	-0.03991801317417951	-0.12921657008244816	-0.1164029145311815	-0.0451733522371468	0.04091218922077764	-0.03880260591818784	-0.015344090076391387	0.0162250509976337	-0.0014032093352968965	-0.0003869513925171707	0.022479034442712594	0.0200150904652582	-0.04615457078880284	-0.010009385494146603	-0.02803207514933256	0.05562595016260371	-0.06555252036407688	-0.006049570225267488	0.008127538375318665	-0.06211707502195362	0.020761898801965006	0.036121488283816006	0.05000464868674001	0.02140204688734301	-0.013709812110516134	0.0024093921079881547	-0.004908953090926498	-0.018196234456309524	0.044767864906370365	-0.013671245156385266	-0.02844765715598295	-0.026234400542928978	-0.03163926445366047	0.035055368505808794	0.03376725727764049	-0.05129893813816251	0.013519354364315311	0.028143164398255833	0.0
ec1069	-0.06520815714132794	-0.04752265838673377	0.06711384953862384	-0.039608712465261084	-0.08720039993849003	0.04618632067628473	0.034395263137937344	-0.06401807411382293	-0.139195761599183	0.01358535808807759	-0.009789109187804335	-0.05146473546308012	-0.08609543125142943	-0.0028052567532316315	-0.0630407238980736	-0.01490027632692143	0.042851396506286554	0.04932659841307529	0.007006127117067863	0.021135068429456744	-0.017782967844228465	0.041019466772349404	-0.05294268235081883	0.01580456265325176	-0.10817988887272315	-0.100963682083886	-0.014826508362695329	0.044592263101105326	-0.062127242035956515	-0.013087778870491977	0.008811084709955938	-0.03511631035629893	0.07886597213866782	0.024643420393761523	-0.08327813122975877	0.009589778076026846	-0.000266129575981659	-0.004043483979338725	-0.06197788988915673	-0.005986405235189711	-0.07035628080528362	0.06417899475216217	0.004069106408658729	0.02887730508576714	0.037599846815725216	0.0079643770031366	-0.039771741549949856	-0.009020530879824403	0.021147768239123555	0.0014173746115225848	0.020684301010993344	0.026459490987782833	-0.02598065822269345	-0.046871567865485034	0.013112827755344246	0.0059322852108417805	0.04553004061100324	-0.05730595445840513	-0.04360834377534555	-0.009185980591310866	-0.064319017009907	0.03693696614655873	0.07443172239704107	-0.03459136511336033	-0.02998306708061303	-0.04183726323339042	-0.018161645148270702	0.0
ec1070	0.12256563219370546	0.17138248131632033	0.05006064756003611	-0.0642724705292828	-0.04030703948962291	-0.08581030114169523	0.12942573349251174	0.07212787638589177	0.012231734739157996	0.036958972671256356	0.01727569674126366	0.04718822635240696	-0.02450939446803459	0.037309793399114215	0.004418157412230921	-0.07935769644504229	-0.0003364435167365248	0.12046191079827043	-0.10035318936912979	0.033008921931165155	-0.005922960021156083	-0.012705604643294245	-0.02317570390254451	0.08218588569794688	0.01828744093786126	0.06109803604897556	0.0909509484464843	0.05355314097686209	0.002806822896904639	-0.07536635387812725	0.0900844879503489	-0.009831000020956014	-0.026585076615425276	0.03806074451160046	-0.007680719285161105	-0.018740335306714866	0.05760659250967676	-0.03235883462491261	0.09504723480309508	-0.011679501810274195	-0.03927518117189613	0.00537424243545759	0.061192608552502026	0.03047378400880565	0.008267695560186772	-0.027111194351425838	-0.037691503919874136	-0.037813479330302914	0.05002647781030306	0.02513007439337725	-0.06683564702145131	0.0030518843882972814	-0.0022653944552183734	-0.019102051939534622	-0.006450127212639644	-0.021174968921111394	-0.01033170911710399	-0.049037295472041297	0.048395483759234234	0.06527931630475588	0.0309517590511451	0.002676716087285285	-0.013404715121765543	-0.023110911979173438	-0.036192203489545584	0.012915191281602246	-0.0051094336777539676	0.0
ec1071	0.1499803258476525	0.05635246618976401	-0.18958094617246404	0.0021718088170044735	-0.10887654873676093	-0.10417097591505772	0.013106179583830084	0.08598681532798673	-0.007250755224196337	-0.010475471694084427	0.11771090778567117	-0.038085500650323276	0.023365530445438258	-0.13465342839368166	0.02733789358570738	0.0030678056645601416	0.0637141106659086	0.024186388781307203	0.04929872884447031	0.022812103137529908	-0.03924494328641692	-0.06530612843243157	-0.023939857163306908	-0.011630317282412523	0.027283021785763716	0.030751799543870046	-0.010883774582822008	0.004569947677367244	-0.015432719904296276	0.017092611457628158	0.01729152620243813	-0.000989536854071223	0.07074999783481485	0.0025979203343777014	0.006349811228195151	0.09096983838216727	0.01924535459301889	0.0714288006375877	0.04305058061357297	0.03285332789968963	0.015853194849799985	-0.0270556637517358	0.07588671592129466	-0.03516123578922531	0.0076259123361791005	-0.00845343801641369	0.029498055279937943	0.029849962707586077	0.009798970499153174	-0.07926790686391776	0.02278577342699003	-0.047226723288121886	0.04925360498415826	-0.04058868112620449	-0.017961274819247405	0.0012992118256162483	0.012351326183772892	-0.054804453332429316	0.05206358593598755	-0.09972753517154834	-0.039905221591286656	0.00944232003782893	0.01286638459119379	0.016476900059874483	0.009961007903954653	0.004533302132046549	-0.005194239331467491	0.0
ec1073	-0.1423756635920429	-0.07525560095322448	0.021574834695175696	0.016019695589038097	-0.13868325560161557	0.04129154775791077	-0.012456550188087974	0.039767988586998024	-0.01394751348602213	-0.0925329373975712	-0.0006082381395688224	0.11989249387050226	0.034847234771031285	-0.07976884040020998	0.01225902900111434	-0.06080110884525333	-0.12654011996040712	0.09446134312112064	0.03272724057119652	0.005163580573829322	0.005838944776969951	0.08423640221209941	-0.07619341466659678	-0.004026301488465844	0.07077307856185724	0.07291157372037384	0.06348745013931714	0.004501167918366133	-0.04382404962269958	-0.001368052769279044	-0.02086669327554099	0.041805609808119794	-0.006588517426253008	-0.0053361776895435335	-0.04957675564903736	0.034157541732695446	-0.058623350946696004	0.037671842241543144	0.05742972402749016	0.014102368001639564	0.04640895351212677	-0.026464811847032126	0.036483784372388535	0.04621080761356018	0.005185241616330833	0.053693056103468785	-0.030647013610595297	-0.00473204344512694	0.027850039701591105	-0.04436590498420418	0.0154227343729091	0.05850521455525358	-0.052295258788602514	-0.020899302294930106	0.039391240672677984	0.0004449041828828871	-0.019189877235117954	0.11316325571566664	-0.035308584624659425	-0.0057922582335787655	-0.014324251826494324	0.011061620951170864	0.025750707564193405	-0.014686424173948363	0.013950063730430149	0.008627992104344182	-0.01123263014626649	0.0
ec1075	-0.03778143895832435	-0.02116757479084033	0.013368897491550546	0.037990267003026594	-0.07725058858448529	0.09176496212745286	0.010664509877275529	0.2049980072101258	0.0564045104900713	-0.028217665407711697	-0.05426704559767494	0.041831031516280294	-0.013475327001988316	0.009864998063676248	0.1234928923120086	0.06563187952122562	0.06504677574654026	-0.05270578153692902	0.01392086013841673	0.015576128572243629	0.09889702716842134	-0.06711210385266933	-0.041605105141377184	-0.06090849663161861	-0.02950968422855988	0.053194443489846616	0.02765647876980488	0.044651484500744326	0.06994405406285198	0.02493739082037401	0.07042840511388906	-0.09573941548302464	0.023583172462771116	-0.0832663965584929	-0.014885652992228854	0.012265018401122697	0.06159728267671409	-0.0035107980691370423	-0.007322642822338664	-0.01172910327971229	-0.0429288693433328	0.005936286557117709	-0.020632024154141285	0.025740607785094044	0.02801541891767914	0.0189572940153548	0.05816016910856105	0.0249651926454423	0.0018654643674253476	-0.033548582825105554	0.006167917834011122	-0.022828238615397407	-0.013874450812104153	0.0728958292430791	0.03909139160608655	-0.043887382505173975	-0.00823142964918987	-0.0013015306768775863	-0.0427380258841527	0.051250367173799764	-0.02574671411282954	0.056714041194095066	0.0008015824743449017	-0.007395229702541536	0.014908110950875068	-0.03523736253377338	0.015629452948304107	0.0
ec1076	-0.2611371066533596	0.0539511298620552	-0.13798420297217848	0.09297946234874946	0.21001432011519852	-0.043817963538700815	0.10967731562223053	0.09926992041479044	-0.05119267623254957	0.004092692668336306	-0.058050787485647015	0.003402552181911612	0.045856906347218916	-0.05897407991969313	0.044205363295763314	-0.03563244752346085	0.059129732453672375	-0.07892081556262033	0.09671814393471177	-0.021201933005794503	-0.020028859943677573	0.020977377343628218	-0.07488331991494915	0.013188928665743909	0.03098484488894614	-0.0471663610123235	-0.06097706257643875	0.09492663174694448	0.024404414216144584	-0.007451296156093739	0.05258944856742902	0.024476940406493047	-0.09348158387789743	-0.0005841873162242281	-0.012645390968435108	-0.015237478688101855	-0.035189524494699594	-0.05710165018584849	-0.030917170257537947	-0.0386064876788217	-0.006940527479348508	0.043394487656438885	0.03710539612949512	0.00447511245055605	0.027110452363254166	-0.006943833129776318	-0.05680962641680441	-0.05384700754433	-0.06143703718474873	-0.03680691715720378	0.04171006345369235	0.0061966830006550885	-0.07576502985623362	-0.018375491698877804	-0.0031068025698884672	-0.014033474891521947	0.00795543602842337	0.00741456440590723	0.0562452086905269	-0.02378488204981887	0.022070475858678267	0.013310392267251578	-0.0005373876158582394	0.006606549342284983	-0.0022397857402435438	0.012727477434413681	0.0019352572086124892	0.0
ec1077	-0.16145766392851826	-0.1025324402273378	0.06648226518967192	0.036715924846764704	-0.09642500827061451	0.016508095526213327	-0.04981213347974651	-0.020699278761545918	-0.034168169150677066	0.007012244458379086	-0.05622198212014633	-0.009192933689515346	0.05879903957221427	0.014443906755074468	0.08128875209725678	0.02765744036683281	0.08995568025095367	0.023649837512750634	-0.09066187795907922	-0.02305301017306038	0.020337764663328987	0.05484120676602162	-0.022194967186969436	-0.05657819947033343	-0.007554808267032914	-0.0639724199504874	0.0975409475938469	0.06986737801748562	-0.01475112888542023	0.0682909695085271	-0.02970118679272054	-0.02869741983352356	0.013306340960039898	-0.021578197119357684	0.05914130724390609	0.08027687921311179	0.028397042966994083	-0.010502591011310665	-0.05512327194332626	-0.010203611969953664	-0.06263231683651506	-0.006812892432942195	0.001368364873116297	-0.0015271070805415574	-0.05291249552391173	0.007283984999969838	0.03145124121962713	0.00893898005614209	0.00961674130648499	0.030581461087853562	0.03577052538476439	0.049505675076594535	0.003707107047913212	-0.07784245798174567	-0.014714435866196784	-0.0010799881548696963	-0.09692280478191384	-0.026710263728858152	0.028335363899052796	-0.018844504583323658	0.06043550956860235	-0.011010738838213152	-0.022321703971745793	0.006977204325902751	-0.007276152652025519	0.07478777580257613	-0.020649873211323194	0.0
ec1078	-0.2128672125232916	0.008589815854106862	0.06873047729038095	0.0006437546255905547	0.17180760127413905	-0.07539949182265109	-0.10527630808960017	0.09872308356744179	-0.023612080059052323	0.005737436427892696	0.039519058660079126	0.00531723210306265	-0.16354613809083066	-0.10281995427372975	0.04391600053590014	0.00716162811565004	-0.003697705902189145	0.03313187935753636	0.04451189846044707	-0.033775695002577155	-0.0708799722950241	0.09434188613559984	-0.03566557602191425	0.04316416703958002	0.01699550271950588	0.02767923440280076	0.021766651297969283	-0.04803830587075643	0.05789498706635239	-0.04085430199462119	-0.06180355032055282	-0.03200037275296506	0.039442876256242224	0.03325964469749635	-0.025214431285641024	0.018304063860043605	0.020955465402947716	0.05530636128675291	-0.04077391884089454	0.0019513507884160398	-0.003371201694681629	-0.05343605842046154	0.018463332906447232	0.038324586555339844	-0.09314709334618351	-0.04911117161768213	0.009083242582876145	0.01806108825415555	-0.029172539930424783	0.023754845735378668	-0.06224361030783929	-0.03558752059055557	-0.020165315191803743	-0.01571524094565821	0.011766911005150274	0.03830192727095498	-0.003868055589057287	-0.0420520208587318	-0.06729820867115846	0.019733170170758114	0.02230052747569047	0.033771729042514693	-0.021388296522483377	0.03717928429514629	-0.004955525362309115	0.00029262031371955885	0.021445196812533845	0.0
ec1079	0.18901959554676565	-0.03454736101796826	-0.05099210496023637	0.021272951009234042	-0.018331715942552524	0.05461720697138614	0.005666799693856925	0.016011492971611255	-0.029636028310544352	0.013441176273975675	0.011802867720409265	0.08253495249489759	-0.03154262702755001	-0.03909015243785303	0.008272862405657505	0.05596898598178015	0.0627667673213167	0.02684446579599409	0.012792647190039974	-0.05923829063369808	-0.052715798875191386	-0.044127114901377135	-0.015068173172829921	0.0307967892113669	0.05833721428210537	-0.05252019331792723	-0.09460805704535796	-0.0028140166819437236	-0.0683141587001459	-0.02633653061064538	0.07012879052478979	-0.016483075540609418	-0.07244516894164671	0.02340492646485189	0.10228801519703282	-0.03835914757035347	-0.002868064753281307	0.013725915991009812	-0.030030947831965277	-0.02161380583787006	0.024575595553074384	0.032086136750000695	0.012364676527523112	0.06053751925397759	-0.04706570735420975	0.10044792409092217	0.003146227782121068	0.01418622859260313	0.07284087299096577	0.042394870172644976	-0.015481079820592205	0.08767596413307964	0.027418703457348863	0.024504865992838604	-0.005717458286255083	0.05169383890737341	-0.03953731414306709	-0.004382395189169423	-0.003662847133024548	-0.0025819378374897658	-0.04250653952142933	0.019748870703834773	-0.01774962110442073	0.0780070717961429	-0.023777385555882075	-0.027857417022717323	0.03062852636179339	0.0
ec1081	-0.09730293526299098	0.17520940356125844	-0.11272157141480763	-0.11441519994550596	-0.044798277092367854	0.16415859741256292	0.15272638040204314	-0.033126233907831246	0.10326948055394511	-0.036769411216926506	-0.16313548911796008	-0.10592455626555772	-0.05771746564551111	0.02309185527204144	-0.04742330217386214	0.012021475664300582	0.03347538481155796	-0.039392927305690065	0.006152400697217667	0.03750738926883229	-0.06210509096259065	-0.01828523463561525	-0.04144550235401204	-0.016667746796788334	0.07747080826754817	0.0059490108161635155	0.017419313852335024	-0.06669188108389261	-0.004145556956687833	-0.058184730260368696	-0.05639729230518539	0.009854503849179973	-0.051334489294144414	-0.044340260994100156	-0.0854961844365774	0.037681441158525585	0.057643006967027274	0.08005235714859234	-0.06711866955444368	-0.012618880944555055	0.0014150420249003958	-0.028127515772056987	-0.013032100139840623	-0.011977435198339593	0.023229161853389906	0.055770059726994684	0.02349158248634291	-0.03056789982019326	0.01231428459165426	-0.038818433037299954	-0.030014118496331083	0.014426366817044392	0.017258845273321943	-0.025982286854708075	-0.04662677552891334	0.006553920009826352	0.009617919665536498	-0.0009402184488165962	-0.026626472837993916	0.0045194573505738835	0.007566760902414905	-0.0372917940226861	-0.02362409503689976	0.008138133256880144	-0.023575866297550003	0.022902300034615013	0.00994904464575961	0.0
ec1082	0.035830279459739066	-0.08801916631405464	0.08057668081808372	0.005075973525798622	-0.019401633179675967	-0.0313937649749762	0.02737892361817119	0.014582393205224285	0.049706193404502934	-0.006087948098032974	0.06306171180101051	-0.04619319361937624	0.0469878420988836	0.12059320858732438	0.010490342367950442	0.0776660530741317	-0.006268479383740932	-0.10946459998620846	0.07619148590297398	-0.10067061830960411	-0.10958202970139098	-0.03515765528871364	-0.0008058971729500317	0.08746737412560686	-0.07401036653762547	-0.04607425400545802	0.023646649793972054	-0.013991325063563369	-0.061064653193208175	-0.033436003914429996	0.010962393059170768	0.04572225591492282	-0.08404611731152134	0.002621947694770247	0.00965352750965458	0.06430102829286459	0.0027585216966087163	0.05052173464986041	0.03986096533986797	-0.0027627293362895815	-0.04582512431911159	-0.003419671780489121	0.032931976204840396	-0.019159370918476318	-0.024891985080259124	-0.07965621982972364	-0.023709098043914825	0.0948359712489066	0.02365321781243554	-0.061063914392791276	-0.005925234989106854	0.01617522546843925	-0.05216760937856307	0.035527231676299724	-0.028847489097434568	0.017192644253679792	-0.03583979916050365	0.015431458678154741	-0.029085570919714962	0.03614027969937435	-0.03937804363263771	-0.0012583150573113112	-5.606013602632785e-05	-0.052417708300100424	0.0025951666082605135	0.03408051101387181	0.005944563643865074	0.0
ec1083	0.004715732294302934	0.08364262330230286	-0.2717865160323921	-0.2939084853690531	-0.07572081473258951	0.06061941377308776	-0.04810143585495107	-0.04712823122166947	0.012809179330564002	0.015157535143375108	0.13047271326719628	0.0422144975034878	0.0036300165798821057	-0.009846318528419806	0.004652510383942035	0.019783828384879323	-0.045968541231784586	-0.03863240988549951	0.0471354030130874	0.04739812932690877	-0.00542232736989126	0.11155405094998898	0.005066329017988056	-0.0010224459309061277	0.017948177361980986	0.006909637922561019	0.03697135024419626	0.02309583571100257	0.0207836917230911	-0.04392094294725424	-0.0001985866737973974	-0.033597816093425444	0.032329015740239844	-0.03174679143959012	0.052035911846504614	-0.06568395911596035	-0.032766123278990616	-0.005114441765034817	-0.07957460167990997	-0.017001506566474475	-0.06639631309253176	0.00741731624207005	0.058552132238957416	-0.025103416940136732	0.01388341343512658	-0.015110216873040004	-0.03782024871367658	0.052053465779791454	-0.03343833704010544	0.051365575431004486	0.0716264948614349	-0.010879175946906936	0.016244532634128353	0.03248421511602289	-0.004634383134075118	0.008977784396622487	0.0016872536420151157	0.03023824538621081	0.024703103439416355	0.04059100363553187	-0.00538183636243135	0.025537521828209248	-0.04077791265289667	-0.01453612553949546	-0.004496678473372335	0.011568395512562259	-0.000684633729065604	0.0
ec1084	-0.22206062782568287	-0.016229757883706068	-0.01242305590460298	0.09424938383504265	0.019034999419838095	0.006942970554770589	0.11656613269444503	-0.07357782829988084	-0.13217662920965698	0.025074664960376	0.026226316847316054	0.02797730806404079	0.020718563183155188	-0.08419370961010011	-0.03523532123512809	0.029735943151632763	0.002884850146381367	-0.021316898414938022	-0.03057645368324609	0.021600772464731795	-0.017068498889877784	0.03263912092463771	-0.008293429809707962	0.07138733974284546	0.03579827000899561	0.07256031412605324	0.03167604090068696	0.015213544588917789	0.05154025829339456	0.04010981573399052	-0.023985820397674492	0.009893407731722906	-0.002252440180125825	-0.00014065952849338502	-0.004337281901526002	-0.04602857067985538	0.007179994299995403	0.014850770002299564	0.0691841371797103	0.003149722784332923	0.011788910560072896	-0.02948895429051735	-0.10955270692997861	0.06247634545638044	-0.011424015424979594	0.016552629087254966	0.020944410016144676	0.05913151014777636	0.011818508014531126	-0.015820004821436022	0.11453827300655389	-0.0019738439013365747	0.05740965352998073	0.04688451601916069	-0.06436458059616645	0.025536655728415535	-0.00754734525528636	-0.05256787925907697	0.008971977991607838	0.02837619081958726	0.0009770578737896168	-0.031596486780271694	0.016385778629128493	-0.04982570307451599	-0.019337493344705248	-0.008215780902293487	0.051884857281720806	0.0
ec1085	0.04967257614878736	0.034624074563523476	0.09157483030843729	-0.06947723592552682	0.036932455361225816	0.14429668787639163	-0.05057502814051878	0.01992296031903874	-0.04785177654009175	0.03398686223765305	0.0718968260310767	0.07424486268268632	-0.013315851916848339	0.040690048484877096	-0.005178847295948019	-0.056829921356990436	-0.006327906765995457	0.04357901971173217	0.0029671760807715966	-0.026285789537509558	0.07190252623962856	0.007376200793875492	0.05085941713907592	0.11059454709527104	0.053773010258621703	-0.030580445282132072	-0.06791052607941668	0.037450404640943076	0.06609865745698335	-0.0013027769703967077	0.013185515767891644	0.05619215392907135	0.004486275954495701	-0.06732677919189745	-0.06527451344275031	0.04398400772357989	-0.045593660830280665	-0.0010855715782438764	0.029702684923374818	-0.043891079469178765	-0.037287925231290604	-0.0024119898223800445	-0.0460563222505317	-0.08051795262766896	0.06581715041792659	0.0014993399986939727	0.028797085604081004	-0.013843056449727336	0.06871330262245583	0.008713144848289141	0.0015139351773064572	-0.009292967021246852	-0.05113706489582223	-0.012398243986214148	-0.006331831926102391	0.04302039446195764	-0.03385299993963201	-0.0445718263778444	-0.03145466636065293	-0.07444318854985414	0.012897953090892516	0.003982133679843697	-0.07943368856492426	-0.016918994957720486	0.04598033262181943	-0.010809365329613832	0.01887967040064577	0.0
ec1086	-0.0011784330607196708	0.002869992106321723	0.09591815223661312	-0.0698961872100704	-0.04511651022320353	-0.1541551818189823	-0.012864119827188748	-0.06377523732236688	0.09213065177366431	-0.03594917187366242	-0.031148709775107482	0.07577981374473604	0.012054608253331385	-0.04071414956424836	0.1368752022260952	0.07493336121671654	0.028798721367609928	-0.028204909122502595	-0.06603158589037843	0.03403074601615806	0.03725063962139839	0.07058972593070564	-0.010644573004248968	-0.024184686054999106	0.03227629483173804	-0.05222947819290157	0.03138363889607024	-0.004139381152401972	-0.1316986834823417	-0.06398088011122711	0.06016231615580295	0.033646296205816766	-0.029513538918120915	0.007800459346850283	-0.014006201396272374	-0.004438374084274365	-0.07201587398295156	-0.0647476444519304	-0.0285053510685625	-0.0001093980283997438	-0.005383255161472575	-0.06142933917387053	-0.03184262525541946	0.036307629531584514	0.04226220357024168	-0.05034732395277105	0.08564683831521859	-0.062061541080142134	-0.013930005935711035	-0.03001613552176252	0.006809366439006558	-0.02092967310150938	0.0009517665411303841	0.049351608731963974	-0.010478403795785855	0.07218291594086718	0.06794180084317077	-0.026499800838958264	-0.02064115659090633	-0.024573129675224094	-0.013016780310538063	-0.023263569498778808	-0.004395759455969211	0.0004535619036928037	-0.0022229480376456247	0.006723599509125924	0.00553166266546411	0.0
ec1087	0.16187614020354765	0.11158122931133785	-0.1127693496426975	0.04792884387705047	-0.02411133793500726	-0.08908777434347155	-0.002701325857866234	0.004897168355369687	0.0002929954741766874	-0.034367737453376554	0.026701523781275518	0.07755383121576609	-0.02946897832095295	0.02786368155490547	-0.02156549125381705	-0.05775289936047695	0.04399502566336522	0.007486903038763676	-0.038589503650626376	-0.032663177278214266	-0.0691584859182123	0.10875029565473418	0.06442830734120644	0.013691385356053192	-0.024978220592798715	-0.05094428335498003	0.027226813877323147	0.057266309742836245	0.06179242485570102	0.06293397183091594	-0.004058190740650971	0.04442518528004608	-0.0697685828271103	0.011255480011774767	-0.06561981653079339	-0.04325380203687724	-0.019155276310727377	0.023683268998550718	-0.0695169539364368	-0.021015635814634826	0.009945864552049285	-0.06163926776580927	-0.08622128596888518	-0.038889867921256295	-0.015107473843402436	-0.008653960456997995	0.05324845798987754	0.05309010339832453	0.042922460629903715	-0.04449340535435563	-0.025613012210691635	-1.1398514851031115e-05	-0.003016690995336313	0.03435817624530465	0.011244465174935214	-0.08342143087695862	-0.015426282738106947	0.02036833163664361	0.011907051058582148	-0.006319863596402513	0.0044212954524640346	0.006400538435318135	0.03178392394298079	0.038461424928900256	-0.04336997093237079	-0.03437394867224767	-0.0739199447102636	0.0
ec1089	-0.13235846525183817	-0.09934727383286962	0.02519340550029343	-0.04340694029515807	-0.04069295314173385	-0.050291348053673524	0.032375851921011674	-0.012991949968287557	-0.0011508212722915623	-0.06453436656202385	-0.030266147070905716	-0.04672342007261989	-0.05863706151079918	0.056781982025022416	0.03249174255083898	0.034732888024645844	-0.12562999553110127	-0.007862453933372255	0.008868411837036303	-0.03348789522597299	-0.018719490358887966	-0.08012829815866267	-0.046487051275485324	0.03398181954402767	0.03351070829161054	-0.042218115242559986	0.02354482492407048	0.0017842759461933937	0.0006127919754298274	0.1393084212911775	0.08660849606220737	-0.06361310675349874	-0.021116544406035134	-0.033372895639814805	-0.001075658847936375	-0.09482356469804908	0.03264750112225152	0.09567399962224488	0.03588033285931304	-0.05620767266571657	-0.017399221681225673	-0.046562973506998825	0.013986326992880396	-0.03348602085958094	-0.04480180395821552	-0.07307078066593739	-0.006425608148262026	-0.055946191065192115	-0.005146539269626345	0.04569139986306349	0.029086636344954394	0.02843125473318062	0.03250231485820429	-0.03167967191695952	-0.01103067803327544	0.018995800202179898	0.04649910593139314	0.03047730311633642	0.008772520756225177	-0.04533800750704818	0.023628633351107653	-0.004043559093881223	-0.027749146723616405	-0.00279995933116701	0.0002216689031202097	-0.06310445327193724	-0.027900281293856032	0.0
ec1091	0.1405068346849449	-0.11824073307966171	-0.029333895116411702	-0.02236693158481386	0.0990673442919604	0.052915243200118166	0.007027962057923054	-0.029095402816727553	0.12679315354001333	-0.0055579341106228525	0.11886086199003476	-0.052182702682171775	0.04020191868457152	-0.0666781617609986	0.009878008658162702	-0.06623575095316293	-0.06744395002777157	0.010279932123309257	0.0009329845110476763	0.02065913938474872	-0.02192528224220732	0.019572986276045187	-0.02157270087672009	-0.04561774505908483	-0.0010862017474642625	-0.021097163218026193	-0.04465951517781375	-0.015800776790105667	-0.07025909106358376	0.027387606214421933	0.039571285755666236	-0.07929078017275189	-0.010707825087353406	0.08341726636239317	0.0009290957147745813	0.062375198878554826	0.028270748887358844	-0.001259746043164885	0.013725390214594731	0.07908751711403172	-0.04669082558922952	-0.01955793828081365	-0.061055175099002976	0.009630080993049735	-0.033388621965091354	0.07484927570133693	-0.06178674721439897	-0.056605507444932875	-0.01217818382006076	-0.026360832406497357	0.029795941280206715	-0.006859816905267989	-0.028129045308545025	0.06282425142195247	-0.030178916777904997	-0.05486471613789812	-0.020153243056310506	-0.04387846894786451	-0.048566861479051655	-0.006048408835733157	0.05961176226168584	-0.006353587025383167	-0.04494062945434628	-0.03146095717389853	-0.0106474834273774	-0.024228152173394715	-0.04147125601443822	0.0
ec1093	-0.08432569121456185	-0.0011629338408530318	0.09701826787202898	-0.06734624020030268	0.08485385430922623	-0.015054703365027922	-0.01596924993742315	0.0035897920784435868	-0.03717058429268606	-0.013261675738976212	-0.03573131150699478	-0.053541058846600945	-0.021691417735316975	0.033582574345760244	-0.0035961825860400887	-0.1581023084766724	0.12798216321746864	0.09782762825241674	0.09456587257366598	0.06518372525550976	-0.13603387758264915	-0.04667415046883709	0.03665618391525339	-0.11590963435439149	-0.07007798114141756	0.031224005066827362	0.06068597647110528	0.06697345247721884	-0.0637517080911681	0.07176172724790264	-0.004172630454151987	0.016542324338773267	0.041674242654760184	-0.03605478314959425	-0.0034356472359787413	-0.04578294068916162	-0.03192774296499593	-0.0034533281883803715	0.009938862382480828	0.03448459223865797	0.030794498653933595	-0.02984177449748405	0.02416260610190848	-0.007068018414371071	0.035463577826103945	0.002988844972938467	0.01752104368380071	0.003486187837921851	-0.00977927448406226	0.037259860361850694	-0.037356154076221476	0.022990419273169617	0.001126934286798256	0.09288412680411016	-0.039181390303558175	0.025983278748722794	-0.03321643196219638	0.03218806508528809	0.012585541077844263	-0.021941320429013308	-0.018262438953394487	-0.005305503548558816	-0.035932554365672144	-0.02020459555936668	0.004902189069151539	-0.005653677823948841	0.03214875439146044	0.0
ec1094	0.03998355730743587	0.10193267897571233	0.07630238172906173	0.0011455623420387636	0.1009530946410285	-0.0003759311322199266	-0.0019841106640199183	0.010108258926899132	0.1326256221531521	0.019655116336476805	-0.08161269835994399	0.04605531283206303	-0.1040505621436664	-0.07142435876785377	-0.024276433467452268	-0.08119002848595563	-0.032543082193312846	-0.04295417784999075	-0.01871756998586157	-0.020273431916536497	0.1394177109584576	-0.009346870931087468	-0.0559463334851603	-0.04067344567660654	-0.07272091132407535	-0.02779679931165157	0.03251399225127443	-0.002305469122511595	0.05812106962779976	0.03861316580168304	0.04685648095621527	0.08849629942233889	-0.01041667771929544	0.0011903314677363466	0.08709443592744388	-0.051022947845669665	-0.10930142220298016	0.05177855734655883	-0.008976871214813498	0.10768224416007904	-0.04859307632195969	0.023316222498074347	0.04435398789506746	-0.02762955562167238	-0.006251202962555595	0.009299899554482398	-0.01345483905507846	0.04626033083033785	0.021417448589747794	-0.026571778911301736	0.004917108907469868	0.028542346967653502	0.04445969094350779	-0.04962841142630858	-0.05898413603658746	-0.010028091608440056	-4.1554859863572064e-05	-0.019177821944598588	-0.03381402230609327	0.012396612800422953	-0.01757687476843224	-0.027526521669694267	0.019548681473003548	-0.008835343300549862	0.017011005608720677	-0.0035811554352190105	0.0046676719431312545	0.0
ec1095	0.18895237929647274	0.11988066600534772	-0.10657105484950627	0.0799475597838486	-0.10172972496888956	-0.08664590757199878	-0.11894680179982366	0.000777268594093709	-0.002552748461615098	0.005831635026642215	0.012277791138868661	-0.046162255461860306	0.02937029297404973	-0.05402837931061861	0.026803128257232106	0.05824871569071567	0.06525936604556364	-0.008760440946203703	-0.006738103665373238	-0.062347349985459086	-0.022989099862058274	-0.03677739786749377	-0.02243547427483039	-0.007195207670859124	0.04539038461860592	0.016573451699064556	-0.011361707323491753	0.03145791083486176	-0.03961366085581172	0.054357579205268465	-0.0037627515070620433	0.02062807813349402	0.031348427556988405	-0.01835321198217894	0.0051486526676880785	-0.03770949163820952	-0.020591596220114253	-0.03028129589602756	-0.011702285513714522	-0.031657268880886935	-3.812849411604442e-05	-0.03060202394815269	-0.04394900888482956	-0.011824040242617186	0.015140269833779738	0.0017594006594263438	-0.06492722504122823	-0.03827635780342562	0.011637925351515558	0.06406934603328633	-0.020713063941583117	-0.07061352676107724	-0.05929664764622572	-0.07743600592575453	-0.06350770792168277	-0.06543982500644353	-0.009269831540819048	0.043111951899672436	-0.0774466945307277	0.03153720047827979	-0.012424899002131829	-0.043254608324072026	0.002941067281852133	-0.03059540233977113	-0.01802982912550527	-0.010764646942479032	0.07201521153944915	0.0
ec1097	-0.010307454044593494	0.010005519673974589	0.0946561959587702	-0.07944756776687441	0.16582421076973874	0.03466471960879639	-0.020034546344579587	0.035781873685272025	-0.005198718367880646	-0.12449140949475614	0.07704353270035982	-0.10442895676323898	0.04664158358872459	-0.07816555276424451	-0.05023100847512713	0.03888648363489208	-0.08452491487821043	-0.015216494534247654	-0.12407042027299597	-0.0726044717792131	0.02993243302161609	-0.035125483971899955	-0.013895858394111638	0.009235333723878289	-0.06702049091335598	-0.051090358337644706	0.08149645217414508	0.10289163114291769	0.011037059646943325	-0.05011967241900122	-0.002380015860123945	-0.05475979747805588	0.03799237028149763	-0.08784366307236806	0.026039110592162143	0.0033219089491476885	-0.023620078412561092	0.015483524100398246	0.002233122047461755	-0.07524200331915504	0.0901965940877247	0.035908800715853305	-0.01661779954346949	0.011539700103405354	0.004831669613260341	0.05433915398881084	-0.0264202529248392	0.004865742837812865	0.035052800032193604	-0.014564337842654148	-0.025124994229652874	-0.06612921008347777	0.0095975964832243	0.02862247125101879	-0.010898553687531953	0.01933671126704302	0.016890202448347207	0.02597646027707081	0.00814510681106617	-0.017250531001444008	-0.026250348501155138	-0.028614388752382293	0.006676358720632411	0.021964949509678297	-0.040596563872882484	0.0354576978179845	-0.021229213652915982	0.0
ec1100	-0.15144406488586276	0.033744670321310406	0.0003671676697015993	0.07055414212510595	-0.0019794293933554107	-0.058460850935770976	0.04536178473831217	-0.07920975896605231	-0.08697292079702479	-0.006973477750210268	0.05616332076018772	-0.053872976849001934	0.011964640620138767	-0.07461762449069037	-0.11466725599051354	0.11522508626922207	0.021310341665306768	0.03674636358894548	-0.0885295266524523	0.0318463709329921	-0.0013910422240160899	-0.011600328721231434	-0.06090233185585262	-0.007006078856920491	-0.04563481434598636	0.014186853742502236	-0.0030842325430909716	-0.06681541397211609	0.017206109045559227	0.023085311305972224	-0.028547779442429373	-0.010248598757550291	-0.059460042062614064	0.017357445287416114	-0.002173412231248637	-0.033381023767860056	-0.005754892446959058	-0.003634318081873722	0.046281618249695004	0.07438308865924548	-0.1325958319237832	0.0437344793757923	0.004553750902704196	0.01921638657190718	0.07039113385129049	-0.022999102502900347	0.03930117546939742	-0.012161771860172766	0.0008620433347674654	0.0032241771234324153	-0.03289071835886334	-0.027436762538699554	-0.017497393591852938	0.019923976426639987	0.029107277292993852	-0.03496201660269343	-0.017791299514679913	0.06264979294495436	-0.009648582573774116	-0.014896125514209052	-0.041655453969834465	-0.0018902414502126477	-0.0832262879851468	0.06503138706967175	0.02391824491413074	0.012396378338491965	-0.0155380190919436	0.0
ec1101	-0.055332292604200244	0.15729599374728767	0.008400763115492066	-0.18811464028449407	-0.012203746729601346	-0.010362048076278116	-0.04408181868264483	-0.050011004283475824	0.036056869991310754	0.12941701944699976	-0.05660348754964133	0.03197392010657947	-0.07500244967049191	0.00030519071002235444	-0.0016413705096229156	0.09845907784517181	0.07268646831316818	-0.057191399846968846	-0.03637891354294028	-0.022604981002874062	0.012551975897295235	0.03413926239178124	-0.11466007962199763	-0.033841297465938336	-0.02790848099554145	-0.00814045855494469	-0.07420388506992381	-0.01539829303317304	0.03242942883325855	0.05334084789697752	-0.06953434174688197	-0.02723476930113036	0.02050742887074912	0.040939321098648604	0.0036812636474248266	-0.003441516846323309	0.00687383540501784	-0.049564498015833285	0.09411305508694855	-0.016181999763286315	0.08667032797336395	0.004421687800687823	-0.03146285593640436	-0.018619073979317394	-0.05436074952903545	-0.023123525622594947	-0.04698225327512865	-0.06460543579693283	0.04123133459113243	-0.04155922941113809	-0.01963842284463423	-0.0015642172035009588	0.010564821468944772	0.03513087842496878	0.009281991470511666	0.01786100253782226	-0.0722210193610699	0.025001047855753248	0.03380136899115695	-0.019092404171829978	-0.02824254722105397	0.03191705878558658	0.019131826518484604	-0.04287767171304042	0.02437044681105627	-0.003058737717985369	-0.029805271259615164	0.0
ec1102	0.15785825777445098	-0.10046474168763868	-0.041256681264802926	-0.08963717891019359	0.025230530200222263	-0.2251817851275556	0.0585878475175465	0.013140925904285863	-0.04815080867238429	0.08583936158322032	-0.06185434418423545	0.0027925651324047455	0.05382621162910929	0.09921180383257534	-0.06139575179772433	-0.03212446082731214	-0.07329136756876996	-0.02837811342356647	-0.07307573415723959	0.07267941336786682	-0.008426177814931924	0.08286367534811843	0.00959945427747128	0.04351043872212417	-0.04273353746940692	0.02935530744932863	-0.09097188750105674	0.032719823929356184	0.04573135051182208	-0.007093490621943316	0.06383666566698348	-0.023626603672424293	-0.009082206567862358	-0.10863546295416833	-0.0075347354878737465	0.08429509057083209	0.010797550397097249	0.07329951272575179	-0.03249550050739074	0.0705924409222467	0.04593690254686897	0.02399971908226093	3.7262079885087163e-06	0.02092802556968739	-0.017326599753863463	0.0171431640430379	0.035634982203798335	-0.05762312881725988	-0.05977589317894807	0.03251702700579348	0.012259827502237248	-0.004532463471564298	0.011226513426171918	-0.007036635127342823	-0.011119654067318643	0.00030143992375204835	-0.05233359706770464	0.025276724326858895	-0.04018229334405521	-0.0026713646098052027	-0.024204114732273862	0.008013974788798174	0.020837002911264994	0.007524110630953313	0.007405587402635023	0.0076034466683755466	0.03281205376981147	0.0
ec1105	0.033823988215842815	0.12791827390761784	0.011625898911608567	-0.04158747910283259	0.05490657306893754	0.039481798142687936	0.015386599919897687	0.01920632838070229	0.01917809911856782	-0.17164900702700867	-0.0462561899877758	0.04155912175068042	0.030218270697169675	0.06811202067075774	0.03099245002826434	0.0376108757723912	-0.13452609537383778	0.058466370669106545	-0.010754866631204084	0.0018490784616367166	-0.06101359893512465	0.022748671160810217	-0.013112282314161361	0.02455460032540871	-0.032626970203192565	0.03732280233340401	-0.09986689131540297	-0.07574335300796908	-0.07113289568891613	0.11068376491696837	0.0029127004384849795	-0.051512977501421385	0.04953313712890393	-0.027929440334634476	-0.043076405235754484	-0.05448685871588829	0.007625750533993965	-0.13047492676355713	0.007319471876028951	0.04371168443639184	0.0010522197386105012	0.03984921962534516	0.019100403073944262	-0.02785248390552095	0.0009776861934550933	-0.0008487810614835521	0.04033224630104776	0.06719964227403748	-0.007636830212773889	-0.0387881163160029	0.004050597198005696	-0.021615780582797423	-0.02726304970497818	-0.038486203807589686	-0.04783338952467113	0.01816071231735222	-0.03399157262039293	-0.03377975905596977	0.01646298302657635	0.011447782097083348	0.023951748107327274	0.01845222200340134	0.03225055699062409	0.0426414662445402	-0.009950762569328659	0.02038177943287096	0.020387787399078074	0.0
ec1106	-0.1544228247629234	-0.11145989877364579	-0.0066122562118852354	0.12474678460563601	-0.12739127879623888	0.07189467146580124	-0.14238886148956756	0.12547649241616662	-0.011388410332611622	-0.050031352868044554	0.01728939160170465	-0.051244832697019	-0.04044020967614431	0.005128134619781169	-0.049393302499337516	-0.0627376916755157	-0.04726210802144886	-0.08958432578223492	-0.09658379623050563	0.11197977128141234	0.01418437841369337	0.08316198777251865	-0.018575327050856204	0.02279473056352798	0.0038143299214180915	0.02599800228172623	-0.04737173035907034	-0.03565633369687511	-0.013976357344617685	-0.04278669822145316	-0.027959174575273065	0.032497913786944964	-0.025024079429447347	0.019810042658904348	0.04666783081964197	-0.03758205813064729	0.018293029248804254	-0.03331308544286791	0.016901007751932415	-0.062172828447489996	0.014763807092544266	0.03967751572840203	0.056210970163740215	-0.06784162816303685	-0.03350909661524981	-0.013962433799264626	0.04067591778408646	-0.03201350338301368	-0.03493727801024596	0.00600378854465629	-0.04302818643539877	0.04409823284038504	-0.005612506092523796	0.05629741077877505	-0.060477112840842034	-0.05576889992806402	-0.00045418382744456153	-0.0356886990434227	0.012631012104225119	-0.03977752168180197	-0.04108239361054549	-0.02634568011051024	-0.00292573509908673	-0.025275603290791666	-0.03615642980583371	-0.005651799055486485	0.013309861180781958	0.0
ec1108	-0.04269371332284455	0.12317129765760772	0.09782660680984746	-0.007183097247274067	-0.10999685454017603	-0.07345543456731304	-0.027402085987404644	-0.002935833512375749	-0.040544058829044896	0.01384867816333911	0.07100430388724707	-0.06792356836866337	0.028213973525618902	-0.04848976175286357	0.040684833403042284	-0.0426863387522573	0.012875209553755233	-0.04039726252323895	-0.011345393692864799	-0.09553236777900088	-0.027607075581422023	-0.026776725528818136	0.022460075410851113	-0.03033214894217306	-0.03924805627501595	0.023979570367467395	-0.04936304347363844	-0.10760084530051706	0.09769495206499786	0.01627077663981925	0.0897313390775288	0.04402014921786275	0.010903342850521703	-0.008626683008053602	-0.012407996520176585	-0.022820915798584914	0.02803200612499641	-0.048764734886222204	-0.010202515779418754	-0.015687926852146802	0.06215362052290855	0.0029079589627423225	-0.0029082616401386084	0.005962527892811982	0.08390734997212124	0.018053376022286093	-0.03672612271998133	0.01959395886028394	-0.06424800065421932	-0.012118059527117224	0.0026170207997464816	0.09264786962772371	0.05497065716779269	-0.0020982334409792077	0.044345060374492866	0.022855896064107747	0.0069799970174293366	-0.005596606231565209	-0.07196039767924858	-0.013968086853821983	0.0393704946246203	0.021659662143550737	-0.030841492450353544	-0.020187012171913345	-0.05688413369780352	0.04760386368551855	-0.02440459902443051	0.0
ec1109	-0.0630945351523938	0.04829416528916484	0.14492353899095967	-0.02957542105936432	0.04773481892577713	-0.01586504427475599	0.004431055810525601	-0.03559212560807868	-0.06441949893183731	0.055918629491276135	0.0719885247999036	-0.08096695746059389	-0.017574356046234734	-0.06141948872772579	0.023207485748693035	0.08700555610017863	-0.022518900168473657	0.07008138633170723	0.051365390158399506	0.06979513821479724	0.1071591162666499	-0.03379299021971452	0.06673406318081686	0.008450681352159376	-0.02589103464709155	0.05474377116246492	0.03028907645967249	-0.056098083643985504	-0.029291194139533298	0.02633372507127085	0.05308052450955256	0.014066143426868611	-0.0715467554586187	0.07621922406596203	0.01979805125284821	0.035585546396165284	0.005076106879454386	0.03289458354740749	-0.06617947505925917	-0.03999696182674804	0.04887566851958407	-0.03532671662139275	-0.0035520076806165235	-0.11226918710146887	0.013229118196478555	0.06840460364641325	0.06015742038685358	-0.017047095050663548	-0.04037809273120545	-0.005461251269915267	0.006807162252203265	-0.005610703617164285	-0.05776221133575091	-0.03719317113812948	-0.025024640162065213	0.023575210672147226	-0.037912016434053314	0.02110919187957355	0.052231049058426855	0.07112406098186962	-0.026604924167108752	0.0293645565042679	0.019614653206014406	-0.017822576929037257	-0.015579774966526298	-0.025587216552704104	-0.01226014037050375	0.0
ec1110	0.08197887346474378	-0.04818150472683753	-0.021138684042479015	-0.0523565854115772	-0.010903608492265614	-0.20602041940609267	-0.027710077022144772	-0.07859666876739871	-0.03727339203360041	-0.018192342971599676	-0.06699254334937098	-0.0189319668184206	0.01607514482227201	-0.04182913439294015	-0.027746914660801203	-0.06371630252525785	-0.08010660922463889	-0.083263335725556	0.07296851774361297	0.07674652154473188	0.09952314530992866	-0.086243698698708	-0.04233334987178621	0.029547943642372804	-0.0669539658248604	-0.006901834531415066	-0.011659030111368431	0.019492987134798186	0.002654664622331724	0.003653808855396856	-0.10208223658602152	0.06576576012934192	0.008371472569207434	-0.02408573202818981	0.004890054732923685	-0.008955446988077412	0.10683196945997586	-0.07678159813676871	-0.033652040256224244	-0.044750577531675405	-0.05194027582768595	-0.07309536180083775	0.03290065325914627	0.007657573769329034	-0.035400647244372946	0.06724638811924218	-0.010983518969438263	0.033004184890183724	0.07395438271521718	-0.03071451239935025	-0.008900019129462533	0.016330807696654837	-0.029037701037894492	0.023752090517801895	0.05475851118936188	0.016020109981492257	0.011274923922377953	-0.005641195526366401	0.008073214268714728	-0.0064865526602296	0.035874321867922346	-0.011440688547209584	-0.022841785391904085	0.0075148643346771085	-0.00853799410903313	-0.015576807889111904	0.028106120760197143	0.0
ec1111	0.1594533191130872	0.02092141800183357	-0.07547997118317125	0.10449231669028004	0.0056834234187796585	0.023008919353418773	-0.1012725299333074	0.05843518192236909	-0.040995604413813794	0.012360872934270191	-0.03352608023821601	0.04293126891286492	-0.054806479033970755	0.0048742104952539	0.06880042001698593	-0.032230007578664975	-0.0638309115485576	0.026429558076546917	-0.03343720252817936	0.09158237241994303	-0.037978157441526716	-0.02774615671304486	0.0330877011711852	0.01917861611077149	-0.058971412782934794	-0.05979508377185678	0.08167225776269836	-0.07588573096844806	-0.06066702959872761	0.02534975438611932	-0.04417118952480219	0.07148661314341782	-0.06521320932908897	-0.035915966854083804	0.021203998372159808	-0.044426537589044655	0.07714383319086802	0.043284871426495564	-0.0534463286549349	0.004232716761392762	0.06917203041361425	0.07204233404151789	-0.05955457928059826	0.06364257530287268	0.037832142822328725	-0.01971267224325441	-0.06390387838791568	-0.03686692223350252	0.009705214414335032	-0.03204516758513737	0.03904196309945748	-0.046294515119777294	0.02074876599885349	-0.020774328992594505	-0.005110872031882633	0.008482801478273422	0.004494749991615775	-0.020737071283716792	0.02087999223897108	0.012080271151339961	-0.012956163561877685	0.061542123613140584	-0.04658903135384631	-0.019511567640906623	0.057385451943529966	0.027184206537264784	-0.013305311082427043	0.0
ec1113	-0.28709303122983454	-0.059286414479768554	-0.15086330945069823	0.0875348904454919	0.14203791590729375	-0.03554979921396618	-0.031006731379384072	0.015916086739940476	-0.006499839127072877	0.061677973653129624	0.016591899040206092	0.05630960336147189	0.016778265774634104	0.08232296402648363	-0.028394641454287405	-0.0331345042872504	0.0037776720673900407	0.056520052282385595	-0.054007782293687655	-0.06583603544018554	-0.004790329183591267	-0.0033342651042019577	0.013406369815464243	-0.021287131779337533	0.056738432546828116	-0.06143635585352131	-0.006273540691149484	-0.020239965048907085	-0.036494436654494776	0.022995317795366083	0.004555907558986875	0.016932953405301036	0.04105389476467847	0.02938389945930037	-0.00570084854943101	0.0708805468553498	0.05967828069747047	-0.05723670300431363	-0.014398816434879941	0.0154584283950149	0.015820583842322565	0.0022729249281099283	0.07057889694039035	-0.10224187150588869	0.019360829447371046	0.00161567269219321	0.0251819705089593	-0.03556783630609654	0.09522327808349877	-0.017441800599809414	0.04543957663286448	-0.02132167553796118	0.09799906083613724	0.014716047389844887	0.010295570055835033	-0.0025525463821982177	0.04876592483179277	0.04443359037042085	-0.04745142575029392	0.06824750296822049	-0.018505266552206013	0.008901274843988893	-0.007096975162271296	-0.008550377226128001	-0.014899934389394204	0.0045900685689264495	0.009771963087869637	0.0
ec1114	0.040509400492844114	0.07696897094024546	0.06459637201894189	0.10921776476411656	0.015144384046894806	0.03491398183978967	0.06782371710878676	-0.03418834401167404	0.053251119713420635	0.06629881413059636	0.07750563754278535	-0.04033526633999672	0.020854526486590787	0.11726091960775673	-0.0492596462670713	-0.01216945597663629	0.021963195730021656	-0.0044694730582599766	0.1152668521068037	0.040008263609478976	0.06758511115914757	0.010679502763588353	-0.0022823391689399818	-0.0022707181313064255	-0.004499081091774325	0.04232666858655254	0.03105011466902562	-0.032374806073308685	-0.02443336560035199	0.020061974068352303	-0.03995797441698217	0.01769602096393358	0.006106168152598392	-0.0926532964652359	-0.008116355739739014	0.024298787708152417	-0.07741759716798702	-0.08296593129118873	0.033228697033674676	-0.06607499569724849	0.039925495286495166	-0.053482479298148075	0.04828690385835127	0.0859061798973246	-0.06746208993450066	-0.007913612716185603	0.00210929269220343	-0.028830560359580756	-0.012698968046225325	0.021647891157860012	0.05472954888151836	-0.010219225057036012	0.022024017559832125	-0.033117778879267895	-0.021794806950527896	-0.035656884160500474	0.0018386754640809734	-0.03913570812366481	-0.038208372875386414	0.014276294921588622	-0.06118580943457163	0.01401699783237837	-0.04229500191835706	0.050768301165598925	-0.015573347789305553	-0.006077920766267452	-0.06257634897715302	0.0
ec1115	0.1744457003384504	0.0873572678164484	-0.03182932612783147	0.153464427731211	0.06158247268461358	-0.005851810930683031	-0.046503592973354935	0.01950759357224118	0.012764673965284096	0.04398115262672893	0.014355800004890461	-0.09763480017723958	0.09513348950175028	0.03125157008814355	0.02720079312958825	0.021143989531278565	0.03167487950968392	0.033276993473245094	0.07515511256375709	-0.04512048337744645	0.08411699738512919	0.08485891667692223	-0.0540611265546124	0.06660357769698698	0.03575899724247019	0.05663627352322649	-0.04607013671270286	0.019504934016400254	-0.07677363887665897	0.009831131207561612	-0.06997383787102988	0.015602960214823365	0.09715116013686284	-0.06570006032632361	0.02129228300232843	-0.07576445197612959	0.012034212162905077	0.10730611210621271	0.009040694645586043	0.016048231054769355	-0.06613488347230881	0.02940368399024841	-0.03265395460640707	-0.02427424174240385	0.027307525517411977	-0.002521637384743068	0.017459477052808325	-0.05301059997401848	-0.00022794627256849742	-0.010924408286566493	-0.04396557104653703	0.05840583734723844	0.01726199308150762	0.047021804612185684	0.010368900418349843	0.05383603579780021	0.020883950152653145	0.003795293717922371	0.024195448606236764	0.03687222907051851	0.035862270198473045	0.0080672518297293	0.03544264226922007	-0.00311038558661475	-0.009139887798917301	0.0248639155534272	-0.036398041486535686	0.0
ec1116	-0.07671445774580195	0.1688787993022977	-0.07308752849176642	0.05466604386520195	0.02412253632195987	0.02357651416085015	0.03901784537464037	-0.03450903977013416	0.05371616327585441	-0.03910405881696605	0.06653697870619715	-0.14668725306186914	-0.0882742604208186	0.02620590730048564	0.14723610617084565	-0.048871630714721746	-0.01899465643079552	0.011432509950340397	-0.09133919716328458	0.006959676473588065	0.0287274827108513	0.01597905511968926	0.10011801057520396	0.004332393531880745	-0.03791274223161619	-0.044317443027475464	-0.10982083851814363	-0.006978853306803683	0.012329197945250104	0.0014352982367964492	-0.029526790047941842	0.023570921098498863	0.023295608469985147	0.01319631473950113	0.016261359578948677	0.09323062290942262	-0.029987122313996573	0.0036827406694946874	0.023767078630489047	-0.019812614350063394	-0.02608747990001431	0.008792684898701842	0.009350843894418417	0.12203343308211645	-0.020657041311396406	-0.0034777758485237207	0.04475998737898531	0.03330335035380556	0.02291897095080709	0.031220060492886857	-0.0025596991256755784	0.02605854778125356	-0.001245287373656604	-0.011492389305886112	-0.0030635820392157166	-0.012196307811159348	0.0316559919823311	0.08464849418126448	0.05331050115300368	-0.006484691683890075	0.02265808939005847	0.019318638118012092	0.002771381787253676	-0.04002175362008701	0.0137594516588606	-0.031086607549398838	0.027057206426867188	0.0
ec1117	0.01927782101381939	0.04351854177995851	0.1042044738756693	-0.12256108759953376	-0.005252199103340491	0.07981718553078986	-0.13037897612901908	0.03939517253504431	-0.12609869646347172	0.11241525456960788	0.043177515050205485	-0.11795798828302587	0.02873071825843634	0.0863702631239404	0.05017101844048433	0.017487451106273113	-0.06260640404322526	-0.024965464627519505	0.021273766703336913	0.027855519079640543	-0.09940935749978662	-0.04632307657362268	-0.053499592022677546	-0.00446101441745078	0.04267209156685369	-0.046840982433856246	0.03994283993156292	0.06318143100207665	-0.00338562855766339	-0.06986320450405414	0.012186259363145036	0.049944550229357634	-0.0075898233527810725	0.013317626303151168	0.006756379499745786	-0.04029212393748537	-0.05363138026480465	-0.03304011027386188	0.045761914765803074	0.05152735654196257	-0.014983924955788028	-0.0006166640302424007	-0.03662987355578212	0.0017322222798488744	-0.0372134939330991	0.03838802675145888	0.06014492745517629	-0.01780453380345426	-0.031508849793690466	-0.08502017104815854	0.006988375379014104	0.010953449601791133	0.05441684144576807	-0.043155471336491606	0.04398550400792761	-0.06319106353509	0.02006466756233997	0.003907116370641498	0.0015898145300445223	0.023845257177208232	0.041837732258732316	-0.010694886191953799	0.016760760601910382	0.03947122922327997	0.027303746343042314	-0.023082099349699445	0.030846588452524203	0.0
ec1118	0.12877194085714624	-0.0030606310734275876	-0.03567282825253606	-0.006265345055772441	-0.05532547866574045	0.04525363070149981	-0.008236462884976498	-0.04580242737295372	-0.10141781368591989	-0.01614882551034638	-0.16636499507018782	0.057773875963819034	-0.13992936344002008	-0.0876600644534867	-0.003875728018997045	0.012153838793312286	0.05479009768085913	0.03180289191561491	-0.02453847251895536	-0.11211597483039688	-0.0010127458513565352	-0.0742111262284015	0.09025933243089597	0.11991449214078491	-0.03035830981845041	0.012291128198106535	-0.016663770994125505	0.01560829641930228	-0.05090410890357296	-0.041313513103013226	-0.020714070117087268	-0.008375375846600272	0.03747458366258791	-0.058153769195932715	0.019556907437072415	0.027834380741303965	-0.018340220211848935	-0.02485728128911821	0.04407939661096934	0.06589964251578832	0.016325680096223347	-0.005691303500596076	0.0324789676314779	-0.047225282924285725	-0.06754882763823938	0.02038375314010858	0.021991521372903965	-0.011832955372643873	-0.08775891914305647	-0.003451259620621473	0.05213576973485309	-0.0011828663273415177	-0.037212210651065225	0.04135875247464806	0.006658163292358541	-0.041871671823083934	0.05105608677411867	0.018591558892421794	0.005817408117669122	0.021434205535634084	0.017784830940480206	-0.012047160037577527	-0.03613681063982575	-0.012140634724855754	-0.005405388161625497	0.019373607067339444	-0.04241652732002653	0.0
ec1119	0.16873654848322633	0.05131186578361685	-0.051436287215815675	0.12238871126939573	0.0027299735864090187	0.028025406051575122	-0.025312123644106715	-0.11391875055238346	-0.08040733233168608	-0.04095270467038275	-0.13056675101789253	0.013359741413224421	-0.043406411938662806	0.057851447867296985	-0.031980934349683326	-0.030227606073580267	-0.08717091858595631	-0.07270334582248009	0.07543552721513176	0.02857906058724216	-0.0009523692855557482	-0.011871772395951328	-0.09496913331632133	0.03245401888927963	0.03991647401585074	0.013551758970534513	0.07012586825076726	0.010862964299594234	0.02737212320751562	-0.015275173457880866	0.06689977777300181	-0.037375847013674406	0.10512371570841725	0.1142715135523066	0.07468879096808842	0.12920772653362858	-0.04881349296531809	-0.015712442585548506	-0.01911087157632409	-0.04233694421428692	0.02305905917415852	0.014133124069144779	-0.05068843380191741	0.005796474224427581	0.07322079818981261	-0.05482694836381754	0.004932968084937161	0.02363320090110958	-0.016154750443394098	-0.0006012011042582885	-0.037792434217856094	-0.00991050784701569	0.01883560748080744	0.02803911008075261	-0.02256900252386588	0.005234320936167619	-0.024787868033218367	0.023303786974465262	0.009807644340440349	-0.0025600508034126896	0.014715926004612028	0.019200602579517924	-0.029483780932473447	0.02361161484181333	-0.01683017197789148	-0.013016905590215653	-0.00422995722706433	0.0
ec1121	-0.010651953766326236	-0.044983993702033494	0.0928050086622677	-0.10184761559829829	0.05940439731965922	-0.02760701919049994	-0.011534165428388489	-0.04049308851571916	0.1026619344476605	-0.08719529129490802	0.06748785164974133	0.10799915632453197	0.031959591009133426	-0.04160424752712982	-0.08782766638060178	-0.059839645879357556	0.03275988601200423	-0.06636948379553079	-0.026070045239749484	-0.09013050740691833	-0.06107317431321991	-0.06930723163871019	-0.06385217803892868	0.025896384639848422	0.030822368644569883	0.11127525633184053	-0.02460466220167428	0.06558572275905956	-0.0599709107981006	0.03392490227069461	-0.08530828841710812	0.03469267536976555	-0.03446234354055887	0.014373729616201706	0.02073680520008597	0.040119920967433734	0.02601310163956799	-0.006791106073448938	-0.04180862513074797	-0.05119690903559038	-0.008795703775222413	0.060310060826458144	-0.03197441800255985	0.023304678386756334	0.0327342768749415	0.0033127692376347974	0.08050898016688217	0.00031382983505432886	-0.06588692313778123	0.04474586309804528	-0.025649086516481293	0.018886262555280198	0.054045439542795365	-0.058238518977703616	0.023982694313358564	-0.033735070532181985	0.02004435791664827	-0.019163569694198863	0.0144809422786285	0.02325233046555011	-0.012778398118382446	0.033325391346048124	-0.0019217187505439506	-0.04268352439118609	0.03970767571547514	-0.025613013788714275	-0.015948423968666536	0.0
ec1122	0.12760580240950048	0.06263329170566255	0.020572387938919683	0.06932931774524512	-0.028007639003652572	-0.03334960712833202	-0.007819277286932021	0.016317576923491846	0.009963411707510913	0.015245841402416143	-0.009798292527802527	-0.10649980680152363	-0.02881789334619736	-0.08527128986431665	-0.13294534358135437	-0.032158682266564216	-0.05827916117652592	0.026190112633801204	-0.03953156195325364	-0.020397139275185973	0.03311510198334052	-0.09301874324554728	0.004812561341681548	-0.10709550378689534	0.1216056447647401	-0.035930743995520036	0.005238114408417411	0.017286958308193007	-0.021922436002935055	-0.09249591316481842	-0.0018914763776349877	0.0006863296620915942	-0.05181857940144318	-0.031153914031308707	-0.06666950081147736	-0.007738734196703112	0.0029086661616489046	-0.04804924369979004	-0.008990527613397093	-0.0006479687218187276	-0.015040958884969823	0.0009456985081922078	-0.006887629753124295	-0.025067591821667484	-0.03056725310989429	-0.08192255472414868	0.009930787349018968	0.035292707823785394	0.00102822055040212	0.06028638790412859	0.05642499000976464	0.013676473034241505	-0.00195446186710612	0.04899762454741973	-0.029347528982622852	0.027683617026152445	-0.048837214624188476	0.008832464215557471	-0.018316155918556933	-0.008032695158911609	0.03902973679592738	0.07658303768264128	0.06894793026982965	0.006071252284439694	0.04312338150651607	0.009164013468540616	-0.010173548936958259	0.0
ec1123	0.1974510337929441	-0.15015325663675344	-0.06396692819434617	-0.023580019710296402	0.058462370966214594	0.08274027647462001	-0.03513914470014339	-0.03973452051976151	-0.06057846920426433	0.11256427426728877	-0.04981941032370933	-0.02625692659956582	-0.04018692891173597	-0.02007329738194676	0.06776997275028096	-0.03823310578251038	-0.06252875185066284	-0.017685960673219318	-0.05051018045635756	-0.07548827631485923	-0.03714231499655852	-0.020480474277274282	-0.012167589167170662	-0.09021528473244722	0.04519868101776486	0.06172933411826282	-0.014826013876226873	-0.06650242850814521	0.007805172347759528	0.05828897283538522	-0.025127799980738705	0.02543435591977939	-0.047639766559073635	-0.02103003680764526	-0.018045441160982313	0.0012009159014391498	-0.051029179760330196	0.030685183584464308	-0.0060699023409391374	-0.03626746185818644	-0.016377683072149783	0.0267491258556777	0.0928511619374531	0.053010452381741784	0.056458092308530924	-0.031925920221971826	0.039105036856600286	-0.004835309220106951	0.020727627455377415	0.008811863137997606	0.017620904327839915	-0.06845718422129153	-0.03420677815017457	0.02223979245335422	0.07926416165103932	0.015749546399591977	-0.04921132364854782	-0.04703657507502721	0.020701545428403835	0.018172956711706014	0.003595953020635141	-0.07332849501643028	0.031101480101799382	-0.016971221465071896	-0.05362605178240209	-0.01758765059195019	-0.016463280981845397	0.0
ec1124	-0.2471205248482622	0.025038454908060778	-0.17460217662921174	0.04840246900498202	0.0696696545408166	-0.008340894076600647	0.07972434569902559	-0.07707100807046854	-0.06361767359215278	-0.037781415993342324	0.07243692189559764	0.06055783641239445	-0.05990964763420781	0.04948003488810395	0.10112427306141517	0.047142452299135156	-0.050231874798269224	-0.0930389857381419	-0.0394627946057212	0.0980549152058579	0.004508208459702736	-0.12100232615424238	0.09730763661219496	-0.0456748155203529	0.04454265545568819	0.08148454195686503	-0.009246176936596167	0.051378686346568433	-0.059308462315616275	-0.03812099926295493	0.015260875109516783	0.017357831131242073	0.04700737561722296	-0.02222735123426071	0.004650899259973917	-0.02361451628121344	-0.036334213000917534	0.008859616018819091	-0.01203335196253866	0.04618925107267053	0.00031033524339971256	0.0010593634270147198	-0.05259145499682816	-0.04197409060064371	-0.0347715804462743	-0.012063198193983429	-0.052722137020459206	0.005255004854989431	0.012851105985166275	0.020753444317681037	-0.07494010507812998	0.0381707093913917	-0.007116257197956635	-0.018527058652197215	0.06264048720597207	-0.005963766007768142	-0.041329081777369624	-0.039140111566166695	-0.038826406151810905	-0.014771137906130417	-0.030791104310424	-0.020082529014147737	0.024262729923734957	-0.007231139717157331	0.009863359260117823	0.025826983477544842	-0.034606008371591994	0.0
ec1125	0.08456768183521204	0.06768015227037313	0.1838659879051271	-0.018116807704378454	0.06472400126549399	0.035843648553330575	0.07488703178740945	-0.000884621335517162	0.04002368245756009	0.08358950088133471	0.03012055860934483	0.03378554693633166	-0.010480355250286273	0.06373427233703566	0.004940300700781819	0.062158428870975106	0.03925598650897525	-0.01704848428303938	-0.06435541832091149	0.07478729009599157	-0.03749999064361529	0.019620572412148728	0.0007046653218002079	0.03364617655574727	0.14502649939332146	-0.030768456698672883	0.07097616390011945	-0.0112965105383432	0.02794670238243554	0.08889646056681036	-0.010960413938647849	0.09088153118115151	0.04911419134443613	0.00904713904256148	0.07853701609005878	0.014779660245619169	0.10388053980819915	-0.013864615102169683	-0.005249423233906634	0.021197725606280988	-0.006181480975773772	0.0300555140885805	0.038505319709192416	0.0012886114793189257	0.00533521287208142	0.045651783167016374	-0.03375417522838426	0.055309011568728354	-0.05288839833532716	0.03307529963718127	0.010678193441822036	-0.024378784200414918	-0.06938540397317335	0.04142420344048206	0.010051021331409562	-0.0015687000607256861	0.056374133853380415	0.027880496140915506	-0.030331622827380153	-0.06706949874306979	-0.0007121842402619693	-0.0015964784910387677	0.052078984590629415	0.013767905904259243	-0.0023701519434915406	-0.003670891181160454	-0.011148982344752648	0.0
ec1126	0.10288323536996766	-0.1032050782239067	-0.06581047675687732	-0.024737938134524476	0.09506999691656844	0.006892274926661488	-0.08715027137776926	-0.059294391091990986	0.07024826750666677	-0.12241468703068135	-0.0350293213721604	0.01741286493186971	0.08750204649861558	-0.07453729716933416	-0.030771177978394612	0.0591650611389668	0.07358626332488699	-0.0060816422940123726	-0.01619777627821166	0.05730943699696773	-0.0008850516640194719	-0.002073023675194108	0.0919540693791559	0.01857754414053032	0.047224251024592497	-0.1006587531440579	0.08221116251871347	-0.07716112346162353	0.06548009062147549	0.029393677268361878	0.02262715242386691	0.058054793180761274	0.0470459624991999	-0.04863847717672404	-0.09193065562371329	0.04581127401688565	-0.022065037856622928	-0.010226033989858312	0.07274004562828117	-0.0165035030946534	-0.04216174738544043	0.02690133302675927	0.008293763030988261	0.0005167738608385465	-0.026677548922315296	-0.011217987397106293	-0.056236507215250364	-0.033682563219723856	-0.06266532301750595	-0.018189391017869393	-0.03274388576937277	0.060786736812256915	0.030365973708864066	-0.003645737830009527	0.025992934264542397	0.008368603764738474	-0.03871405417509536	-0.014923341412157088	0.04067389450038223	0.04677076640940933	-0.024496510350563355	0.010937256829621156	0.009665032822897764	0.009544968170062122	-0.019275288685630883	-0.04828326812700619	0.03343619245113941	0.0
ec1127	0.13353345565609562	0.1369326847088281	-0.11292888152559248	0.11486181692702536	-0.017328290549013865	0.021082457501724227	0.012932056561640289	-0.004732160039121792	-0.019752802519131776	-0.09317352224291396	0.08561591881918261	0.048991339114886165	-0.03739863676758751	0.08736345931624744	-0.07363686769034115	-0.01080500896147806	0.0218383745030037	-0.05819930224496977	-0.02881008105903261	-0.02998332950036956	-0.06813788127791728	0.015623477370076834	-0.008583295449030196	-0.04515868026357953	-0.10375138022515625	0.0010845454843891845	0.0879020555993009	-0.053203811348846275	0.06024932503243386	0.013884036676346403	-0.02513962992886946	-0.0750664379486051	-0.04986195980316403	0.0136416063084746	0.05062404895171349	0.023938812519234482	-0.04618138917774915	0.000540196739928176	0.042338609575356664	-0.021164301762192077	-0.018468264838304858	-0.056166479373418496	0.021247025666252705	-0.042605430184957174	0.0008998098618393567	0.07014992475485786	0.01924436437560906	-0.08639655896799858	-0.008609609556716812	0.02996640324329883	0.024349006939690034	0.01991853249500079	-0.04044740411205131	0.007552964103710585	0.04805141792228534	0.060179811713273655	0.04226593109831602	-0.03436351273847212	-0.006811433887659783	-0.0006048078335357086	0.030875036828864867	-0.00378321202800296	0.05654451455742962	-0.001960726514403645	0.05893877752667011	0.01593244747128717	0.03799026527571193	0.0
ec1129	-0.2728648260658698	0.052241196827986426	-0.19308644472297926	-0.07972775950018313	-0.0015178824631155254	-0.0060058248370665115	-0.06845495835205472	0.11904093534831824	-0.003796819494552141	0.09535265072671514	-0.03490448643918908	0.05589070618054707	0.130128540042523	0.08878101456846757	-0.08769271265929236	-0.031006062882026154	-0.014128925706383362	-0.02419768824919505	-0.02296370830268269	-0.10827885323307641	0.09000336962838144	-0.06791815750491827	-0.011031502844535798	-0.011162474075958521	-0.04208470335548103	-0.04826928694909124	0.05454339484275291	-0.09955680197821833	-0.06253921394072608	-0.02906259255748081	0.023960410752744056	0.0319192884877772	0.05349996872188784	0.053402116084314846	-0.041334194204618105	-0.016040546452429187	0.0010257661871793946	0.03945305567070988	0.023439300883862636	0.04512863039367953	0.02431532311669047	-0.03151033982988214	-0.049212420344313196	0.064115313300694	-0.005098679348760532	0.030820760707884583	0.034245640644734156	0.041733613498676374	-0.03269381138584663	0.06799187079589855	-0.01965517170852376	-0.006704970008935571	-0.06651406351608947	-0.0009033690442813208	-0.01429794199833873	0.0013886905369550303	0.00761525804424199	-0.022445152433068178	0.04065201505761056	-0.03250272501096853	0.0002118334523947433	0.004132554807189783	-0.0031961983834674504	0.004283641847914646	-0.017870948598231393	-0.018351948063822565	-0.00750189489709878	0.0
ec1130	0.062305316091764026	-0.005975598404045162	0.069945740969545	0.06213854461956706	-0.09007718997077263	0.011334724801082182	0.04482555493616598	0.17287711062829364	0.0006498167411113078	-0.011537166310051233	0.038414541665486086	0.054258874840790436	0.009089031801562262	-0.001564081630018855	-0.027006524197525986	0.06323203116904512	-0.010722203306011749	-0.010981801170893533	0.06705274222151852	0.04323064531711283	-0.04805719977624622	-0.01582642110797674	-0.01358366514772822	-0.05529362979380754	-0.03587563080951977	0.017573080580956378	-0.005683153690671745	0.0026153344303067472	0.05309521475208685	-0.0375065575142	-0.05010171213969788	0.03292052970265492	-0.016908962279922023	-0.028298575016159757	-0.003957959084768603	0.057619248492770274	-0.01849629837908307	-0.06770918054214675	-0.036059555785128025	0.10011092422952843	-0.011424026032561095	0.07010686257539246	-0.06079587255829899	-0.029272651179511534	-0.04974018701518074	-0.019526699127356554	-0.01346326405930617	-0.013380950100785913	0.02108411046932005	0.0457018476651832	-0.0020362884915308	-0.02930968515476519	0.02241803134747107	-0.031829149758262974	0.00269185886402479	0.10134159875789789	0.024901361196736957	0.04563175754776604	0.03608405212628026	0.001949705958205467	0.029376544187436023	-0.054072181867496814	-0.026685674157074925	-0.028501230188806032	-0.06207594458110989	-0.05630043853964365	-0.0323427111010488	0.0
ec1131	0.17755868652274223	0.0930438899260119	-0.015603662134305725	0.12764033765691507	0.02897149365869499	0.014479835647356783	0.0621130566007063	-0.05794274589850037	0.008768677271814395	0.018133462936310414	-0.03144542069117176	0.013915363853213885	0.031054804930465245	0.030147008490548657	-0.03364681808414946	0.019276305690603655	-0.049297540058086814	0.021197949133098293	0.04578399024434736	-0.06660362262375012	0.061358098909223495	0.08122159894097666	0.07867251579335821	-0.06906679584255634	0.027175595668117558	-0.044198306170421586	0.045819856415107385	0.07077442094959398	-0.010872027007298486	-0.03379734634458114	-0.004817202842105394	-0.07045609910586842	-0.008716878456676276	0.07019376206507733	-0.03489408802109693	-0.09309872592615878	0.06561532698758944	-0.00884246364100761	0.006456525629609005	-0.001483078404348073	0.013675598410200706	0.039584050996625396	0.04384141093281256	0.006061614899854481	-0.056903918239730976	0.021875857229162996	0.05183774142923642	0.027317704571221027	-0.06795299183908153	-0.05000086402246757	-0.03148713705674498	-0.024649344653707148	0.02759077981463131	-0.039796058056329464	0.05235001755344827	0.02617607352857472	-0.03159783100724877	0.013128020883271387	-0.02611814334376189	-0.0562863772373565	-0.03878910819420355	-0.010194311257989584	-0.05610313928186034	-0.07597935294200688	-0.002506860391699317	-0.009651842674493587	0.03252639925701264	0.0
ec1132	-0.09492724013608353	-0.02305126027974823	0.06280823212717804	0.039192760605368096	-0.09415318612070636	0.09781233092211342	0.07540575830492421	-0.045487919472461856	0.0041412221857132945	-0.04976140512336221	-0.07499244044033695	-0.10084872582942567	0.16274011820994744	-0.06698377390592826	0.05885200016923218	-0.11030392994851415	0.06547434627893374	-0.10709976138188014	-0.03528717487742009	0.02430748231130174	-0.015352129798296029	0.055689353167246464	0.002395366896915395	0.10581581549532636	0.0023515071346864205	-0.04063480534220255	-0.01652276093608085	-0.005196493221289829	-0.011771121527274395	-0.005101219939434228	-0.008784755250514989	-0.015799293732265258	-0.0253325097463485	0.01950426900961581	0.03344158306961026	-0.041448229605877795	-0.026486703795107754	-0.001005826564320142	0.012251105480491804	0.08187709458729996	0.06478169582914328	-0.05177732891537154	0.04239327254099379	-0.04306293967436338	0.004749093709040623	0.00018151180091291604	-0.016885148765951975	0.023492771477962165	0.026846052831182302	0.06506713242974532	-0.031277055965601444	-0.09422630211179953	0.024206690882067092	-0.01650857310852303	0.058909943345005135	0.02699108757489925	-0.020769993524085394	-0.01421405615721617	-0.015197484397941993	0.024863626619924337	0.006329559177429567	0.04951017078627983	0.0035330757982099483	0.007054030353286294	0.024795362412929924	-0.039122285494249905	-0.01624809335908364	0.0
ec1133	-0.062124443587404855	0.01540046778864437	0.12470592146436686	0.04842998159424487	0.007879178796772886	0.007620477646673378	-0.06605307314718653	-0.0418648194465682	0.04079822090570564	0.05019992268240705	0.046923189191006034	0.08251311655280397	-0.00353377399904747	0.005345947319374944	-0.11202843346083978	-0.02014343200732529	0.13774739366165184	-0.081110127250769	-0.013049868523537959	0.09728826141730132	0.013108261879508105	-0.04084846151885099	0.03663969717998686	0.057131520716186567	-0.01897339862577353	0.06181551850595997	-0.005389111961818921	-0.07387827058080046	-0.0722053389597889	-0.011169654590363445	0.08622849893851095	-0.08189603999686809	0.031205124304245404	-0.006932632999113007	-0.055987507284455215	-0.03690500039045892	-0.0509606628619297	0.04825606952311481	-0.06130769845592903	-0.04506122271134343	0.008176099726199383	0.06170949871709102	0.03724386563099131	0.026317858617388303	-0.04629178770396445	-0.012896545622790495	-0.00790841844354082	0.012669176493853747	0.0462500961262692	-0.05694835287709746	0.022064944934226692	-0.039210797692356546	0.010177172988744902	-0.010368959844279031	0.024532845397622013	-0.015520759593096773	-0.005848430447002159	0.057210509028198214	0.008179521818680093	-0.027718508051049702	0.10033466409379416	-0.016657107159096702	0.011070714995076728	-0.005788329561838908	-0.0043159425428166195	0.007919467433267074	0.01905599177559321	0.0
ec1134	0.14477599829037419	-0.21815676973381778	-0.12043419861642353	0.004449607296707457	0.038290657170858645	0.06455121522752101	-0.08555385568764345	-0.08797465466042964	-0.012889769340921842	0.056791745270225194	0.022019541529034566	-0.0005057135768250757	0.0008792285085528108	-0.007290420477405534	-0.019137276868244603	0.02718343159499785	0.055259433052294596	-0.07886674456426382	-0.03405166319473345	0.06377641672282655	0.007009093118076492	0.01632995509306515	0.0103461351498293	-0.07003379606047691	-0.002081857188178051	0.03487358531697539	-0.01931048785268993	0.08710067904164598	0.0585374655045346	0.014721322081873541	0.01873590423276148	-0.03047709158325144	-0.023927975759989242	0.014912907195944831	-0.054079717855701204	-0.02663430643851011	0.04338540371377926	-0.007859052901003484	0.07296442616006846	0.03858100192527772	0.07247865087523706	-0.005838116153512959	0.031198317517403675	0.02670918102843832	0.025222710636048255	-0.014281669351484479	0.037255233792913615	0.04793482496963382	0.028009357287405823	-0.012819912159616009	-0.04314783430838353	0.04321877130565898	-0.06666387014561687	-0.06676414343093819	-0.07842635835478491	0.05286365148941067	0.0906977422737145	0.008670842903075151	-0.009759842300464007	0.04298111063881044	0.026271471332347345	0.024238819168931006	-0.021206104603571772	0.01580474810980125	0.008455224873393778	0.016535084201878797	-0.03269145755696144	0.0
ec1137	-0.10754373939567718	-0.1215815967351014	0.05424854478495748	0.034218674170703775	-0.1001889419627798	0.006425164036628698	0.0610797152575732	-0.1150571729726471	0.10019351739583922	0.04082259105556686	0.021561379913784387	0.038136769861663686	-0.028280391198521042	0.02821834437779168	-0.04017791667883843	0.0024675201529410174	-0.04146340117462807	0.06606374231462502	0.035234618427659375	-0.016881901358887157	0.006297597960926228	-0.013235342020148097	-0.00913798576445435	-0.07396483862861929	0.017726360907761064	-0.03231440110114029	-0.0376115083755011	0.014069121434459519	0.020717632531876688	0.013577065064951004	-0.0322955622651542	0.016159009619418088	-0.019503795026877067	-0.051963532402994235	0.05329100331505185	4.8295801636560685e-05	-0.0614763609039425	0.047395942407795065	0.021929923423530978	0.021072958896813494	0.021780048004684742	0.013010121917339435	-0.0490722800890148	-0.03777995957340136	-0.01599277587392392	-0.013839796677864486	-0.011945459884014124	-0.007287160659444216	0.001293776082981796	-0.015343226795261447	-0.033102802383760954	-0.04364945345873222	-0.032576925114620355	0.004591922737094834	0.04269214353530904	-0.040907687800547064	0.055482347739195054	-0.034703535960736484	0.04721627301170172	-0.004479823810118702	0.01865445703461755	0.10256099918577365	-0.013568882575181873	0.005489337896941286	-0.087082303227812	0.04258337694411119	0.07437975955540593	0.0
ec1138	0.15274795109426612	-0.1364444468517176	-0.02929498283478604	-0.006815607561705485	0.022383468193169262	-0.06442458556287582	0.17038155105346361	0.10154747765709461	-0.023207100989170035	0.09701311620984697	-0.08271925664255313	0.01699516490868892	0.07529323246787728	-0.036797590295490165	0.06062753493372715	0.05547120893330682	-0.012817089176975249	0.07051102473517007	-0.046858432023498965	0.060554504973200474	-0.03888562838016993	0.006419523766266186	-0.03414795452292184	-0.04460694304449383	-0.045580732295873935	-0.026185574018086372	-0.023455646015444382	-0.06380972963151578	-0.0077452336162961155	-0.007805341671273082	-0.048848992722955994	-0.0022644497980332605	0.03757662212520026	0.041543353684368886	-0.0337868880685917	-0.009531161499287108	-0.11344456679762624	0.014158140921872396	0.01968492125093149	-0.140258733332161	-0.003577444823347914	0.0278446515693269	-0.01287714673856317	-0.06536416940053281	-0.024477101446739268	0.04000304804797412	-0.015292588434797801	0.0807749979324799	-0.01467712667251758	0.03481699512746129	-0.03369701527560957	0.011925583972813068	0.032622642105483775	0.006074187569707535	-0.006506369154932571	-0.026526984716217925	0.04607268833507903	-0.0030414312590055343	-0.026889562438266006	0.008371378964826079	0.03035065639459023	-0.0009725535419723968	-0.025336826546257823	-0.0136948859059689	0.05299558291922141	0.012537221497993373	-0.009129551935500592	0.0
ec1140	-0.13819767662845278	-0.033119764191419085	-0.028326216266127146	-0.05486593728982755	-0.09263492709157385	-0.05003827309512094	0.06637142645626613	-0.14332991602945436	-0.0491917674775069	-0.0022112182931726624	0.0791275328583648	0.04068714591962855	0.011650199453555214	-0.017479846880387943	0.11322651963837727	-0.07021516389448204	0.013928134262342727	0.025129830692673494	0.127688636380914	-0.08397553316928957	0.06593836735360452	0.027522014024794244	0.015492571171758758	-0.023596929806512682	-0.015832496564154974	-0.032023937910637276	0.060993570787303004	-0.06288353462994963	0.027755495233054345	-0.03922067787099186	-0.02130019334711539	-0.019415494089830423	-0.03492239520411305	-0.04793637757321937	0.012227556644563216	0.01467106489026533	0.06159460376763628	-0.008902901963178535	0.028227046252276535	-0.008948650828293906	0.04176242087135498	0.1480091095506129	-0.00035956430739565644	-0.015369450918292338	-0.012143868878943106	-0.013059870256198649	0.017933260925957838	-0.01712619246534711	0.004969443813455157	0.005862241559853658	-0.053335942030462186	-0.019860704704538122	-0.001671007877305217	0.029215200023020606	-0.06772176340704941	-0.03378245458401328	-0.0011507898888736927	-0.006596520212903309	-0.02283347250367699	-0.002329401862391422	0.03966223283424687	-0.04681802048997629	0.04311588846298437	0.04450999734948328	0.04222443865517024	-0.0323607382110827	0.0020551432252138143	0.0
ec1141	-0.01081535064611805	0.11484977055634232	0.13196758409621265	0.056870438483518214	0.05949637961139778	-0.03298871121946485	-0.13522395825326872	-0.0791128811933451	0.04094064113833949	-0.04449432088684419	-0.05350219758960297	0.02585348642113908	0.03604940871883043	-0.025306731225856482	0.023572786770282576	-0.0022460222970809183	-0.01379385236341595	0.03228163923249429	0.10525125523674825	0.06394257547988819	-0.058516727041639	0.025407430770692033	-0.06559200013648962	-0.03352805712401188	0.027299991484586675	-0.051755339159531906	-0.06690657191442072	-0.04122703974312878	0.052350022562265106	-0.060022310809863054	0.0846567665709263	-0.04727992793658684	-0.0071036117196985	-0.02963081550389283	-0.02759988021230108	0.009521003860221108	0.04956304297403621	0.033143747256159796	0.028464679632040392	0.011691450864312492	0.015326800908351994	0.0031062976113601184	-0.030098624462624127	-0.014832259191282985	-0.017265769176154095	0.016047840692081674	0.028297181203940095	0.0459389229396548	0.04997472300291377	0.09724640220589957	0.03790906461931272	0.005008247197287818	-0.015773308573977882	-0.005913836430251777	0.05123780632755228	-0.058164567457608514	0.03940771801925038	-0.01992406716461093	0.05259607071952596	0.014769646284439908	-0.05861153162093037	-0.0625478982181103	0.0011490914513841077	-0.03299572189397996	0.024248586392777813	0.050413243252482844	-0.02233348201784245	0.0
ec1142	0.03199287410545475	-0.19497278720744707	-0.07291301539292849	-0.04592448174757442	-0.04000645842863002	0.04140990035805405	-0.015179397947211268	0.01694542246644231	-0.02513353933101059	-0.07403226183660329	0.02208245711075902	-0.020362812312250664	-0.02048254330289512	0.05363812691834747	-0.008292121223529576	0.020607388768936846	0.02515584432759982	0.06848758124791086	0.0880010209087418	0.009968138340296874	0.05383385622025993	-0.07658323835716817	-0.00694000314747606	0.08677003936000867	0.03657716180277195	-0.02719120199308162	-0.02423284563124494	-0.006736743956113854	0.10325833562926233	0.051541981577618655	0.027465018521355217	0.03169522263381781	-0.03351453880140845	0.07398920686837018	-0.035535206554837426	-0.033853676560161264	-0.04141315463582481	-0.04892341890971717	-0.054685315492907394	0.021528378376597754	-0.03671625796528824	-0.02423135202178311	0.00967361420419051	0.07110727665576778	-0.034186514479204726	0.041681380933804864	0.02176472899864462	-0.04277086948122337	-0.009803439472171466	0.019152391685880035	-0.06771506853970066	-0.0703284120754076	0.06078544217942057	0.03136043802930341	-0.02973620349466586	0.007372616989058329	0.0022584863913784337	0.019930989684399533	0.00033233543701255387	-0.016229588606683606	-0.00705286423229576	0.0036229878545245356	0.05049726550568327	-0.04586324882257272	0.014931224172983452	0.08840633264979703	-0.021711700572234396	0.0
ec1145	0.10148295133894572	-0.025584167862318194	0.05943453079987591	-0.0998724529033103	0.07660747007411517	0.1057231451762089	0.10182886253826372	0.08475966283184652	-0.119433449366907	-0.10841162537393538	0.010612770587712999	0.09176859676118183	0.020487704675255604	-0.037970806399160215	-0.08273054186081912	0.07036764445186035	0.023726228284432667	-0.012541769119168608	0.07494713704338098	0.042414891483600316	0.044965007724579266	0.03782720800981086	0.06223236272627088	-0.0822571951394681	-0.04187516059414096	-0.07775929567957202	-0.07968266605079456	-0.024679681874457522	-0.03621561141989009	-0.040714234460623805	-0.01271672124202239	0.05403511415934011	0.0296337066360247	0.011130573371295477	0.10025339106483278	-0.013735320579763736	0.06619874581776888	0.03995809250566727	0.04742632890551635	-0.019090325101431237	0.019997680992800734	-0.08402838450654491	0.009531959126638585	0.03571820728554365	0.04786250134365875	-0.08606484356497632	0.02780249470887943	-0.03709212823668481	0.012276125483667808	0.01041151807857473	0.0011992980268439677	-0.0038449108997407316	0.018034761464015555	-0.029773108285574647	0.0052423835083458235	-0.05919946947757347	-0.022330095121234943	0.014270533851823204	-0.029057208700504863	0.006071713266891248	0.050845647753696134	-0.01038740238227449	0.025257987170402115	-0.010382632094372558	-0.014016233660002571	0.009230851394761716	-0.000460023940781569	0.0
ec1149	-0.007437696753647789	0.06386557841301026	0.15145384530587452	0.046492546629337515	0.01788844197611108	0.0650662343666819	-0.08063284668003641	-0.0963829353287665	-0.0616857061674518	-0.01865992679450191	-0.07185117820418568	0.09899046479076848	0.1223415166825171	0.054193696101676396	0.08553191373576143	0.04887534597904006	-0.029605875489027152	-0.0005890645161305453	-0.04583998952788581	-0.06334773681905081	-0.025631789282916758	-0.008370049592065224	0.039335387927773774	-0.08117116862820783	-0.06710257012285736	0.12332408218106569	-0.049754032848016355	0.028155024870158526	0.04730678203408352	-0.08283707418119568	-0.008929073391906963	0.05050372332711908	-0.017354713584146027	0.03922842544651584	-0.051257051373948016	0.00999167092268593	0.0307708366034541	0.05403235867558149	-0.02485138797582017	-0.015298738018174694	-0.07601647972857538	-0.045637548254768366	0.05409043110782118	-0.0026021925375891903	-0.02272838509808794	0.022628346511962327	-0.08397020972658947	-0.029906329221686106	-0.006114786836703672	0.006527624001547944	0.013263275191587542	-0.03831376855297612	0.045897780598336824	0.022236195033735754	-0.07492189604970667	-0.007729748369183343	0.021376086447520905	0.004649237624408901	0.02200778928519024	-0.03937536856894673	-0.00926402907797534	0.041748547836351055	0.011140940621092082	0.028166143896678358	-0.0024856781652547156	-0.021564422212227267	-0.0028182096006130423	0.0
ec1150	0.04413133364795435	-0.20099440110747513	-0.09379064699957791	-0.0247855798061423	0.06712063942512488	-0.05708335627811583	-0.0174214315523415	-0.002328376117788863	0.09449674505640271	-0.12776430887829465	-0.03028100568240984	-0.12414208246131452	-0.10655498896295758	0.12488294628277809	0.02130862181737831	0.09672831632911817	0.1009781341627437	0.07365032280473897	0.010356414558768618	-0.025908431219985543	0.05336362396471339	0.06130595140386181	-0.04278856928838455	0.02355233794046861	-0.04110073752040939	0.10954790517008431	0.03378759259826292	0.005749979376344355	-0.005680673443679854	-0.08972748539048236	0.009859765343257994	0.0738029819948951	-0.015248582469740044	0.050260780900451975	-0.012839919916278164	-0.0340046062996604	0.01186464284771931	-0.011337821495587833	0.03318709920987242	0.019058250260469877	0.05513755425225174	0.028644664921464072	-0.018846420475366953	-0.0291169448155482	0.04279575940308258	0.016461107713087224	-0.025070050477012686	0.03175626881843172	0.017441975469720553	0.04001730082855887	0.08290747899636512	-0.0035266664346982777	0.012003131003054703	-0.018632935809825366	0.0449261390681375	-0.024882734738746626	-0.027848557127822183	-0.007659718770258884	-0.004739110870106943	-0.050070638437995835	0.03156330175575319	0.002193603834033648	-0.0012682186778367912	0.015468324681763498	-0.0032686672835944577	-0.02272488048649328	0.011580910020983232	0.0

Biplot	0	0

Site constraints	0	0
