Eigvals	60
4.394875199586754	1.8543761897268491	1.317920131942289	1.0881004103403702	0.8794845200494699	0.8327418890356328	0.6699201439101314	0.6189976570759277	0.5697462391674635	0.5124143034902584	0.4756957906970393	0.44953243755021394	0.4330987961749177	0.38316262575209253	0.27319670092692727	0.2532576107855187	0.2264983808054386	0.221617871272285	0.21028970289193688	0.1854386454181277	0.16705971414011284	0.1464554402492429	0.13087172870968028	0.11805750543858384	0.10107931950737586	0.08111399604133612	0.07517538538832261	0.06902102122391893	0.06232346232820585	0.05204817587823449	0.04676223453118522	0.040507649397744955	0.03237501303135784	0.026470180244991676	0.02158827281439779	0.017880788383399293	0.012713105686483706	0.009165832634013743	0.006939217790431745	0.004131511679324462	0.00011590410103274481	0.0	0.0	0.0	0.0	0.0	0.0	0.0	0.0	0.0	0.0	0.0	0.0	0.0	0.0	0.0	0.0	0.0	0.0	0.0

Proportion explained	60
0.25742844327767633	0.1086195066056616	0.07719676043636337	0.06373514196490963	0.051515531295277264	0.04877759627092746	0.03924036336307296	0.03625759458848076	0.033372708154712084	0.03001450791438068	0.027863732486509914	0.02633122224090734	0.025368626825905814	0.02244363122730375	0.01600241149847184	0.014834485515964146	0.013267071970812947	0.01298119764800175	0.012317653720380184	0.010862010784287642	0.009785470620314011	0.00857858170726996	0.007665770667153239	0.006915181538069185	0.005920689595644794	0.004751227004333634	0.004403374738635341	0.0040428847783390105	0.003650577356174647	0.003048705659044988	0.002739083294260671	0.0023727229219796513	0.0018963562848247875	0.0015504825471240773	0.0012645263429065662	0.0010473615993803092	0.0007446661981218045	0.0005368857860946194	0.00040646251650640043	0.000242002007267929	6.789046547024489e-06	0.0	0.0	0.0	0.0	0.0	0.0	0.0	0.0	0.0	0.0	0.0	0.0	0.0	0.0	0.0	0.0	0.0	0.0	0.0

Species	0	0

Site	60	60
ec1249	-0.206152713760046	-0.12535277440642578	0.12594719694381573	0.10626691761000288	0.16844513517318715	-0.02693334305542482	0.08330856098758795	0.01373340974014333	-0.015105146869927946	-0.08752100671507188	-0.08700082574663243	0.017727801793461402	0.07452661622072261	0.22181671592983002	-0.11489436931139681	0.0688542331048919	-0.0669020821989971	0.057737609469367936	0.006282580696023871	0.13318443396894322	-0.06125747586351233	-0.06918056418348852	0.08901630297197241	0.04814260040236423	-0.008509874716361842	-0.0036348793174331754	-0.032627358891668755	-0.05922560583902526	0.0005604293007281245	0.001959468608099648	0.01127161180753446	-0.022206058130421	0.03947253307895018	0.0009829841826455034	0.015400204453240213	-0.009746166229641244	0.015014655995847675	-0.011804531389819486	0.003023022797015902	0.009022113347170554	-0.00018101119568451963	0.0	0.0	0.0	0.0	0.0	0.0	0.0	0.0	0.0	0.0	0.0	0.0	0.0	0.0	0.0	0.0	0.0	0.0	0.0
ec1257	-0.3251228655949918	0.057084358404166494	0.13944029702794297	0.2506157753636672	0.006980254057166436	0.08360841557971135	0.049142373708149216	0.067490466597026	0.054156205961126955	-0.06442153031190254	0.02011501783672073	-0.005052083933088324	-0.13410118655304548	0.055374872384083555	0.12562483569028982	-0.1193726691818742	-0.08382360149394583	0.1453947521303702	-0.025351625935568504	0.02186658981323471	0.036946126664869475	0.02908955964641548	0.026767913329101257	-0.08710567652353789	-0.08597625472024668	0.011813918752477521	-0.028577409931890996	0.018017270081966772	0.04842278619971633	0.019086036189370503	-0.007589567805134614	0.05142256763359491	-0.011714456676206826	0.003172380315867272	-0.023662954332257416	-0.014337379619322991	0.00014317532582757347	0.005141174719453545	-0.004085090844537251	0.0015005794847884055	0.0005462079664115108	0.0	0.0	0.0	0.0	0.0	0.0	0.0	0.0	0.0	0.0	0.0	0.0	0.0	0.0	0.0	0.0	0.0	0.0	0.0
ec1262	-0.2861511225701618	0.046299714436890176	-0.4753805988320035	-0.17297029883038328	0.06202175670675898	-0.04848913638386718	0.13226805521439577	0.18800940874571753	-0.04378951338715619	-0.0970218160215439	-0.10606887972783176	0.10748239845254685	-0.263825692188791	-0.08421382035335924	0.053984801104208086	0.08251997566545152	-0.011153686760049832	0.024957054143549443	0.10775255892302536	0.003705164674051137	0.04603176144942496	-0.025581192787550572	0.054298395182273244	-0.04576480412124005	0.04161149380129379	0.009064318957332555	-0.0679751897110783	-0.021653830918808303	-0.003753891660945302	-0.009694567792894928	0.00596890118674302	-0.02713697257331639	0.010548823203550831	0.007749332440842664	-0.014938166902619303	-0.003141407437213521	-0.01420010882206504	0.009958161104438415	-0.0024009154926255324	0.002788695887895137	-0.00025412724428979514	0.0	0.0	0.0	0.0	0.0	0.0	0.0	0.0	0.0	0.0	0.0	0.0	0.0	0.0	0.0	0.0	0.0	0.0	0.0
ec1265	-0.4236540951044124	0.168139377313966	-0.04027809941845888	-0.0028650904819486345	0.027554586373267558	0.058246709091681566	-0.12870466960955335	-0.20091557177835534	0.06352771354203403	-0.017750882528408632	-0.0471383637210439	-0.0678443368950356	-0.05037748899289828	0.02682517523528976	0.03920515388863921	-0.03325794671635434	-0.027626228791411047	-0.11356540595502589	0.09815561363239703	0.03808401372033585	-0.040248605747611584	-0.0647363866395143	0.04187315361778529	-0.00621441858455416	0.040031324368177856	0.06753741420707143	0.05040855952883987	-0.0596142612029862	-0.06887027674535563	0.02234428647866191	-0.031982819168524884	0.04730089544718696	-0.027649557531514286	-0.004064905908217356	0.0011997514118977546	-0.027899829041474315	-0.017088714629129937	0.0027932678139143356	-0.00448074341577812	0.01053684520171609	0.0018506217421773872	0.0	0.0	0.0	0.0	0.0	0.0	0.0	0.0	0.0	0.0	0.0	0.0	0.0	0.0	0.0	0.0	0.0	0.0	0.0
ec1298	-0.11359481590209174	-0.15342195535938494	-0.2635461268455879	-0.012087812784152703	0.1241999116774867	0.04607487205542901	0.06987807751557294	0.2783656552600544	-0.15995842178024358	-0.09596015345172412	0.023269322457807384	-0.2740474879519567	0.2984679933584472	0.014847253737380562	0.07248006632799732	-0.1739550855344624	-0.09325390410658327	-0.03754037122257071	0.04604485959208075	0.01879644839293108	0.002199782627470965	0.022261220151924978	-0.038226915216566924	-0.009661873800533377	0.06290994637864164	-0.04818474034286066	0.009851795416362939	0.0051714730718341985	-0.016600810772291214	0.0017511526732404523	0.0037627792622265525	0.007995931470980266	0.013088921596191188	0.0021817814769626723	-0.004633515305688696	-0.0015748273944968206	-0.001955442141066682	-0.004444627102569975	-0.0014198886984465864	-0.002518169035948607	0.0008281456355097134	0.0	0.0	0.0	0.0	0.0	0.0	0.0	0.0	0.0	0.0	0.0	0.0	0.0	0.0	0.0	0.0	0.0	0.0	0.0
ec1301	-0.35174636627480516	0.11224751384827616	-0.01458202597534326	0.043249442359389316	-0.07149265113099133	-0.0070465741739168235	0.060589666662481986	0.07861399932844786	-0.12220311525205546	-0.0010087003210613329	-0.049649828704757704	-0.02855747813613823	-0.015187012444623256	0.3403153710678925	-0.05151234093897295	-0.04012045160362608	0.2809958754474019	0.0538094843782136	0.0381645575624236	-0.040229841029654	0.06180272130883266	-0.038670495884821354	-0.06750685405488303	-0.007644932570392066	0.03146529315206548	0.011348167251453939	-0.030538016798447344	0.026892913707915387	-0.015453818648575753	0.009653118430248643	0.007164563036128405	0.00909503315902008	-0.031401955161312355	-0.018491952425810244	-2.904419928566831e-05	0.004234495270510888	-0.004317913839258126	-0.002773572702636764	0.003159214374287123	-0.0031703329819442625	-0.0006076233764632695	0.0	0.0	0.0	0.0	0.0	0.0	0.0	0.0	0.0	0.0	0.0	0.0	0.0	0.0	0.0	0.0	0.0	0.0	0.0
ec1309	-0.23491584135259624	0.0014492940535072718	-0.36851582217824536	-0.0464403751972956	-0.07233952706162035	0.06584560199850753	-0.06958273156313498	0.1097704161299284	0.3120826299570743	0.04759296399954693	0.4069982362818415	0.10382912257016856	-0.0011792279095941638	0.17269450239374376	0.08735428516803583	0.008950293791061182	0.0188767999351706	-0.0750806015176549	-0.11054845025098334	0.041464673104196395	-0.0312223263618635	-0.020432030544340906	0.025299534485709246	0.04458364009804371	-0.020971662170507797	-0.022435554522689104	0.017037374031523878	0.0020554902388414693	-0.0032697849442112842	-0.00088658858190227	0.004699311834163544	0.0039049765687251712	-0.0009750150017272246	0.0011705456471731023	0.00046464111884551916	0.00714503928184099	0.0043419064798639	-0.002486713574388074	-0.0012264197507642245	0.0019088827335844206	-0.000439343320544411	0.0	0.0	0.0	0.0	0.0	0.0	0.0	0.0	0.0	0.0	0.0	0.0	0.0	0.0	0.0	0.0	0.0	0.0	0.0
ec1314	0.3218324758197135	-0.11347745844215289	0.0379292445658158	0.05818720198337951	0.14777012691361996	-0.07159245072544745	0.06111222930129791	-0.00794473228633498	-0.02625702736114964	-0.028778639358748505	0.09478860560716064	0.1172881337634115	0.06011592109194491	-0.10159217326418993	0.07246661820081333	-0.053868440921810284	0.03448199526154931	-0.013325810585494029	-0.061297460008534324	-0.05186065599241385	0.0670210261143176	-0.1606800173921798	0.08213364541976366	-0.023818636049867142	0.04594921006220243	-0.015609202644479517	-0.017085076736544188	-0.012931072416975182	0.029756973431298503	-0.03753900484111824	0.0365750096226541	0.004209178220246837	-0.03725645728510964	0.009478640354734976	0.0009409706236875767	-0.016255038589559394	-0.010623859875569878	-0.006476018051731367	0.003647654012015745	-0.0048685888093083825	0.0015223740797202828	0.0	0.0	0.0	0.0	0.0	0.0	0.0	0.0	0.0	0.0	0.0	0.0	0.0	0.0	0.0	0.0	0.0	0.0	0.0
ec1317	-0.37589430164501947	0.14094887840200268	-0.24230825019803834	-0.1590076983662819	0.047303029522129315	-0.043792994237739684	0.08093161124354395	0.15226336309056154	-0.06399199685273385	0.0478140207393559	-0.23551251771017045	0.11239725640236958	-0.12318068407693449	-0.030305097577679848	-0.025662882746156378	-0.001675089058049616	-0.038622052286523004	-0.018072647945267667	-0.13897222766405248	-0.014714419797044973	-0.09325701248593381	-0.00018313755368212998	-0.014413842939109715	0.015518521413613028	-0.04257086409576165	-0.0489971463732432	0.08567272700010993	0.04153162719398123	-0.038612122843348536	-0.02826318485449214	0.014548369241443907	0.021801653168048468	-0.005631136154595519	-0.015955811594611506	0.017020560405145515	0.0025263146988980362	0.011528608111718134	-0.017080720522406067	0.003042493873799723	-0.006175546435468838	0.0014625676915822798	0.0	0.0	0.0	0.0	0.0	0.0	0.0	0.0	0.0	0.0	0.0	0.0	0.0	0.0	0.0	0.0	0.0	0.0	0.0
ec1330	0.047571395998209406	-0.26037719516737085	-0.14000349290661968	0.22063646679619964	0.16671963933929196	0.14689372329612196	-0.042646430863855674	-0.05586701447812762	-0.2597946655766422	0.20471504954112474	0.08592807401843046	0.11216119678317366	0.021744172287891682	-0.10428035183753863	-0.021126934769923278	0.01177821503396002	0.03732377752825711	0.0518240339468822	-0.08766322131817064	0.007500524638560601	0.09644219942321036	-0.03221365845558635	-0.012790434348751083	0.05318912930811088	0.025923535829562083	0.017143512820996486	-0.0059012198857349395	-0.015767681678992115	-0.019812519584104755	-0.0005789160162815388	0.0026720678288559853	0.018919466504463665	-0.0029832904227905565	0.02090306514096878	0.0013162439327022	0.007771697549186759	0.0030072802497604248	0.00926020743371447	-0.002813620234039765	0.005186456096854325	0.00019977921966826546	0.0	0.0	0.0	0.0	0.0	0.0	0.0	0.0	0.0	0.0	0.0	0.0	0.0	0.0	0.0	0.0	0.0	0.0	0.0
ec1346	0.29759665951057407	0.1042755330558813	-0.0725311676435184	-0.11586598820088675	0.07425175953927038	0.005686103451157186	0.10301203745482762	0.11678227759935739	-0.09516391912299221	-0.015419456398709034	-0.028546296779325096	-0.037082320171176	-0.0239373280103247	-0.024823536258978	0.02417089170062221	0.028045697999118845	0.015549011809030662	0.04254287099676426	-0.09203144643469315	0.06787117900370074	-0.03383148164805234	0.0196252839717416	0.014298862095687113	0.02714789406378165	-0.021052251053058243	0.0525028919411836	-0.009734540059515016	-0.027372124186295074	-0.013366503877385678	0.02987615887901666	-0.01631470349822605	0.0010137330273927443	-0.04542579672157572	0.028677366607335605	0.02632239840577229	0.013603494754182151	0.003870369059384782	0.012979939923461276	-0.003310899989316205	-0.0028158059907398836	-0.0019295998463693307	0.0	0.0	0.0	0.0	0.0	0.0	0.0	0.0	0.0	0.0	0.0	0.0	0.0	0.0	0.0	0.0	0.0	0.0	0.0
ec1349	0.20480581528111605	-0.027366315990823026	0.028549176473617738	0.11319429301849694	0.009116043404604186	0.0237874377880267	-0.13510603985712977	0.004559160890676923	0.06274432298407756	-0.1360421573566972	-0.1200453736847309	-0.04021711508017607	0.023023309499169597	-0.019000440622680023	0.14532151516833341	-0.010742581578581857	0.048246461270664336	0.019724110378928243	-0.02234969014557061	0.10683444247335913	-0.024955543845815078	0.011444245430307979	0.01883794720878477	0.03202476937795397	-0.005400449619192655	0.02012384932406246	-0.010233338260352103	0.05572403465281782	0.015783811356229076	-0.08599336103742998	-0.05941009749619028	-0.061531642822248156	-0.03271754077265291	-0.009603516991908858	-0.005828848954460171	0.01889304886800629	-0.0025379624655357553	-0.015197184178188418	0.011836949165556667	0.01684386473790074	-0.0004362564032360359	0.0	0.0	0.0	0.0	0.0	0.0	0.0	0.0	0.0	0.0	0.0	0.0	0.0	0.0	0.0	0.0	0.0	0.0	0.0
ec1356	-0.019941697294809393	-0.20119735238789965	-0.13955849163104267	0.2431385839635811	-0.005558045289831089	0.21813770670938143	-0.010700921110235887	-0.05331388199522832	0.2700999280689796	-0.3809439909088038	-0.15732612951774735	-0.019282246699239742	0.02934574329777968	-0.04820982849526023	-0.015720117128341447	0.07954624982359039	0.021791044704530974	0.03401886942650562	-0.06680678290043958	-0.0972270533350756	0.0760521154626083	-0.009524190172724697	-0.09013626626047576	0.04121078031383877	0.0269563512512444	0.022005984899263878	0.04805788641369115	-0.021498333330906734	0.0076867380834949785	0.02507725651649867	0.0169033421335056	-0.0060043883558603605	0.0018608024603291127	0.010011503753615076	0.008845109156443619	0.011834985770704874	0.004307642485175792	0.008539273702037671	-0.004402048160688165	-0.005253774958320173	0.0004004145192993297	0.0	0.0	0.0	0.0	0.0	0.0	0.0	0.0	0.0	0.0	0.0	0.0	0.0	0.0	0.0	0.0	0.0	0.0	0.0
ec1358	0.15296060385435292	-0.0807740265067389	-0.07330095271084038	0.011758268808092021	-0.013062485380513349	-0.20645048549899614	-0.32881052476632594	0.09144032765517886	-0.019182411446527253	0.043475720653739856	-0.0019721060040407447	-0.17659621683074653	-0.08761011371566975	0.010530699004177088	-0.009144931256689746	0.051982766374474756	0.012350769317827075	0.028350609469815005	-0.037799984095715104	-0.05868812952477408	0.04341696044627201	0.015860390277432506	0.02942870923480287	-0.03116522011870593	-0.014438791308756683	-0.03711875847261347	0.029964219798026496	-0.017006037432113097	0.0338210368769431	0.02535196791776442	0.02055882643887331	-0.05099459424365186	-0.005818762742410053	0.0003655277265961292	-0.004572372575164544	-0.048590809296552094	-0.002326125508431789	-0.014545910577745172	-0.00020273997933425417	-0.0006239664174792844	-0.003509793041732342	0.0	0.0	0.0	0.0	0.0	0.0	0.0	0.0	0.0	0.0	0.0	0.0	0.0	0.0	0.0	0.0	0.0	0.0	0.0
ec1359	0.4052092254123063	0.15602904494577605	-0.07227935406875502	-0.07368717010262768	-0.05236314404728229	0.05363567540932684	0.013329345942602612	0.017603940690712673	0.015768059921724784	-0.10298818707238165	0.041147283743283344	0.1533998712330733	0.020716817512302126	-0.02291547359927503	-0.12147979347120709	-0.12567320594636575	0.03254079079002491	-0.07012050197811706	-0.010585987137166056	-0.008667599132441535	0.04134152259005128	0.09662845719684479	0.028371547438102832	-0.027157616540953427	0.027470015459244733	0.017807085081934203	-0.03319605374846256	-0.07109726805484434	-0.026103096052899667	0.02685154601919909	-0.044484855523892926	-0.030996438176253274	0.009541993102973467	-0.015040140658022344	0.01121775930501333	-0.004566255284656817	0.015479412809557655	-0.0007986330755130102	0.0025287800199337773	-0.0016892887217060313	0.00025586950317674407	0.0	0.0	0.0	0.0	0.0	0.0	0.0	0.0	0.0	0.0	0.0	0.0	0.0	0.0	0.0	0.0	0.0	0.0	0.0
ec1361	0.21213015130448473	0.06620924790726232	0.11648536057961692	-0.05006379702703904	0.01906988934960607	0.05735977348407161	-0.03555647494038862	-0.09019713905440002	0.021242681656743027	-0.09005415673738007	-0.06647867805888469	0.000603581090955346	0.05424309155295605	0.03241183798033078	-0.0032636250532738437	0.08177947259815606	0.018685064851545207	-0.03461932325767831	-0.07096976109163483	0.03893725585176006	-0.07224681176803603	-0.008929355702262989	0.06509306964725643	-0.013822795043709793	0.057584300664438315	-0.017850862631637928	-0.04280879522616173	-0.014316844984581202	-0.003393797124161715	0.0027747875245975875	0.04855879496763992	0.03381283542510809	0.027058628867774406	-0.005289945899051207	-0.023664195805498188	0.008882702821222409	-0.03189392744912403	-0.027729985065281265	-0.00016732288702548252	-0.021124039358193847	-0.0011665575139137123	0.0	0.0	0.0	0.0	0.0	0.0	0.0	0.0	0.0	0.0	0.0	0.0	0.0	0.0	0.0	0.0	0.0	0.0	0.0
ec1362	-0.2635697709545803	0.10873563969462648	0.1520726847578874	0.16331554376238197	-0.24231032938231975	0.06607454106001798	0.04495731663372312	0.2411210577168874	-0.0018934987107070622	0.04131115287076314	0.04485744645190753	0.03489858313007372	0.09750983069273404	-0.11718539374322787	-0.14474165738424868	0.11500532514274073	-0.008367347229401415	-0.022864113518226654	0.046004548170415695	0.010594506484925763	0.0027446998053731126	-0.014710992280645681	0.015171706890138878	0.053160531517013276	0.0007334279544429749	0.005151436098295309	-0.01184091979326432	0.0038315351872907815	0.03867684287359295	0.02975915216326489	0.010067397033313424	-0.008385487285877445	-0.01474892676514071	-0.0075206020317799575	-0.01322246405826396	0.00352450658932968	0.001148170224369481	-0.0037888175223551278	-0.001788363983597901	0.01325768364270536	0.0007804594966643471	0.0	0.0	0.0	0.0	0.0	0.0	0.0	0.0	0.0	0.0	0.0	0.0	0.0	0.0	0.0	0.0	0.0	0.0	0.0
ec1368	-0.3599537944508337	0.14697961636914716	0.01510791982920975	0.05478018325825747	-0.05304544024949283	-0.004093873813540973	-0.0558080134090623	-0.020109454658067256	0.1430880778255982	0.09189998288337524	0.0024299429038651035	0.0519388616793489	0.03451702980388155	-0.09971743214214401	-0.003228744491705015	-0.09425342738055051	0.06143803223399156	0.1674950999149591	0.11481049780477082	-0.020597974933337374	-0.07830392488401759	0.04561904009792894	0.056172901569855174	0.08954273396033484	0.06916183886140509	-0.09526187104370014	0.01593916292647684	-0.019046218818663335	0.026386313645266647	-0.0102018121669589	0.00959376544908698	-0.02548278044049465	0.004127340687826066	0.018789602218349525	0.008923049212130114	0.0011045033297480966	-0.021800033718708707	0.017939837726854313	-0.006150817377738776	-0.0032068503063477022	0.00011098327286555745	0.0	0.0	0.0	0.0	0.0	0.0	0.0	0.0	0.0	0.0	0.0	0.0	0.0	0.0	0.0	0.0	0.0	0.0	0.0
ec1375	0.331248461248283	0.033758900685597316	0.048847350715353635	0.06473113531139346	0.1453476254859946	0.030519132389301967	0.09973471936343183	-0.016532264635193684	0.08171732042395247	0.004764373039692824	0.012135579735467231	-0.03697132760961848	-0.027833027062588413	-0.008973809490276232	-0.028549342934609118	-0.030504939777459567	-0.0038449046233742026	0.05716376764862524	-0.00832818214293271	0.03702917829125873	-0.028577653101523746	0.015645457640690485	0.025827906462197157	-0.008957571790545897	-0.01872421611787424	-0.025343319169965507	-0.012701750656577186	0.00784391045967045	-0.03102609298031942	0.04688202359178185	0.010253868300219817	-0.0008396793222934616	0.02685975556639914	0.019374356356319376	0.034219616457273165	-0.006810176965166259	-0.0030255533002761285	0.007608136587466296	0.009456482269270174	0.002560403702226357	-0.0017426352029515778	0.0	0.0	0.0	0.0	0.0	0.0	0.0	0.0	0.0	0.0	0.0	0.0	0.0	0.0	0.0	0.0	0.0	0.0	0.0
ec1377	-0.467018161201154	0.2154172341139426	-0.0059600963257476	-0.08768153371440353	0.0043595966277432665	-0.024837979976404394	0.001693780799917862	-0.03996361469184294	-0.0700062286196114	0.02687944720732762	-0.026999368906822155	0.003566231706441175	0.04474516783356863	0.03057199608807456	0.0619539033803567	-0.05921278697781724	-0.11716427059968076	-0.07356335440378305	-0.03948469012902452	-0.06943297593728699	0.10072089077256692	0.018511964864051912	0.006639597603740969	0.08030532577164137	-0.05856282296922664	0.059046418708235536	-0.014591982337266272	0.006548511133540263	0.037396320472462684	-0.0006277479758309757	-2.7685022642814104e-05	-0.031361897245321645	0.0422875548218207	-0.02000500945699028	0.017979592439677113	0.020613684532349737	-0.021585968697982322	0.008173775110037364	0.0028834895275463065	-0.0028629758999775467	-0.002558418513616777	0.0	0.0	0.0	0.0	0.0	0.0	0.0	0.0	0.0	0.0	0.0	0.0	0.0	0.0	0.0	0.0	0.0	0.0	0.0
ec1378	0.4267353521107993	0.20557524914336608	-0.09527222491371495	-0.1315402542419332	-0.06371278499940879	0.1212450463666015	0.10965724825672563	0.0007298657942349421	-0.018068758527592536	0.028600033346315057	0.020490147010207287	-0.008932524518599334	-0.012130969951220353	0.05545962181532751	-0.03267339626864301	0.062037456381750254	-0.04768732460950667	0.02650323706089972	0.0666259150915345	-0.060031549561476744	0.03422389106264505	-0.05021366124677037	-0.030954780667097455	0.06214175421198066	-0.016254097677381847	-0.001216319369704566	0.025708185004341355	0.02492711104606551	0.05331611585973344	0.002070171958812785	-0.021394573602789315	0.02232554597868375	0.027506225352701093	0.04673039438007052	-0.013746773858618454	-0.019031166600619466	0.007054388645988773	-0.01563555188660309	0.029987753588893912	0.0005638473097890046	0.002168821050836457	0.0	0.0	0.0	0.0	0.0	0.0	0.0	0.0	0.0	0.0	0.0	0.0	0.0	0.0	0.0	0.0	0.0	0.0	0.0
ec1380	0.22810468290628308	0.14663989005470598	0.06862163671061364	-0.048601477499812785	0.03316557501396157	-0.025587926249160522	0.05350412965467879	-0.0062822277517787205	-0.029554953823831775	-0.07938043873814493	-0.07390902778133637	0.08064288676754139	0.05851769379383903	0.007093788094717403	-0.1402759136672224	-0.0746717805291297	0.05890242820074679	-0.11022805274388764	-0.08540464694240398	-0.028557918811517237	0.017051303830026444	0.03538715615864847	0.07370090841402972	-0.008303670588864802	-0.021402128085761866	-0.048815439395859	0.03866394719840015	0.05361770588729139	0.038994092593379985	-0.005201469768602994	-0.006863975410067839	0.014414231011345225	-0.006181080100979206	0.005777485868631227	-0.013224119646007806	0.0020019934945901085	-0.017896336698762297	0.009133356183586478	-0.006279309345951879	0.007826989117373	3.632942148458904e-05	0.0	0.0	0.0	0.0	0.0	0.0	0.0	0.0	0.0	0.0	0.0	0.0	0.0	0.0	0.0	0.0	0.0	0.0	0.0
ec1390	0.20412224937232676	-0.2564707480995088	0.07918825482447273	-0.07403295629964245	-0.002560197284646019	-0.16242884401913005	-0.17110956640693356	0.026700630558089994	-0.0527668894995651	-0.07483843970160094	0.07486991534495004	0.11482812408409533	-0.03517730902439397	0.04467270480364691	-0.040007116643528344	-0.009835277841062733	-0.13677507455366686	0.08157036389565801	0.058631424842527	0.03436023373445515	-0.035165907944858577	-0.08456819355197724	-0.10046046679109696	-0.002850042051674836	0.007132147887540937	0.02769501522216026	0.01534587540402993	0.05553994656848905	-0.0329837131515282	0.01635561143333853	0.047156000536136576	-0.007565838696721168	0.00441505728777281	-0.0005584399145700414	-0.01113605892305974	0.020496828514385522	-0.009695618090495793	0.009950792671748861	0.004794281555211415	0.00034398236634020416	-0.00011623284489979158	0.0	0.0	0.0	0.0	0.0	0.0	0.0	0.0	0.0	0.0	0.0	0.0	0.0	0.0	0.0	0.0	0.0	0.0	0.0
ec1391	-0.0850753092855876	-0.4315342682821696	0.15213597134024073	-0.2645034302776711	-0.08255126976329338	0.11692024542170254	0.034688589832213255	0.026317152672963282	0.016672765700362767	0.034921942031871656	-0.04349553907197305	-0.02245946260326031	0.025778134064191983	-0.021259561640035143	-0.027222054926095654	-0.022366562399088012	0.05843811607333002	0.007099767056344822	-0.027598020212956147	0.018507203086002566	0.024657002215872314	0.011852783411416674	0.034337009771974264	0.006751590028645825	-0.04120418152808954	0.03645296888333948	0.02442367568062733	-0.019266649273716074	-0.014867171413598324	-0.04791810905498682	0.015562542971062574	0.01856738268248885	0.013712222525701518	0.011026059101093827	-0.06812138756724535	-0.010221233862405059	-0.0022154622379189554	0.0075363561782535735	-0.00029573626650396034	0.0019490573737672545	-0.0011750299701457196	0.0	0.0	0.0	0.0	0.0	0.0	0.0	0.0	0.0	0.0	0.0	0.0	0.0	0.0	0.0	0.0	0.0	0.0	0.0
ec1392	-0.2493065054876754	0.06338561344294712	0.15063548350381736	0.15260717354406547	0.009711623470621997	-0.035807876326812475	0.029919276693323556	-0.003645531409732538	0.05932896482931258	0.0740400288583705	-0.01884721011981065	-0.015286025243597479	-0.11080444326877288	-0.10292350213784465	0.044805608059091964	-0.05334189621561952	-0.024171267394197567	-0.02776468800451201	-0.007942143624205665	-0.008076334741751939	0.059299685387426665	-0.004926581125149757	-0.012574071713886956	0.025057520380170232	0.0842250679923102	-0.026738900780051734	-0.024319010988677274	-0.007435589024259625	-0.016001101504776544	0.007176028092524434	0.054276705441651335	0.031024351040106573	0.003288818376368563	-0.05303697508218991	0.010004964534350154	0.015067000877871328	0.04452887931319309	-0.013614838919796325	0.014302132226989197	0.0063591914634022195	-0.0016882570153717988	0.0	0.0	0.0	0.0	0.0	0.0	0.0	0.0	0.0	0.0	0.0	0.0	0.0	0.0	0.0	0.0	0.0	0.0	0.0
ec1393	-0.4161842641942746	0.08402941291551966	-0.06418355615656032	-0.2023049107544697	0.09909214288645583	-0.059076851775268654	0.016713852008471745	-0.10621593610591455	-0.1528058997968921	-0.13988633402226971	0.09095567054664364	-0.010160087978195233	0.06373065305419424	-0.051155298457179935	-0.06503324168859713	0.04249990757632411	-0.009231512650963086	0.025905038852466016	0.002137512180845674	0.006881797394946017	-0.09470826432849448	0.018369723767435297	-0.010397346139811428	-0.0009613014369514117	0.010652587154451948	0.0053367189602482115	0.029655973023127113	-0.021289938303714243	0.09811243703491825	0.026573580487865914	-0.0047194489218329964	0.031720884633349634	-0.05506038689322005	-0.008559256539343005	-0.013961271984610193	0.006656402543082621	0.020777374296522533	0.009551792799220436	-0.006437320029597499	0.00930116324526363	-0.0019830237615911512	0.0	0.0	0.0	0.0	0.0	0.0	0.0	0.0	0.0	0.0	0.0	0.0	0.0	0.0	0.0	0.0	0.0	0.0	0.0
ec1394	-0.43799939066284593	0.11106918746412292	0.07141253179063081	-0.11369996080830357	0.041213196888173834	-0.06294791090807754	-0.005702830190554445	-0.1451055375350472	-0.07185010239671212	-0.12802832351842292	0.1546832763473648	-0.01116275348329001	0.044234411866262716	-0.05917796692984483	-0.0002706302860047397	0.0383586078733851	-0.007117663869900015	0.06202869136323153	-0.0292120793654308	-0.08357396580305217	-0.0022143607655556283	-0.0051052589937785825	-0.019073960329481866	-0.05198613787540089	0.0007650469595996875	0.008553626740992649	-0.010279028791270947	-0.015525850221576631	-0.023349698213582164	-0.03371450717050508	-0.005528432578733619	-0.013441142962194912	0.020100513691165334	0.011648262141195886	-0.002097586980876088	0.017553350512916368	0.006985621423559434	-0.03014658327039252	-0.026639889873991383	0.009221643353545927	0.0007253057640961097	0.0	0.0	0.0	0.0	0.0	0.0	0.0	0.0	0.0	0.0	0.0	0.0	0.0	0.0	0.0	0.0	0.0	0.0	0.0
ec1396	0.3643698513468456	0.19081265831261437	-0.036086412937676504	-0.08112177504480315	-0.03835038627879031	0.1577243384658163	0.032026412976463706	-0.05676300732730495	0.024591768652232615	0.04368034557162101	-0.017793611423603962	-0.06993621610933703	-0.035025826679842345	0.05282242802104033	0.0034735826335281655	-0.008192444025204715	-0.08178297051168344	-0.052372542858038156	0.0683226822507456	-0.029050453570811978	0.04135670220662625	-0.08037995069306447	0.034089392001286786	0.018344687786190233	-0.015120406137397055	0.022478869853857227	-0.005811644330952043	0.034810949830116684	0.04276824187443014	0.048420902728324916	0.012617586394462501	-0.0015428217185303162	-0.009176088016172892	-0.031870420881425804	-0.002587768124989448	-0.0013038474804274586	-0.0011421537766206163	-0.006862529520577823	-0.012585140256988307	0.0005725489281779462	-0.0008988141612835391	0.0	0.0	0.0	0.0	0.0	0.0	0.0	0.0	0.0	0.0	0.0	0.0	0.0	0.0	0.0	0.0	0.0	0.0	0.0
ec1400	0.002920617522455048	0.004349906656931519	0.20537754819032333	0.17662329280486092	0.04856207607976935	-0.1516919609155418	0.08624141308152306	0.04216617984583925	-0.04827461038909083	0.046519929105293935	0.021915969123936088	0.11147709794235938	-0.03698406713725254	0.13367479666042412	0.01864933782087802	0.005158671506891797	-0.06769650448260811	0.08185996633872522	0.05893012336710636	-0.08016251152059435	0.022976263348308205	0.07271415160974404	0.02235177822516548	0.07147834564207403	0.007912850544300996	0.024822414134672375	0.10725332160985801	-0.026790075897512425	-0.03751312664003549	-0.030798449633059288	-0.0165350164725846	-0.0071096329351005615	-0.004516033246495632	0.002727656019349667	-0.009089540574052205	-0.007531384558035033	0.002184985831358482	-0.011646863731211396	-0.009660726563457473	-0.0048762211391044875	0.00018133015301855911	0.0	0.0	0.0	0.0	0.0	0.0	0.0	0.0	0.0	0.0	0.0	0.0	0.0	0.0	0.0	0.0	0.0	0.0	0.0
ec1406	0.007703889375891576	0.1574682348366442	0.12576260885389778	0.037578178137886935	-0.031960797334583	-0.0008213379340862023	-0.05619884580246945	-0.025850894425761144	-0.0951459523693823	-0.0013602513483528095	-0.05118322209361808	0.027634414781692422	-0.00013275411080266507	0.0501606968210065	0.13122002604366007	-0.020054871122715364	0.03802558909064081	-0.0925105616831446	0.0002678222911495742	-0.03988334465052479	-0.06639543009099681	-0.011839662413686619	-0.0036550651860357422	-0.002768435623461936	0.011344208018669293	0.02318791973411632	0.022750042238340335	-0.00477357117505651	0.0564584373316989	0.009378154748421505	0.03939825205801566	-0.04216558945213778	0.004708628175319509	0.021456341899391048	0.020421502233645257	-0.023949968309100535	0.013168430262684957	0.01727822696119992	0.004853515559527301	-0.00680506090619614	0.003090353558106495	0.0	0.0	0.0	0.0	0.0	0.0	0.0	0.0	0.0	0.0	0.0	0.0	0.0	0.0	0.0	0.0	0.0	0.0	0.0
ec1408	0.31207752937081595	-0.007251399281315946	-0.05313327218012885	0.022039728817315533	-0.11893766595330743	-0.13047665364656222	-0.2563912595388676	0.053028101366145095	-0.0315305449439234	-0.1682600877227706	0.012346758968119542	0.2173171502186377	-0.02914781162923365	-0.008803745550853689	-0.10276587239077767	-0.1841670349902899	-0.013075496195236576	-0.03875952022650726	0.07973280948971505	0.02345176854116721	-0.0015076169013799835	0.00811957005149079	-0.027620087882519316	0.0018243844644190326	-0.01846872477992285	0.02384377854883062	-0.02375977009036482	0.012384018360283867	-0.0068394994226030174	-0.02763257158323857	0.004382040255170265	0.026755324039499675	0.017457733977538206	0.009073809821196353	-0.000876609741087143	-0.011856053235954123	0.013336750476129878	-0.0018486703699047786	-0.0028252750052548763	-0.0011403604851758218	-0.0008231477417998603	0.0	0.0	0.0	0.0	0.0	0.0	0.0	0.0	0.0	0.0	0.0	0.0	0.0	0.0	0.0	0.0	0.0	0.0	0.0
ec1409	0.375850282288473	0.1371915797967319	-0.020725964110191432	-0.0750074958235618	0.017866551911802527	0.09801228072195939	0.05590048355604913	-0.02352560131497798	0.019411464688366766	0.014271551826167338	0.010871853156530555	-0.0693381430493254	0.005739671942027525	0.02988896133570563	-0.0007156692984829917	0.08504161867793583	-0.0030080934244871758	0.001875163284207093	-0.0007840637604617787	-0.04812039645592626	0.03948836564973225	0.04265065113783882	-0.03009698095659903	0.00039870835425742505	-0.03127741153938811	-0.05335220459221203	-0.01934198714873251	-0.006789573232849487	-0.03153677604848703	-0.054733586818051135	0.03505106080550254	-0.008102655367953071	0.02369238090317373	-0.04462327566499415	-0.011645887097647864	-0.03516488662538629	0.010767181664249536	0.016417588741669542	-0.026909422289188044	0.014192759197459864	0.001291539836248351	0.0	0.0	0.0	0.0	0.0	0.0	0.0	0.0	0.0	0.0	0.0	0.0	0.0	0.0	0.0	0.0	0.0	0.0	0.0
ec1411	0.2629981054047708	0.16487917036253888	0.047374822699189516	-0.05678126279856064	-0.01512389118683819	0.09423987893374222	0.016906092876620978	-0.03399728726534598	0.03413274448159481	0.07283363180857147	-0.02625700951204694	-0.07419111058278272	0.00906067117487022	0.020867904670364625	-0.003147331808908878	-0.03206905390048148	-0.01851586007978012	0.015284396615161445	-0.023057127296599415	0.056059181507203716	-0.011022869157547837	-0.013652901777941212	0.021107698140333492	-0.0028788906592394263	0.0015402607885157211	0.020821171192159905	0.022449364397349108	-0.05370939874607979	-0.015097738324502605	-0.03571046404111581	0.028969695414532936	-0.031098697138950582	-0.011416774601835438	-0.02007724945693247	-0.04006807782104073	0.018295525252882913	0.03273603789925101	0.03159392397492262	0.017740688364599074	-0.00798767363248342	-2.180506449383222e-05	0.0	0.0	0.0	0.0	0.0	0.0	0.0	0.0	0.0	0.0	0.0	0.0	0.0	0.0	0.0	0.0	0.0	0.0	0.0
ec1420	0.37943846667409464	0.1796653459295704	-0.05138919831765488	-0.09730829917962028	-0.04744200068079807	0.11271680000937613	0.04412427331885729	-0.030451098016247725	0.030954015239893613	0.05755466641385612	0.021571889886910313	-0.06382638883843123	-0.006699253688580823	0.033409009330585035	-0.010186271211928485	0.04121126852624307	-0.04252803139579106	0.036624843481627124	0.057649380075033015	-0.033358066548957815	0.03343288026164937	-0.04799301758712634	-0.00908609656938141	-0.021462683599868842	0.06105357006937411	-0.005961725989861937	0.04905378981100323	0.0038934852221977163	-0.020184425393681208	-0.04974424647201264	-0.05477755621859019	0.027785282950329577	0.0022909733047260764	0.02574009123391736	0.009638879136186017	0.015527545070915246	-0.003178736305325649	0.004298130219119684	-0.001887701171694231	-0.0029862205119507617	-0.004114692888206741	0.0	0.0	0.0	0.0	0.0	0.0	0.0	0.0	0.0	0.0	0.0	0.0	0.0	0.0	0.0	0.0	0.0	0.0	0.0
ec1422	0.3696831959335053	0.10800925150544069	-0.016144357100145314	-0.06858125257787076	-0.013660031903426509	0.014542646854952898	-0.09352337537065526	0.008068422528399385	-0.016010923332370176	0.021712291312047424	0.0412985609978548	-0.0656668893781268	-0.03621907480954537	0.004305093206121938	-0.04301177962863342	0.003975581411375552	-0.022092924754166222	0.03813418496236526	0.019665854429911245	-0.0009089709166927874	-0.062340713923607766	0.016479942240917724	-0.0789865747147043	0.019894146059988224	-0.053678818103580155	0.014006469315385942	-0.015451984915051028	-0.04998656726670385	0.00871117230718182	-0.03179522131129028	0.06284655947546289	0.004038687626364752	-0.039557492806219646	-0.03204209841424773	0.022563172984232147	0.0236972446324078	-0.039317280657066286	0.006483842771750013	2.089033464553009e-05	-0.0014618054656589821	0.0015643880811996287	0.0	0.0	0.0	0.0	0.0	0.0	0.0	0.0	0.0	0.0	0.0	0.0	0.0	0.0	0.0	0.0	0.0	0.0	0.0
ec1424	-0.320089405936953	-0.22225915307215383	0.29023465734939924	-0.17084344609265276	-0.1681248463645645	0.18351705520559303	-0.004067896965194431	0.008744949264387786	-0.001069340400608303	0.029093566861403707	-0.02660587492392186	-0.01086826853781977	-0.0747612735671587	0.057504487194279356	0.03545175377764226	-0.04220768687101777	-0.04409001344617701	-0.06453721788173562	0.03370728078204942	-0.05350065964501329	0.010639788347660948	0.0037183326383361448	0.05169948600048656	-0.05050354786307388	0.022493043872658283	-0.043469564946379824	-0.01154064067933869	-0.011612493944422028	-0.002076946392514598	-0.014580162845446352	0.0005059139584849902	-0.017778585169365476	-0.01021434826954399	0.01597158861280866	0.014184386115781412	0.03275814805812099	-0.0005065499151100477	0.004203502192262867	0.0003362590082664403	-0.005000583161180101	0.0006144604858589112	0.0	0.0	0.0	0.0	0.0	0.0	0.0	0.0	0.0	0.0	0.0	0.0	0.0	0.0	0.0	0.0	0.0	0.0	0.0
ec1425	0.05732144319863121	0.07529422567296884	0.13218651069481813	0.034854550682475886	0.11734033047628951	-0.1207213698315568	0.027155559330516322	-0.04675872899528764	0.02182340170900406	0.015917681345414336	-0.057531030027935796	0.07211972020955545	0.057361231820591	0.07892466865715263	0.05750817174575255	0.05974682470197768	-0.017626991999587487	-0.04771273468351457	-0.059377162594232896	0.0433304545061032	0.019650497796626164	0.004696815714972769	-0.08298957647114417	-0.034985824988839564	0.009749675285507766	-0.05407781593109482	-0.02730225933063088	-0.005231435508965005	0.002085531068157165	-0.02953369205402417	-0.008366972781898215	0.03953298530115535	0.01825831871743287	0.0149203640709309	0.027610824761118435	-0.023028367362411248	-0.013277734549911553	0.031253050691994196	-0.0049211053999227775	0.01255119711966853	-0.0011240247740734767	0.0	0.0	0.0	0.0	0.0	0.0	0.0	0.0	0.0	0.0	0.0	0.0	0.0	0.0	0.0	0.0	0.0	0.0	0.0
ec1427	-0.24925994687187714	0.07374286034394005	-0.08702045847694694	-0.012432376500573487	-0.07672109784815824	0.009792414905489247	-0.11172167351744856	0.03706741499560655	0.18760503645943766	0.27118910714159766	-0.20902588302765834	0.10256454145702444	0.2227157861178837	-0.003914645035604912	-0.04584140768590298	-0.026202540176703284	-0.08463512996057347	0.07386105213031234	-0.09789492953203065	-0.0804844661584407	-0.04815283533415896	-0.03874818929638468	-0.054367626021235516	-0.054521547992470595	0.030116278784742923	0.05119921599744941	-0.06967181576387925	-0.005215085040207673	-0.0028068193399155717	0.011046553047025315	-0.037381937332346155	-0.007468939579524555	-0.016848907964548413	-0.003719714138209719	-0.014434245857961964	-0.017803883237656987	-0.0036455641975406275	-0.004038766789620952	-0.0015676163581665402	-0.0012145428791180456	-0.00018819944985608457	0.0	0.0	0.0	0.0	0.0	0.0	0.0	0.0	0.0	0.0	0.0	0.0	0.0	0.0	0.0	0.0	0.0	0.0	0.0
ec1435	-0.12090232946897542	-0.17083655285293545	-0.26426090579425543	0.28058827106921796	0.0510438691246206	0.4507640795010701	-0.20184671085116207	-0.17853036823575186	-0.23173390568631405	0.06103408306052197	-0.003480367505725215	0.044176408541924714	-0.04605218153424394	0.010519897801359437	-0.03586243502663171	0.021375643646088814	0.00021775055977326643	-0.02078148724257219	0.03697780376910399	-0.0005784499844232925	-0.06470548766847159	0.02690356590581137	0.026220754058775768	-0.014582803721834067	-0.03849054105193332	-0.03795507023988897	-0.002144449476887757	0.03896987266038509	-0.008232714215830472	0.004438397331880684	-0.013733826649602952	-0.013506613133540617	0.01524772855864836	-0.018626624478776728	0.0002380139876665182	0.0008455027647631111	-0.005053786204185357	-0.0012777395948233908	0.0010564577391747835	-0.0026480355479986837	-0.0006082807882588438	0.0	0.0	0.0	0.0	0.0	0.0	0.0	0.0	0.0	0.0	0.0	0.0	0.0	0.0	0.0	0.0	0.0	0.0	0.0
ec1437	0.2607929435221195	0.02094553442282649	-0.06894008226108493	0.006830183105765952	-0.061428467693058625	-0.07639071403031757	-0.0676361017542282	0.10717633717981044	-0.0006259807426333749	0.031099228745601382	-0.06409277509091628	0.15306746308290217	0.2541177725555213	-0.052231171990023396	0.18008094365548485	0.13619639385321863	0.10810479785733992	0.01203653209220189	0.1436032537630352	-0.007235417380694571	-0.011617494421251798	-0.0013424468472639534	0.04520198560133993	-0.07703905883636167	-0.08232910690465581	0.005560465902585752	0.03603881594345739	-0.0058503740365579504	-0.013863457278233472	0.033456174985781045	0.005641910258433927	0.028682815949003286	0.028207672199514904	-0.019544398921345258	0.006567669817466749	0.02548808440514214	0.015023770354653397	0.002130563003761142	-0.000532086059101766	0.00026870609223804973	-0.00023080021698790697	0.0	0.0	0.0	0.0	0.0	0.0	0.0	0.0	0.0	0.0	0.0	0.0	0.0	0.0	0.0	0.0	0.0	0.0	0.0
ec1438	0.13732010000502717	-0.19077762502395015	-0.23604438214056955	0.164940488879371	-0.3699573747231127	-0.22194357747131815	0.18288509873746794	-0.2034037912274228	-0.04370132749799027	0.015232799574053537	-0.016628346802023047	-0.06085577681246985	0.00279665722287606	0.004562261536505953	0.019651077239613447	-0.009307800133382192	-0.01648894862499638	-0.0024073488917195174	-0.016535791850815808	0.03518179094598681	-0.04013815262400766	0.0018736126114560997	0.016112817849328068	0.002434231651497464	-0.008856740087256365	-0.0013614453454685023	-0.009991395026676972	0.009203284139590456	-0.003694718229023824	0.008492809313280347	0.0004864001208448237	-0.00332767467370379	-0.005638274531158978	0.011196257313954398	-0.003798709817278268	-0.001759130218449651	0.01769482130468437	0.0062300213019480044	-0.024309119964176156	-0.02327282700973731	-0.0007353198662607963	0.0	0.0	0.0	0.0	0.0	0.0	0.0	0.0	0.0	0.0	0.0	0.0	0.0	0.0	0.0	0.0	0.0	0.0	0.0
eti101	0.13495010072864563	0.23600287848793264	0.19486658566138407	-0.018718265385708453	-0.07435105587758657	0.03929044403978321	0.07249927851679505	0.02748538550224245	-0.05184408777082894	0.004708166800166017	0.07665757343195394	-0.022825815619999093	-0.021442962135685303	-0.00841802178169265	0.0033899804334719674	-0.019442794585811458	0.0014274601094939675	0.05256688935164568	-0.054577574020168156	-0.04069656179690153	0.01157090656527771	0.02258685222233905	0.014240438819852628	-0.05361409665040237	-0.02636335807837509	0.0017833488198975701	-0.021423919485566056	-0.008558157227439958	-0.03646224394196361	0.02851587196623946	-0.0036010910426430747	-0.01868118236878469	0.013657223479020505	0.014898600108795198	0.004901007726289937	0.036677935127134256	-0.015715245263479144	-0.008587956529676932	-0.001469224717471767	0.0057927190583893845	0.0012209509220655378	0.0	0.0	0.0	0.0	0.0	0.0	0.0	0.0	0.0	0.0	0.0	0.0	0.0	0.0	0.0	0.0	0.0	0.0	0.0
eti102	-0.3225281208847752	0.08245906946845515	0.16101334361017025	0.2127629243089113	-0.1622384381998458	0.07805118270583453	0.06099348376360045	0.22931371692557828	-0.023683224691644782	-0.03743259305686362	0.13436179674871562	-0.0636757835004925	-0.0472355309887867	-0.09619082573910466	-0.07256262569576846	0.09760638915059065	-0.00658070607292202	-0.06201871800853568	-0.024127217998884242	0.08585711520387387	-0.019497159340664233	0.011666338301813524	-0.04510104417975964	-0.04325705497068903	0.010032885674229884	0.03290899546481418	0.006147241750612167	0.021136816033124013	-0.03129359592948844	-0.011599865403179551	-0.01532980189878391	-0.014027778274351288	0.011265833825633675	0.003310002124356884	-0.006153413614103326	-0.02490965516143026	-0.015913599358161907	0.011124895579691135	0.002394947143434581	-0.011687112916814091	0.0005967951171976277	0.0	0.0	0.0	0.0	0.0	0.0	0.0	0.0	0.0	0.0	0.0	0.0	0.0	0.0	0.0	0.0	0.0	0.0	0.0
eti105	-0.399471639676428	0.17355838790788014	-0.058416677754471937	-0.08685264387422131	0.04893834986274259	-0.02372701480756739	-0.07594337360889512	-0.16831711651167253	0.09128916533095284	0.040944604403955864	-0.03711352393260772	0.005908416336468316	0.10979773978263263	-0.007082317817523872	-0.06035841526032589	0.0612290151666608	-0.04522469135512609	-0.01044055159136405	0.06708296152483989	0.14063561668608288	0.18320233952369813	0.11192536306682639	0.010272899604740085	-0.03019788324883303	-0.034959752752353496	-0.024925804032547023	-0.004953918941273388	0.042754328296675005	-0.01983608436971693	-0.010121214652719262	0.05312174205904814	0.003196814688812677	-0.04953473175346892	0.04105313927780611	0.01067718221100735	-0.001819360524839124	0.00526482292312381	-0.010774112439272702	0.007728202037017103	-0.008822859665718536	0.0008694918526522278	0.0	0.0	0.0	0.0	0.0	0.0	0.0	0.0	0.0	0.0	0.0	0.0	0.0	0.0	0.0	0.0	0.0	0.0	0.0
eti107	-0.4399614530935623	0.09377514933503636	0.05582825514495504	-0.14463995082988965	0.06008391850653467	-0.0721917495701278	-0.011560768304402808	-0.16719360222891402	-0.06835512577302874	-0.11761317724431022	0.15324112488265423	-0.005621766037884817	0.05530980834211848	-0.051732053292936675	-0.010683316925647841	0.050529479490863546	0.025980963559478706	0.07673551427205798	-0.027881034712896387	-0.059455929696824485	-0.02362303510581425	-0.008347348560079484	-0.013514057326229305	-0.04871867821394976	-0.011941169522031541	-0.009640900780811793	-0.013806413023532913	0.01332946782988042	-0.011107080895378582	-0.01729738982731868	-0.04102358183344765	-0.012881737153755004	0.023328862524130717	-0.02960730255382319	0.005866878356401435	-0.021675304034889518	0.007670451159912804	0.012857841314026624	0.0351076624410539	-0.014878420117760246	0.00021167075302552793	0.0	0.0	0.0	0.0	0.0	0.0	0.0	0.0	0.0	0.0	0.0	0.0	0.0	0.0	0.0	0.0	0.0	0.0	0.0
eti109	0.07916620544422341	-0.08826585009668152	-0.05893864841667068	0.002904034465691071	-0.02782361013738912	-0.20484770793192864	-0.32521652458071765	0.09232811324177465	-0.0030329111181836075	0.06026461498489951	-0.035434164185936055	-0.2007918058846907	-0.0940210774453954	0.010134945578816393	-0.07309835699473423	0.04618396919182399	0.025045556124583895	0.02441831907942061	-0.0718792087540074	0.0059658788011175004	0.06543175977718557	0.007099997940984783	0.06526639310215918	-0.01956865375665309	0.021146729226391228	-7.128842019613333e-05	0.021978049380910428	-0.038472106158866544	0.02760754302465653	0.006300258611573766	-0.04005320357096899	0.051743650479874406	0.03399580775805316	-0.0010512843045911004	0.011125677510047687	0.03338843960197827	0.0034378452620223788	0.009250746714228207	0.002371211333357496	-5.6007703136515145e-05	0.003198053394059458	0.0	0.0	0.0	0.0	0.0	0.0	0.0	0.0	0.0	0.0	0.0	0.0	0.0	0.0	0.0	0.0	0.0	0.0	0.0
eti111	-0.01672243626929839	0.07073075610995457	0.16961262153768394	0.11144000617517903	-0.05567104049381768	-0.02075840869631236	-0.07114321612820611	0.02289338121800465	-0.07801190126543131	-0.039840892227073293	-0.026757925471084538	-0.032726125891169376	-0.0364911061036207	-0.02956618171528823	0.09936920744303994	0.0075437447618138045	0.017273287222513558	-0.09047042644748908	-0.03334487756617164	-0.10117726358084626	-0.07259507760164324	0.038317611346906255	-0.012442042805982956	0.03063441792141658	-0.029324089668595243	-0.017957192365473926	-0.022018634079488883	-0.019166662333647774	-0.06792491497160803	0.042253274035343985	0.029491882066656757	0.007001861848659477	-0.015877309204585025	0.056444111735697786	-0.024434545513336372	-0.0036328766167633866	0.004366647458788571	-0.0028190220473941754	0.01288957241455805	0.011829424116872074	-0.001955902219406058	0.0	0.0	0.0	0.0	0.0	0.0	0.0	0.0	0.0	0.0	0.0	0.0	0.0	0.0	0.0	0.0	0.0	0.0	0.0
eti113	0.049102825013374124	-0.25666383060711356	-0.07059605152270039	0.2252666996131998	0.282883374924839	-0.11223612568254286	0.11950920940707971	0.05262565271427358	0.12324023087067078	0.08022234289040737	0.048367803800671995	-0.06211604406704685	-0.018812483379393462	-0.02162156450133993	-0.06425657267335423	0.036537187414615944	0.014336358818144499	-0.11072285730534878	0.108923460314124	-0.11424781849284454	-0.06691210088962546	0.08854935205764071	-0.006515396948019561	0.0016708464450544541	-0.04465546646813565	0.051631833988841906	-0.05137711890502511	-0.02456385171688751	0.02736918624100469	-0.061761237527019515	-0.0035438723941261818	0.03200836688121287	-0.017837023988276243	-0.0014105246288176072	0.008745753070001718	0.005729154079976921	-0.004060086572950717	-0.009889908770042687	0.011008936158589108	-0.007829756414497017	-0.0006498886570501741	0.0	0.0	0.0	0.0	0.0	0.0	0.0	0.0	0.0	0.0	0.0	0.0	0.0	0.0	0.0	0.0	0.0	0.0	0.0
eti114	0.3448142703461466	0.14534212802795565	-0.019447460546415624	-0.08145691570272004	-0.013863435772458094	0.04759268745833815	-0.05966266491259864	-0.02204479494781923	0.04690807753767804	0.023207257324391627	0.026549409979686408	-0.11163808992435417	-0.056013054002162985	-0.006838841372699008	-0.03270295867591548	0.013967005099638446	-0.004543418000806186	0.026454877156069662	0.026334398200776706	-0.033650473988848115	-0.07339724350074776	-0.017271626449427896	-0.018078040857931802	0.00280937786866873	0.014701013297600245	-0.02230906542488425	-0.07577222865802037	0.056467986370445825	-0.021965388757855805	-0.014070047029552783	-0.011263672536888831	5.6753472336946916e-05	-0.017163377222092453	0.028514858495859212	0.007087526373733634	0.0014811984532435002	0.03307898936634949	-0.0067234553854646625	-0.008712046200629337	0.0032255299347542896	0.0015907309763921944	0.0	0.0	0.0	0.0	0.0	0.0	0.0	0.0	0.0	0.0	0.0	0.0	0.0	0.0	0.0	0.0	0.0	0.0	0.0
eti116	0.0915564384179094	-0.32071189291858365	0.08616416351568876	-0.00958834121492472	0.1721923692632403	-0.1346461648851289	0.05879154130480875	-0.009378753941331435	0.07459949581670314	0.00895992033396067	0.03256016832247357	0.002694688256032063	0.012388266570035302	0.054977485845362925	-0.04593050967113205	0.06215739399406427	-0.04691747815996069	-0.03536438403401753	0.003905783670087791	-0.0715844041890211	-0.009026174215594221	0.03084959652850342	0.09341497848892127	-0.032683733463190874	0.06869413137221228	0.02708772733467263	0.016697257387286134	0.1179105927338901	-0.03833714936530838	0.04262560233043021	-0.009438123668891202	-0.029240604729089	-0.02353802254979128	-0.021297850067915607	-0.0007568779170444724	0.007054180454018388	-0.001919934065878249	0.02148509238706246	-0.0008967659121328447	0.004303375268718492	0.0008022463338551238	0.0	0.0	0.0	0.0	0.0	0.0	0.0	0.0	0.0	0.0	0.0	0.0	0.0	0.0	0.0	0.0	0.0	0.0	0.0
eti117	0.06302707210240485	0.13633832290508827	0.2601469552725455	0.14316106492164135	-0.15748560463534117	0.011735247946636742	0.014348874501958616	0.06837956605087504	-0.0525003241422965	-0.004525712564474753	0.015438395803265942	0.011439143941475228	-0.02447974202815988	-0.0928014592219144	0.015352308666196657	0.02427510582721762	-0.0018825029050212358	-0.04494859345183254	0.011292449705130292	0.06388367481805782	0.011009314585191362	-0.06072847046815277	-0.012221594947144825	-0.0190355690299629	0.031940008482905936	-0.007065884842860061	0.030683880080947214	0.02161601850045964	0.02094110011528307	-0.03795049806260753	-0.028944052669668173	0.018908113331180025	-0.00510150025282108	-0.020418395190217584	0.03232458500847393	-0.008328036310449354	-0.00074284511975053	-0.006551847715182199	-0.0068103684336218075	-0.006607416654026065	-0.0017087622638485805	0.0	0.0	0.0	0.0	0.0	0.0	0.0	0.0	0.0	0.0	0.0	0.0	0.0	0.0	0.0	0.0	0.0	0.0	0.0
eti118	0.19025072586570665	0.04072595879945682	0.01019219527441838	0.05660127392060507	0.15218483397591878	0.0021816059325531	0.014783526406806222	-0.03780148266939217	-0.04426697432187866	0.12201822360115756	0.011136591951436974	0.07321700640763128	-0.053229481960364845	0.07380310403499771	0.061899849379483736	0.028249530662796243	0.0017031415865514455	-0.03784991099204771	-0.022947617165441365	0.07542861491326375	-0.012894360584566226	0.09242933982286484	-0.07752239551930074	-0.06167314980066943	0.08881943251795876	0.057049667961158776	0.022509312499370476	-0.01322286473139476	0.07071294761647651	0.006850750701232609	0.0034653451973522165	-0.03867783153198648	0.024155849671977446	0.01664229336695798	-0.015293812425767708	0.007972420966036235	0.00606942807410929	-0.013465012630998748	-0.012167507112937395	-0.0018280598384532618	0.001244344445114674	0.0	0.0	0.0	0.0	0.0	0.0	0.0	0.0	0.0	0.0	0.0	0.0	0.0	0.0	0.0	0.0	0.0	0.0	0.0
eti121	0.11570055260636633	-0.2026702277036298	-0.27480398568969666	0.1646485297134761	-0.3921252261202714	-0.21866138146583963	0.21810611855129217	-0.21913494108199383	-0.04343058996607542	0.026505331741980998	-0.010365703943988863	-0.04615853995251156	0.013392236176271197	0.0072162963284711605	-0.007269223401523762	-0.022947226971697005	-0.023525886083290544	0.0029069587870631263	-0.02701973586132095	0.009741946747762801	-0.0020759425267318707	0.015893782255226006	1.0432858203649925e-07	-0.03029289238268783	0.002561781692841782	-0.008196946606453485	0.006946230677829813	-0.015371392187334547	0.006587475390860746	-0.006917437561132155	0.00851524419845277	-0.003871929602218417	0.004754522592031606	-0.009343143561501184	0.004477153180996055	0.0030603136563453095	-0.019880601447197846	-0.006189105016385043	0.022520779423046727	0.022907589319941916	0.0008110834807711698	0.0	0.0	0.0	0.0	0.0	0.0	0.0	0.0	0.0	0.0	0.0	0.0	0.0	0.0	0.0	0.0	0.0	0.0	0.0
eti123	0.3379059570200593	0.019292252631408408	0.0508707022427772	0.08714217146497588	0.13918136009141302	0.04818003615903983	0.09756813480247306	-0.01718037663691454	0.08036040080516045	-0.011148765844554813	0.0074963508622533145	-0.030085572387740765	-0.04146684150308849	-0.04509596449847956	0.005917539669599176	-0.0741775255740769	0.01288089056873375	0.09543579545223953	-0.010939612073034111	0.022511503362431545	-0.014161462704559053	0.015699600575232245	0.016149323330859805	-0.009772411452951957	-0.05130553651183108	-0.008753888060078418	0.010103645187341363	0.011092247010256047	0.007897193460526815	0.03351172681946859	-0.024802879489790677	0.021605765462083197	-0.004557605090302269	-0.028581199557095836	-0.009354059952648259	-0.007627540445785326	-0.003984661043076131	-0.00812755475159701	-0.0017291020688558695	-0.006638017502922269	0.001061278043214448	0.0	0.0	0.0	0.0	0.0	0.0	0.0	0.0	0.0	0.0	0.0	0.0	0.0	0.0	0.0	0.0	0.0	0.0	0.0
eti125	-0.056094811518385614	-0.49197195857483056	0.10797730542438601	-0.2781941712537325	-0.08381604652222711	0.13266140831391937	0.03942075888968804	0.03700215061697179	0.010159834925148575	0.04025803564546435	0.005489289809941295	-0.032944710525896606	0.020130019921839347	-0.04777592711035449	-0.008929537983970276	-0.04117225785777559	0.04429438184465734	0.03615330256938213	0.005827847165821443	0.0019498331581975317	0.015957227575958414	-0.02613577395332366	0.012779713022759905	-0.004714349803064172	-0.06139793450576199	0.04803575910626807	0.01615074363513325	-0.01932725687057718	-0.005329067407317036	-0.001005353435274698	0.0076798419393879404	-0.022918033138169855	-0.012808576705156135	0.00221743288075633	0.06251249909053821	-0.02827000777420649	0.006864186066578103	-0.012236827021442511	-0.005993580523502125	0.001024856868926236	0.00031381235842452374	0.0	0.0	0.0	0.0	0.0	0.0	0.0	0.0	0.0	0.0	0.0	0.0	0.0	0.0	0.0	0.0	0.0	0.0	0.0
eti129	-0.15355597949110786	-0.3591428803147257	0.10624474096768695	-0.258953753738697	-0.05364490852069934	0.07562192217548262	0.03189896845599118	-0.040326991208823486	0.09143736476626457	0.050947363584742104	-0.02918619069043646	0.0010641850131989494	-0.08135447772206005	-0.03723972920803734	0.03485030220424879	-0.025456287933828023	0.07038154256813739	-0.006462541380864936	0.015537509705610391	0.03462034618929243	-0.04528840753211343	0.06290136968319927	-0.0504181421204563	0.019709338950821473	0.04906945273534266	0.016333653784299327	-0.01155191427251548	0.04203567351154999	0.04755270255336011	0.013520095930507013	0.008489619513841846	0.04034111656718192	0.04606134821080114	0.004659499005957445	0.011092113158372007	-0.0016795585293168526	0.0005949036792867749	0.0003006538550181208	0.00041193933378600274	0.006425830999559434	-0.0004591870094819964	0.0	0.0	0.0	0.0	0.0	0.0	0.0	0.0	0.0	0.0	0.0	0.0	0.0	0.0	0.0	0.0	0.0	0.0	0.0
eti133	-0.15459425393323853	0.07242481303980391	0.04988060115642641	-0.01976819809228837	0.04252059222247241	-0.186961118421091	-0.03401271654670395	-0.05848134033586628	-0.03258985652706494	-0.007501882611460162	-0.022875532816757523	-0.0764013534514963	0.009499891791716385	-0.06089911064168408	0.05221369459751971	0.0038668065251800843	0.05461188364817153	-0.030746206833379048	-0.004636088210708018	0.024655945945244756	0.022475981650724876	-0.03216126106663257	0.012840869062723437	0.16459092523172725	-0.04201626856685337	0.029330060748848898	-0.07265637054848566	0.04162119626532655	-0.018693016807664053	0.0035037995014812555	-0.029524857278874952	0.007857602899496652	0.02188140084066603	0.002128245684354393	-0.01151071371982149	0.0005222306327446253	0.0025849128630513604	0.006799789659927204	-0.013426633798011943	-0.008341880942718333	0.0014331664472909875	0.0	0.0	0.0	0.0	0.0	0.0	0.0	0.0	0.0	0.0	0.0	0.0	0.0	0.0	0.0	0.0	0.0	0.0	0.0
eti134	-0.2595668575096814	-0.02045589105622254	0.02479229073497099	0.09021893626164998	0.21498609466508792	-0.11684533050384689	0.08099535421411179	-0.0632593026103242	0.1314593493456297	0.10123072414928103	-0.031502476605345116	-0.059077167465425226	-0.053211794939491804	-0.06974446478728243	-0.09293425590036272	-0.08038076317817723	0.06958691251533766	-0.0961229865801786	0.05405914830909164	0.03528636024517651	-0.0002885130286304255	-0.1400253651003127	-0.08466887035679048	-0.06166712687884758	-0.08597647329610397	-0.055669811265839746	0.03925858058915158	-0.018226363037387755	0.008155151373228062	0.016814294669260932	-0.017370486870855892	-0.04999023039934297	0.019854931063401488	0.01971003874605476	-0.01829898094967888	0.025353265364903333	0.0029773443241283655	0.00011754057506890508	-0.006511443305920783	0.0001092130275119897	-0.0004979159867328124	0.0	0.0	0.0	0.0	0.0	0.0	0.0	0.0	0.0	0.0	0.0	0.0	0.0	0.0	0.0	0.0	0.0	0.0	0.0
eti135	0.17287847501584833	0.1659519308929391	-0.03402710493764117	-0.13095189638014662	0.09876605911800408	-0.04526184924551711	0.05023892179486771	-0.05028946557452876	0.03784320841692737	0.05299491453851224	0.04771439709860563	-0.030916039812627832	-0.006040965568456026	-0.13673203337642065	0.032160915664124594	-0.03938966450366466	0.09440092103136802	0.030290113364838212	0.002110262519044015	0.0657123218442127	0.009263883442041038	0.030625137034259835	-0.04228762126045672	0.0313397134231666	0.03275635558566945	0.038939308749236144	0.044627959720152134	0.017971392748980408	-0.03647203444029617	0.04398720694071171	0.009086401548636177	-0.012814991012885617	0.01046505273879266	-0.02263193879990501	-0.014734643978514022	-0.01653353380204072	-0.01880776375826766	-0.01498637565625574	0.004713303351722288	0.0033628322539616903	-0.00016164715438385906	0.0	0.0	0.0	0.0	0.0	0.0	0.0	0.0	0.0	0.0	0.0	0.0	0.0	0.0	0.0	0.0	0.0	0.0	0.0
eti97	0.166882130368403	-0.33625476555320516	0.15277620459696895	-0.153528521044307	-0.011149871816402406	-0.03339030124755299	0.003818954838807849	-0.000998652984186048	-0.038044099953565724	-0.010687522153822526	-0.010862669521944965	0.1098687893181826	-0.03936009521608344	0.03703516863406699	0.07650726353798326	0.07181026251277929	-0.06193503590858093	-0.04978980784539239	0.018807540967837127	0.02586360912935558	0.0452218460057378	0.022285465366667007	-0.08291159039564111	0.05544717538721064	-0.005273873689143138	-0.11862838557785693	-0.03239145984096186	-0.05698432394351649	0.0009706176038750585	0.04921248689278757	-0.07533626061752649	-0.005891359833885043	-0.041803030728673585	-0.02573164098825397	-0.01801303797950013	-0.0007135533811847735	-0.007699423682285357	-0.007842046088569215	0.003199373417691112	-0.007345779840428905	0.0009827218909909988	0.0	0.0	0.0	0.0	0.0	0.0	0.0	0.0	0.0	0.0	0.0	0.0	0.0	0.0	0.0	0.0	0.0	0.0	0.0

Biplot	0	0

Site constraints	0	0
